-117.7510 33.4910
-117.7680 33.4840
-117.9050 33.4170
-117.9050 33.4180
-117.9060 33.4160
-117.9060 33.4170
-118.2490 33.2510
-118.2490 33.2520
-118.3870 33.1820
-118.3870 33.1830
-119.1510 32.8100
-119.1510 32.8110
-119.1510 32.8120
-119.3710 33.9920
-119.3710 33.9930
-119.4830 32.6500
-119.4830 32.6510
-119.5570 34.0780
-119.5580 34.0770
-119.5580 34.0780
-119.7170 34.1590
-119.7170 34.1600
-119.9590 32.4180
-119.9600 32.4170
-119.9600 32.4180
-120.0210 34.2760
-120.1260 34.3120
-120.1260 34.3130
-120.2510 31.7770
-120.2520 31.7760
-120.2520 31.7770
-120.2530 31.7760
-120.2540 31.7750
-120.2540 31.7760
-120.2840 34.3810
-120.4920 34.4710
-120.5230 34.4480
-120.5240 34.4480
-120.5790 34.4120
-120.6380 32.0840
-120.6390 32.0830
-120.6390 32.0840
-120.6630 34.3750
-120.8040 34.3160
-120.8050 34.3160
-121.0230 34.2090
-121.0230 34.2100
-121.0240 34.2090
-121.1500 34.1520
-121.1510 34.1510
-121.1520 34.1500
-121.1520 34.1510
-121.2920 35.6310
-121.2920 35.6320
-121.6120 35.4770
-121.6130 35.4760
-121.6140 35.4750
-121.6140 35.4760
-121.8180 36.8090
-121.8440 33.8170
-121.8450 33.8160
-121.8450 33.8170
-121.8460 33.8160
-121.8470 36.7940
-121.8470 36.7950
-121.8710 36.7820
-121.8710 36.7830
-121.9270 36.7580
-121.9630 35.3100
-121.9640 35.3100
-121.9650 35.3090
-121.9650 35.3100
-121.9680 36.7360
-122.3920 37.8240
-122.4160 36.6190
-122.4160 36.6200
-122.4210 37.8460
-122.4210 37.8470
-122.4410 37.8920
-122.4420 37.8920
-122.4440 37.8320
-122.4450 37.8310
-122.5160 37.8100
-122.5330 33.4830
-122.5620 37.7920
-122.5620 37.7930
-122.6330 37.7720
-122.6660 34.9750
-122.6660 34.9760
-122.6670 34.9750
-122.6680 34.9740
-122.6680 34.9750
-122.7820 36.4600
-122.7830 36.4590
-122.7830 36.4600
-122.8150 37.7180
-122.8290 37.9700
-122.8800 37.9430
-122.8810 37.9430
-122.9960 37.8920
-122.9970 37.6570
-122.9970 37.6580
-123.0710 37.8610
-123.1320 36.2870
-123.1330 36.2870
-123.1680 37.8130
-123.3190 37.7490
-123.3200 37.7490
-123.3660 34.6430
-123.3670 34.6420
-123.3670 34.6430
-123.3680 34.6420
-123.3690 34.6420
-123.4870 37.6660
-123.4880 37.6660
-123.7910 38.8950
-123.9070 38.8530
-123.9130 46.1930
-123.9140 46.1930
-123.9300 35.9100
-123.9310 35.9090
-123.9310 35.9100
-124.0030 46.2510
-124.0030 46.2520
-124.0310 46.1310
-124.0870 45.9160
-124.0880 45.9160
-124.0900 38.7790
-124.0900 46.1290
-124.0910 38.7790
-124.0920 38.7790
-124.1010 44.6520
-124.1180 46.2430
-124.1180 46.2440
-124.1190 46.2440
-124.1190 46.2450
-124.1530 41.5980
-124.1760 44.6510
-124.1760 44.6520
-124.2020 44.0000
-124.2030 44.0000
-124.2470 47.1140
-124.2470 47.1150
-124.2690 46.1290
-124.2700 46.1290
-124.2830 41.9980
-124.2970 44.6520
-124.2980 44.6520
-124.3270 41.9930
-124.3810 47.1180
-124.3820 47.1180
-124.3850 40.2450
-124.3860 40.2450
-124.3930 43.9990
-124.3930 44.0000
-124.3940 43.9990
-124.4120 40.2340
-124.4130 40.2340
-124.4140 40.2340
-124.4160 41.9750
-124.4500 40.2190
-124.4510 40.2190
-124.4520 40.2190
-124.4530 40.2180
-124.4540 40.2180
-124.4550 40.2180
-124.4560 40.2180
-124.4570 40.2180
-124.4580 40.2170
-124.4870 47.6380
-124.4920 40.2030
-124.4930 40.2020
-124.4930 40.2030
-124.4940 40.2020
-124.4950 40.2020
-124.4960 40.2020
-124.5020 43.3010
-124.5030 43.3010
-124.5260 46.1280
-124.5260 46.1290
-124.5270 46.1280
-124.5620 41.9460
-124.5620 41.9470
-124.6000 44.0010
-124.6010 44.0010
-124.6020 41.9410
-124.6020 41.9420
-124.6030 41.9420
-124.6040 41.9420
-124.6450 47.1160
-124.6530 44.6530
-124.6540 44.6530
-124.6550 44.6530
-124.6560 44.6530
-124.6690 46.1280
-124.6700 46.1270
-124.6700 46.1280
-124.6710 46.1270
-124.6720 46.1260
-124.6720 46.1270
-124.6730 46.1260
-124.7150 40.1000
-124.7160 40.1000
-124.7170 40.1000
-124.7460 47.9460
-124.7770 44.6510
-124.7910 48.3700
-124.7940 41.8990
-124.7950 41.8990
-124.7960 41.8980
-124.7960 41.8990
-124.8010 44.0010
-124.8020 44.0010
-124.8240 47.1130
-124.8830 44.6520
-124.8840 44.6520
-124.9060 46.1290
-124.9070 46.1290
-124.9070 47.9540
-124.9080 46.1290
-124.9080 46.1300
-124.9090 46.1300
-124.9380 40.0030
-124.9390 40.0030
-124.9490 48.3700
-124.9500 48.3700
-124.9820 47.1150
-125.0010 44.0000
-125.0020 44.0000
-125.0500 41.8450
-125.0510 41.8450
-125.0520 41.8450
-125.0530 41.8450
-125.0540 47.1150
-125.0540 47.1160
-125.0550 47.1150
-125.0560 47.1150
-125.0570 47.1140
-125.1050 43.9990
-125.1060 43.9990
-125.1070 43.9990
-125.1080 43.9990
-125.1200 44.6530
-125.1210 44.6530
-125.1220 44.6520
-125.1220 44.6530
-125.1230 44.6520
-125.1740 48.1310
-125.1750 48.1310
-125.1890 46.1270
-125.1890 46.1280
-125.1900 46.1260
-125.1900 46.1270
-125.1910 46.1260
-125.1970 47.1160
-125.1980 47.1150
-125.1980 47.1160
-125.2000 39.8920
-125.2000 39.8930
-125.2010 39.8920
-125.2200 48.3610
-125.2200 48.3620
-125.3330 47.9590
-125.3330 47.9610
-125.3340 47.9600
-125.3650 44.6510
-125.3660 44.6510
-125.3670 44.6500
-125.3670 44.6510
-125.3680 44.6500
-125.4250 48.8650
-125.4640 48.8400
-125.4640 48.8410
-125.5170 48.8100
-125.5170 48.8110
-125.5750 48.7800
-125.5750 48.7810
-125.5760 47.6800
-125.5770 47.6800
-125.5780 47.6800
-125.5790 47.6800
-125.6570 41.7170
-125.6580 41.7170
-125.6590 41.7170
-125.6770 48.7180
-125.6770 48.7190
-125.7820 48.6580
-125.9960 48.5360
-125.9960 48.5370
-126.0850 47.1180
-126.0860 47.1180
-126.0870 47.1180
-126.2270 48.4320
-126.2270 48.4330
-126.2280 48.4320
-126.3070 48.3560
-126.5880 48.1850
-126.5890 48.1850
-126.5900 48.1850
-126.5910 48.1850
-126.5920 48.1850
-126.5930 48.1850
-126.5950 48.1850
-126.5960 48.1850
-129.0510 52.3980
-129.0510 52.3990
-129.0520 52.3980
-129.4020 52.2480
-129.4020 52.2490
-129.4030 52.2480
-129.9710 52.0170
-129.9710 52.0180
-130.3710 51.8300
-130.3720 51.8300
-130.3730 51.8300
-130.3740 51.8300
-130.6420 51.7110
-130.6440 51.7120
-130.6440 51.7130
-130.6440 51.7160
-130.6450 51.7140
-130.6450 51.7150
-130.6450 51.7160
-130.8460 51.4560
-130.8460 51.4570
-130.8460 51.4580
-130.8470 51.4560
