* Sea-Bird SBE 9 Data:
* Software Version Seasave V 7.26.7.107
* Vessel: NOAA Ship Ronald H. Brown
* Cruise: RB2102, West Coast Ocean Acidification (WCOA) 2021
* Dates: 20210622 to 20210723
* Region: NE Pacific, USA West Coast
* Ports: San Diego, CA to Port Angeles, WA to San Diego, CA
* Chief Scientists: R. Feely, NOAA PMEL; D. Greeley, NOAA PMEL; B. Carter, NOAA PMEL / UW CICOES
* Contacts: R. Feely, richard.a.feely@noaa.gov; D. Greeley, dana.greeley@noaa.gov; B. Carter, brendan.carter@noaa.gov
* Station: 131
* Cast: 1
* Cast Date-Time [GMT]: 22-Jul-2021 10:05:15
* Longitude: -119.9589 W
* Latitude: 32.4181 N
* Water Depth [m]: 891.1
**********
* Column  1: Pressure [decibar]
* Column  2: Depth [m]
* Column  3: Temperature ITS-90 [degree C]
* Column  4: Salinity PSS-78 [psu]
* Column  5: Sigma-theta EOS-80 [kg/m^3 - 1000]
* Column  6: Oxygen [ml/L]
* Column  7: Oxygen [umol/kg]
* Column  8: Fluorescence [volts]
* Column  9: Oxygen Reduction Potential [mV]
* Column 10: Altimeter [m]
**********
*END*
   3.00	   2.98	17.2053	33.6038	24.3944	 5.82	253.70	0.096	  150.68	 15.21
   4.00	   3.97	17.2034	33.6048	24.3957	 5.85	254.86	0.095	  150.44	 97.70
   5.00	   4.96	17.2062	33.6054	24.3955	 5.87	255.78	0.097	  149.52	 99.70
   6.00	   5.96	17.2058	33.6053	24.3956	 5.86	255.56	0.096	  149.54	 99.71
   7.00	   6.95	17.2065	33.6054	24.3956	 5.87	256.04	0.097	  149.48	 99.71
   8.00	   7.94	17.2067	33.6053	24.3955	 5.88	256.18	0.096	  149.48	 99.70
   9.00	   8.94	17.2061	33.6054	24.3957	 5.87	256.12	0.092	  149.47	 99.71
  10.00	   9.93	17.2068	33.6054	24.3956	 5.87	255.83	0.098	  149.51	 99.71
  11.00	  10.92	17.2063	33.6053	24.3957	 5.87	255.92	0.094	  149.43	 99.71
  12.00	  11.92	17.2045	33.6049	24.3959	 5.87	255.95	0.095	  149.43	 99.71
  13.00	  12.91	17.2051	33.6051	24.3959	 5.88	256.14	0.095	  149.38	 99.71
  14.00	  13.90	17.2053	33.6051	24.3958	 5.88	256.30	0.094	  149.42	 99.71
  15.00	  14.89	17.2038	33.6048	24.3960	 5.88	256.37	0.096	  149.33	 99.71
  16.00	  15.89	17.1950	33.6029	24.3967	 5.89	256.69	0.093	  149.33	 99.71
  17.00	  16.88	17.1759	33.6004	24.3994	 5.89	256.73	0.095	  149.29	 99.71
  18.00	  17.87	17.1763	33.6004	24.3993	 5.89	256.85	0.096	  149.19	 98.62
  19.00	  18.87	17.1778	33.6007	24.3992	 5.89	256.58	0.095	  149.18	 99.74
  20.00	  19.86	17.1815	33.6013	24.3989	 5.88	256.46	0.094	  149.18	 99.71
  21.00	  20.85	17.1723	33.5980	24.3985	 5.89	256.95	0.095	  149.14	 99.71
  22.00	  21.84	17.1414	33.5934	24.4023	 5.90	257.10	0.093	  149.20	 99.71
  23.00	  22.84	17.1193	33.5911	24.4058	 5.87	255.96	0.098	  149.12	 99.71
  24.00	  23.83	17.0877	33.5850	24.4087	 5.85	255.16	0.093	  149.10	 99.71
  25.00	  24.82	16.9319	33.5575	24.4243	 5.89	256.62	0.092	  149.09	 99.71
  26.00	  25.82	16.3195	33.4753	24.5032	 5.89	256.62	0.099	  149.16	 99.72
  27.00	  26.81	15.1910	33.3188	24.6354	 5.98	260.66	0.098	  149.42	 99.73
  28.00	  27.80	14.5543	33.2752	24.7390	 6.08	264.96	0.093	  149.66	 99.71
  29.00	  28.79	14.2845	33.2792	24.7990	 6.10	266.05	0.098	  149.63	 99.74
  30.00	  29.79	14.1779	33.2785	24.8208	 6.11	266.27	0.097	  149.62	 99.75
  31.00	  30.78	14.1280	33.2815	24.8336	 6.12	266.61	0.094	  149.71	 99.73
  32.00	  31.77	14.1079	33.2813	24.8377	 6.11	266.34	0.096	  149.66	 99.71
  33.00	  32.77	14.0416	33.2838	24.8534	 6.09	265.56	0.100	  149.64	 99.68
  34.00	  33.76	14.0149	33.2834	24.8587	 6.09	265.39	0.097	  149.69	 99.68
  35.00	  34.75	13.9816	33.2851	24.8669	 6.09	265.40	0.092	  149.68	 99.67
  36.00	  35.74	13.9388	33.2903	24.8798	 6.08	264.97	0.097	  149.72	 99.66
  37.00	  36.74	13.9192	33.3166	24.9042	 6.08	264.93	0.090	  149.68	 99.66
  38.00	  37.73	13.9498	33.3323	24.9100	 6.09	265.24	0.086	  149.70	 99.66
  39.00	  38.72	13.9596	33.3429	24.9162	 6.07	264.45	0.094	  149.67	 96.91
  40.00	  39.72	13.9225	33.3641	24.9403	 6.05	263.51	0.086	  149.73	 99.60
  41.00	  40.71	13.8916	33.3749	24.9551	 6.02	262.37	0.085	  149.71	 99.64
  42.00	  41.70	13.8198	33.3716	24.9673	 5.99	261.00	0.087	  149.78	 99.64
  43.00	  42.69	13.7620	33.3686	24.9769	 5.99	260.89	0.079	  149.75	 99.64
  44.00	  43.69	13.7275	33.3716	24.9863	 5.98	260.47	0.083	  149.77	 99.63
  45.00	  44.68	13.7063	33.3833	24.9997	 5.95	259.22	0.082	  149.79	 99.62
  46.00	  45.67	13.6395	33.3807	25.0113	 5.91	257.66	0.082	  149.77	 99.61
  47.00	  46.67	13.5395	33.3693	25.0229	 5.90	257.14	0.079	  149.78	 99.61
  48.00	  47.66	13.4124	33.3514	25.0348	 5.89	256.76	0.079	  149.78	 99.60
  49.00	  48.65	13.2795	33.3283	25.0437	 5.85	254.69	0.079	  149.74	 99.58
  50.00	  49.64	13.1805	33.3188	25.0561	 5.83	254.16	0.075	  149.79	 99.57
  51.00	  50.64	13.1067	33.3113	25.0651	 5.81	253.17	0.073	  149.79	 99.56
  52.00	  51.63	13.0330	33.3039	25.0739	 5.76	250.87	0.074	  149.76	 99.55
  53.00	  52.62	12.8518	33.2837	25.0940	 5.76	250.96	0.070	  149.75	 99.54
  54.00	  53.61	12.9369	33.3494	25.1282	 5.72	249.16	0.069	  149.80	 99.53
  55.00	  54.61	12.9275	33.3524	25.1325	 5.64	245.57	0.069	  149.80	 99.51
  56.00	  55.60	12.7782	33.3241	25.1398	 5.54	241.24	0.067	  149.77	 99.50
  57.00	  56.59	12.3462	33.2777	25.1874	 5.54	241.22	0.063	  149.90	 99.48
  58.00	  57.59	12.1798	33.2672	25.2109	 5.50	239.38	0.061	  149.93	 99.46
  59.00	  58.58	12.1595	33.2906	25.2330	 5.46	237.74	0.059	  149.92	 99.45
  60.00	  59.57	12.0982	33.2886	25.2430	 5.46	237.68	0.056	  149.90	 96.51
  61.00	  60.56	12.0444	33.2867	25.2517	 5.43	236.44	0.056	  149.93	 99.55
  62.00	  61.56	11.9684	33.2831	25.2632	 5.37	233.72	0.057	  149.93	 99.40
  63.00	  62.55	11.9033	33.2796	25.2727	 5.33	232.24	0.054	  149.90	 99.40
  64.00	  63.54	11.8024	33.2831	25.2943	 5.31	231.15	0.054	  149.92	 99.39
  65.00	  64.53	11.7537	33.2936	25.3114	 5.25	228.77	0.055	  149.91	 97.35
  66.00	  65.53	11.6163	33.3056	25.3462	 5.22	227.37	0.054	  149.93	 99.35
  67.00	  66.52	11.6061	33.3097	25.3512	 5.19	226.25	0.053	  149.92	 99.37
  68.00	  67.51	11.5614	33.3100	25.3597	 5.17	225.12	0.052	  149.91	 99.35
  69.00	  68.51	11.4779	33.3030	25.3695	 5.15	224.48	0.053	  149.91	 99.35
  70.00	  69.50	11.4327	33.2958	25.3722	 5.09	221.59	0.055	  149.87	 99.34
  71.00	  70.49	11.2071	33.2789	25.3999	 5.05	219.99	0.052	  149.85	 99.34
  72.00	  71.48	11.1623	33.2880	25.4151	 5.05	219.93	0.051	  149.88	 99.34
  73.00	  72.48	11.1544	33.2908	25.4187	 5.05	219.82	0.051	  149.90	 99.33
  74.00	  73.47	11.1551	33.2930	25.4203	 5.04	219.33	0.052	  149.93	 99.32
  75.00	  74.46	11.1471	33.2934	25.4221	 5.02	218.48	0.052	  149.85	 99.32
  76.00	  75.45	11.1185	33.2957	25.4290	 5.02	218.43	0.050	  149.93	 99.32
  77.00	  76.45	11.1019	33.2970	25.4330	 5.01	218.04	0.050	  149.82	 99.32
  78.00	  77.44	11.0752	33.2941	25.4356	 4.94	215.27	0.053	  149.73	 99.32
  79.00	  78.43	11.0485	33.2912	25.4381	 4.87	211.89	0.051	  149.79	 99.32
  80.00	  79.42	10.9683	33.3179	25.4731	 4.87	212.08	0.050	  149.84	 99.32
  81.00	  80.42	10.8813	33.3406	25.5062	 4.87	212.05	0.049	  149.84	 99.32
  82.00	  81.41	10.8287	33.3481	25.5213	 4.82	209.75	0.051	  149.78	 99.31
  83.00	  82.40	10.7761	33.3556	25.5365	 4.77	207.62	0.047	  149.82	 99.31
  84.00	  83.39	10.7286	33.3641	25.5514	 4.75	206.83	0.046	  149.79	 99.31
  85.00	  84.39	10.7073	33.3673	25.5577	 4.69	204.31	0.048	  149.77	 99.30
  86.00	  85.38	10.6490	33.3756	25.5744	 4.64	201.84	0.046	  149.79	 99.30
  87.00	  86.37	10.5740	33.3976	25.6046	 4.57	199.16	0.046	  149.77	 99.30
  88.00	  87.37	10.5194	33.4215	25.6326	 4.52	196.81	0.046	  149.76	 99.31
  89.00	  88.36	10.4996	33.4312	25.6437	 4.49	195.72	0.044	  149.80	 99.31
  90.00	  89.35	10.4810	33.4421	25.6554	 4.48	194.88	0.044	  149.80	 99.32
  91.00	  90.34	10.4817	33.4462	25.6585	 4.45	193.61	0.044	  149.72	 99.32
  92.00	  91.34	10.4714	33.4528	25.6654	 4.42	192.25	0.043	  149.75	 99.32
  93.00	  92.33	10.4512	33.4602	25.6747	 4.39	191.11	0.043	  149.70	 99.32
  94.00	  93.32	10.4462	33.4815	25.6922	 4.38	190.51	0.043	  149.71	 99.32
  95.00	  94.31	10.4585	33.4858	25.6935	 4.33	188.35	0.043	  149.67	 99.32
  96.00	  95.31	10.4668	33.5134	25.7135	 4.29	186.76	0.043	  149.68	 99.32
  97.00	  96.30	10.4671	33.5195	25.7183	 4.28	186.28	0.042	  149.66	 99.32
  98.00	  97.29	10.4652	33.5268	25.7243	 4.26	185.27	0.042	  149.61	 99.33
  99.00	  98.28	10.4386	33.5288	25.7305	 4.22	183.69	0.042	  149.61	 99.34
 100.00	  99.28	10.3972	33.5363	25.7435	 4.17	181.46	0.042	  149.62	 99.34
 101.00	 100.27	10.3707	33.5676	25.7724	 4.09	177.99	0.042	  149.61	 99.34
 102.00	 101.26	10.3460	33.5981	25.8005	 4.04	175.97	0.042	  149.63	 99.34
 103.00	 102.25	10.3313	33.6097	25.8121	 4.01	174.53	0.042	  149.60	 99.36
 104.00	 103.25	10.3165	33.6190	25.8219	 3.97	172.85	0.041	  149.55	 99.37
 105.00	 104.24	10.3097	33.6221	25.8255	 3.94	171.64	0.040	  149.57	 99.37
 106.00	 105.23	10.2975	33.6266	25.8312	 3.93	170.90	0.040	  149.53	 99.37
 107.00	 106.22	10.2782	33.6315	25.8383	 3.91	170.40	0.040	  149.59	 99.37
 108.00	 107.22	10.2570	33.6363	25.8457	 3.90	169.81	0.041	  149.53	 99.37
 109.00	 108.21	10.2254	33.6426	25.8560	 3.87	168.53	0.040	  149.59	 99.38
 110.00	 109.20	10.1837	33.6473	25.8668	 3.83	166.73	0.040	  149.54	 99.39
 111.00	 110.19	10.1274	33.6568	25.8838	 3.79	164.91	0.040	  149.56	 99.39
 112.00	 111.19	10.0799	33.6637	25.8972	 3.74	162.92	0.040	  149.51	 99.39
 113.00	 112.18	 9.9817	33.6817	25.9278	 3.72	162.04	0.040	  149.64	 99.39
 114.00	 113.17	 9.9465	33.6880	25.9386	 3.71	161.46	0.041	  149.56	 99.39
 115.00	 114.16	 9.9271	33.6892	25.9429	 3.70	161.12	0.040	  149.54	 99.40
 116.00	 115.16	 9.9112	33.6913	25.9472	 3.70	160.86	0.040	  149.57	 99.41
 117.00	 116.15	 9.8900	33.6951	25.9538	 3.68	160.34	0.040	  149.55	 99.41
 118.00	 117.14	 9.8762	33.6972	25.9577	 3.66	159.12	0.040	  149.56	 99.42
 119.00	 118.13	 9.8451	33.6984	25.9639	 3.63	158.02	0.040	  149.58	 99.42
 120.00	 119.13	 9.8189	33.7063	25.9744	 3.62	157.38	0.040	  149.57	 99.42
 121.00	 120.12	 9.8125	33.7097	25.9782	 3.60	156.85	0.040	  149.50	 99.42
 122.00	 121.11	 9.7904	33.7141	25.9853	 3.60	156.58	0.040	  149.56	 99.43
 123.00	 122.10	 9.7742	33.7200	25.9926	 3.59	156.39	0.040	  149.57	 99.43
 124.00	 123.09	 9.7739	33.7222	25.9944	 3.57	155.23	0.040	  149.53	 99.44
 125.00	 124.09	 9.7657	33.7294	26.0014	 3.51	152.63	0.040	  149.43	 99.44
 126.00	 125.08	 9.7576	33.7382	26.0096	 3.43	149.34	0.041	  149.42	 99.44
 127.00	 126.07	 9.7491	33.7437	26.0154	 3.37	146.66	0.040	  149.54	 99.44
 128.00	 127.06	 9.7315	33.7521	26.0249	 3.33	144.97	0.039	  149.50	 99.44
 129.00	 128.06	 9.7069	33.7686	26.0418	 3.33	145.02	0.039	  149.54	 99.44
 130.00	 129.05	 9.6128	33.8048	26.0856	 3.34	145.38	0.040	  149.59	 99.45
 131.00	 130.04	 9.5778	33.8119	26.0969	 3.28	142.55	0.040	  149.48	 99.49
 132.00	 131.03	 9.5429	33.8189	26.1082	 3.19	138.86	0.040	  149.48	 99.49
 133.00	 132.03	 9.5142	33.8234	26.1164	 3.17	137.78	0.040	  149.56	 99.49
 134.00	 133.02	 9.4707	33.8400	26.1365	 3.15	136.88	0.040	  149.57	 99.49
 135.00	 134.01	 9.4558	33.8518	26.1481	 3.14	136.47	0.040	  149.58	 99.49
 136.00	 135.00	 9.4459	33.8576	26.1543	 3.12	135.68	0.041	  149.58	 99.51
 137.00	 136.00	 9.4462	33.8581	26.1547	 3.08	133.86	0.040	  149.54	 99.54
 138.00	 136.99	 9.4250	33.8664	26.1646	 3.05	132.81	0.040	  149.53	 99.54
 139.00	 137.98	 9.4060	33.8713	26.1715	 3.04	132.11	0.041	  149.49	 99.54
 140.00	 138.97	 9.3927	33.8771	26.1783	 3.02	131.45	0.040	  149.52	 99.54
 141.00	 139.96	 9.3795	33.8804	26.1831	 3.00	130.76	0.040	  149.59	 99.54
 142.00	 140.96	 9.3513	33.8842	26.1906	 3.00	130.44	0.040	  149.53	 99.54
 143.00	 141.95	 9.3197	33.8938	26.2032	 2.98	129.64	0.040	  149.54	 99.55
 144.00	 142.94	 9.3032	33.9009	26.2114	 2.92	127.01	0.040	  149.48	 99.56
 145.00	 143.93	 9.2756	33.9128	26.2253	 2.90	126.29	0.040	  149.56	 99.56
 146.00	 144.93	 9.2604	33.9142	26.2288	 2.90	126.21	0.040	  149.57	 99.56
 147.00	 145.92	 9.2531	33.9165	26.2318	 2.90	126.05	0.039	  149.50	 99.56
 148.00	 146.91	 9.2494	33.9179	26.2335	 2.89	125.75	0.039	  149.49	 99.57
 149.00	 147.90	 9.2439	33.9197	26.2358	 2.91	126.62	0.041	  149.45	 99.58
 150.00	 148.90	 9.2107	33.9194	26.2409	 2.99	130.04	0.040	  149.46	 99.58
 151.00	 149.89	 9.1435	33.9146	26.2480	 3.00	130.52	0.040	  149.46	 99.58
 152.00	 150.88	 9.0534	33.9158	26.2633	 2.94	127.83	0.040	  149.40	 99.58
 153.00	 151.87	 9.0404	33.9331	26.2789	 2.84	123.61	0.040	  149.42	 99.58
 154.00	 152.86	 9.0709	33.9560	26.2920	 2.77	120.50	0.040	  149.47	 99.56
 155.00	 153.86	 9.0689	33.9633	26.2980	 2.72	118.27	0.040	  149.44	 99.57
 156.00	 154.85	 9.0596	33.9662	26.3018	 2.68	116.56	0.040	  149.44	 99.59
 157.00	 155.84	 9.0583	33.9711	26.3058	 2.66	115.91	0.041	  149.46	 99.61
 158.00	 156.83	 9.0515	33.9720	26.3077	 2.66	115.53	0.040	  149.46	 99.61
 159.00	 157.83	 9.0413	33.9742	26.3110	 2.64	115.08	0.040	  149.48	 99.61
 160.00	 158.82	 9.0345	33.9759	26.3135	 2.63	114.52	0.040	  149.44	 99.62
 161.00	 159.81	 9.0233	33.9783	26.3171	 2.66	115.57	0.041	  149.48	 99.63
 162.00	 160.80	 8.9833	33.9778	26.3231	 2.73	118.81	0.040	  149.42	 99.63
 163.00	 161.79	 8.9115	33.9691	26.3276	 2.78	120.96	0.040	  149.44	 99.63
 164.00	 162.79	 8.8837	33.9690	26.3319	 2.80	121.88	0.040	  149.46	 99.63
 165.00	 163.78	 8.8650	33.9683	26.3343	 2.81	122.14	0.040	  149.41	 99.62
 166.00	 164.77	 8.8514	33.9682	26.3364	 2.75	119.70	0.040	  149.36	 99.61
 167.00	 165.76	 8.8522	33.9788	26.3446	 2.67	116.21	0.040	  149.38	 99.61
 168.00	 166.76	 8.8871	33.9906	26.3483	 2.63	114.44	0.041	  149.36	 99.60
 169.00	 167.75	 8.8903	33.9942	26.3507	 2.58	112.46	0.040	  149.38	 99.61
 170.00	 168.74	 8.8881	33.9944	26.3512	 2.53	110.04	0.040	  149.35	 99.63
 171.00	 169.73	 8.9017	34.0017	26.3548	 2.48	108.09	0.040	  149.36	 99.63
 172.00	 170.72	 8.9129	34.0082	26.3582	 2.45	106.77	0.040	  149.36	 99.63
 173.00	 171.72	 8.9113	34.0115	26.3610	 2.43	105.63	0.040	  149.38	 99.63
 174.00	 172.71	 8.9086	34.0139	26.3633	 2.40	104.46	0.040	  149.32	 99.65
 175.00	 173.70	 8.9060	34.0164	26.3657	 2.38	103.42	0.041	  149.36	 99.66
 176.00	 174.69	 8.9047	34.0182	26.3674	 2.35	102.31	0.040	  149.37	 99.67
 177.00	 175.69	 8.9014	34.0200	26.3693	 2.32	101.01	0.040	  149.41	 99.67
 178.00	 176.68	 8.8944	34.0251	26.3744	 2.31	100.43	0.040	  149.34	 99.68
 179.00	 177.67	 8.8912	34.0273	26.3766	 2.30	100.01	0.040	  149.31	 99.68
 180.00	 178.66	 8.8887	34.0287	26.3782	 2.28	 99.42	0.040	  149.34	 99.68
 181.00	 179.65	 8.8863	34.0290	26.3788	 2.27	 98.94	0.040	  149.35	 99.68
 182.00	 180.65	 8.8840	34.0285	26.3788	 2.26	 98.17	0.040	  149.31	 99.69
 183.00	 181.64	 8.8736	34.0319	26.3831	 2.25	 97.69	0.040	  149.34	 99.69
 184.00	 182.63	 8.8555	34.0373	26.3902	 2.24	 97.38	0.040	  149.33	 99.70
 185.00	 183.62	 8.8474	34.0394	26.3931	 2.23	 97.08	0.041	  149.29	 99.70
 186.00	 184.61	 8.8440	34.0402	26.3943	 2.23	 96.81	0.040	  149.26	 99.71
 187.00	 185.61	 8.8432	34.0405	26.3947	 2.22	 96.79	0.040	  149.29	 99.71
 188.00	 186.60	 8.8340	34.0411	26.3966	 2.22	 96.67	0.040	  149.26	 99.71
 189.00	 187.59	 8.8293	34.0422	26.3982	 2.23	 96.97	0.040	  149.26	 99.71
 190.00	 188.58	 8.8155	34.0413	26.3997	 2.25	 97.91	0.040	  149.28	 99.71
 191.00	 189.57	 8.7912	34.0389	26.4016	 2.25	 97.91	0.040	  149.29	 99.71
 192.00	 190.57	 8.7772	34.0394	26.4042	 2.23	 97.22	0.040	  149.23	 99.71
 193.00	 191.56	 8.7748	34.0446	26.4086	 2.24	 97.56	0.040	  149.25	 99.71
 194.00	 192.55	 8.7321	34.0433	26.4143	 2.29	 99.81	0.040	  149.20	 99.71
 195.00	 193.54	 8.6959	34.0367	26.4148	 2.36	102.59	0.040	  149.21	 99.71
 196.00	 194.54	 8.6481	34.0297	26.4167	 2.38	103.67	0.040	  149.21	 99.71
 197.00	 195.53	 8.6318	34.0303	26.4197	 2.39	104.20	0.040	  149.19	 99.71
 198.00	 196.52	 8.6380	34.0309	26.4192	 2.42	105.43	0.040	  149.19	 99.69
 199.00	 197.51	 8.6197	34.0275	26.4194	 2.48	108.05	0.040	  149.13	 99.68
 200.00	 198.50	 8.5536	34.0190	26.4230	 2.55	110.85	0.040	  149.12	 99.68
 201.00	 199.50	 8.5247	34.0176	26.4263	 2.56	111.55	0.040	  149.08	 99.67
 202.00	 200.49	 8.5165	34.0181	26.4279	 2.56	111.57	0.040	  149.05	 99.66
 203.00	 201.48	 8.5051	34.0184	26.4299	 2.55	111.10	0.040	  149.01	 99.66
 204.00	 202.47	 8.4955	34.0208	26.4333	 2.53	109.97	0.039	  149.04	 99.65
 205.00	 203.46	 8.4968	34.0264	26.4375	 2.51	109.18	0.040	  149.08	 99.66
 206.00	 204.46	 8.4975	34.0277	26.4385	 2.51	109.09	0.040	  149.01	 99.66
 207.00	 205.45	 8.4841	34.0276	26.4405	 2.51	109.29	0.040	  148.97	 99.66
 208.00	 206.44	 8.4752	34.0266	26.4411	 2.50	108.65	0.040	  148.99	 99.66
 209.00	 207.43	 8.4646	34.0252	26.4416	 2.43	105.69	0.040	  148.98	 99.66
 210.00	 208.42	 8.4724	34.0349	26.4480	 2.34	102.00	0.040	  148.97	 99.66
 211.00	 209.42	 8.4992	34.0496	26.4554	 2.30	 99.88	0.040	  149.00	 99.66
 212.00	 210.41	 8.5161	34.0545	26.4567	 2.25	 98.08	0.040	  149.04	 99.66
 213.00	 211.40	 8.5234	34.0574	26.4579	 2.20	 95.75	0.040	  149.00	 99.68
 214.00	 212.39	 8.5514	34.0666	26.4609	 2.08	 90.64	0.040	  149.05	 99.70
 215.00	 213.38	 8.5718	34.0753	26.4646	 1.95	 84.63	0.040	  149.08	 99.71
 216.00	 214.38	 8.6163	34.0929	26.4715	 1.88	 81.86	0.041	  149.06	 99.72
 217.00	 215.37	 8.6601	34.1007	26.4708	 1.86	 80.89	0.041	  149.04	 99.72
 218.00	 216.36	 8.6715	34.1022	26.4703	 1.85	 80.28	0.040	  149.03	 99.73
 219.00	 217.35	 8.6627	34.1018	26.4714	 1.83	 79.79	0.040	  149.04	 99.74
 220.00	 218.34	 8.6379	34.0994	26.4733	 1.81	 78.92	0.040	  149.05	 99.77
 221.00	 219.34	 8.6312	34.1018	26.4763	 1.78	 77.47	0.040	  149.01	 99.78
 222.00	 220.33	 8.6467	34.1064	26.4775	 1.76	 76.40	0.040	  149.04	 99.78
 223.00	 221.32	 8.6474	34.1083	26.4789	 1.77	 77.20	0.040	  149.02	 99.78
 224.00	 222.31	 8.6042	34.1013	26.4801	 1.80	 78.32	0.041	  149.03	 99.78
 225.00	 223.30	 8.5412	34.0973	26.4867	 1.82	 79.30	0.040	  149.09	 99.78
 226.00	 224.29	 8.5237	34.0948	26.4874	 1.84	 80.09	0.040	  149.05	 99.78
 227.00	 225.29	 8.4927	34.0917	26.4897	 1.85	 80.68	0.040	  149.00	 99.78
 228.00	 226.28	 8.4726	34.0906	26.4920	 1.84	 80.11	0.040	  149.02	 99.78
 229.00	 227.27	 8.4706	34.0917	26.4931	 1.80	 78.19	0.040	  148.95	 99.77
 230.00	 228.26	 8.4792	34.0974	26.4963	 1.77	 77.10	0.040	  149.03	 99.77
 231.00	 229.25	 8.4918	34.1030	26.4988	 1.75	 76.28	0.040	  148.99	 99.78
 232.00	 230.25	 8.4877	34.1044	26.5006	 1.74	 75.63	0.040	  148.99	 99.78
 233.00	 231.24	 8.4854	34.1074	26.5033	 1.72	 74.91	0.040	  149.02	 99.78
 234.00	 232.23	 8.4914	34.1108	26.5050	 1.68	 73.06	0.041	  148.98	 99.78
 235.00	 233.22	 8.4712	34.1128	26.5097	 1.66	 72.35	0.040	  149.00	 99.79
 236.00	 234.21	 8.4513	34.1138	26.5135	 1.66	 72.33	0.041	  149.01	 99.79
 237.00	 235.21	 8.4464	34.1128	26.5135	 1.66	 72.39	0.041	  149.00	 99.80
 238.00	 236.20	 8.4400	34.1123	26.5141	 1.67	 72.54	0.040	  149.00	 99.80
 239.00	 237.19	 8.4244	34.1109	26.5154	 1.67	 72.55	0.040	  148.99	 99.80
 240.00	 238.18	 8.4178	34.1110	26.5165	 1.67	 72.56	0.040	  148.96	 99.80
 241.00	 239.17	 8.4153	34.1112	26.5171	 1.66	 72.40	0.040	  148.99	 99.80
 242.00	 240.16	 8.4130	34.1115	26.5177	 1.65	 71.61	0.040	  148.97	 99.80
 243.00	 241.16	 8.4065	34.1105	26.5179	 1.62	 70.28	0.040	  149.01	 99.80
 244.00	 242.15	 8.3655	34.1141	26.5270	 1.60	 69.68	0.040	  148.99	 99.80
 245.00	 243.14	 8.3510	34.1192	26.5332	 1.59	 69.30	0.040	  149.01	 99.80
 246.00	 244.13	 8.3487	34.1198	26.5340	 1.58	 68.95	0.040	  148.97	 99.80
 247.00	 245.12	 8.3460	34.1207	26.5351	 1.57	 68.36	0.040	  149.00	 99.80
 248.00	 246.12	 8.3305	34.1209	26.5376	 1.55	 67.58	0.041	  148.94	 99.81
 249.00	 247.11	 8.3073	34.1216	26.5417	 1.53	 66.36	0.040	  148.93	 99.82
 250.00	 248.10	 8.2903	34.1229	26.5454	 1.50	 65.17	0.040	  148.98	 99.82
 251.00	 249.09	 8.2802	34.1284	26.5512	 1.48	 64.35	0.041	  148.99	 99.82
 252.00	 250.08	 8.2453	34.1315	26.5589	 1.47	 63.77	0.040	  148.98	 99.83
 253.00	 251.07	 8.2363	34.1338	26.5620	 1.46	 63.42	0.040	  148.97	 99.83
 254.00	 252.07	 8.2261	34.1346	26.5643	 1.45	 63.10	0.041	  148.97	 99.83
 255.00	 253.06	 8.2166	34.1355	26.5664	 1.44	 62.51	0.040	  149.01	 99.83
 256.00	 254.05	 8.2104	34.1358	26.5676	 1.43	 62.41	0.041	  148.95	 99.83
 257.00	 255.04	 8.2056	34.1365	26.5689	 1.43	 62.27	0.041	  148.99	 99.83
 258.00	 256.03	 8.2024	34.1370	26.5698	 1.43	 62.23	0.040	  148.96	 99.83
 259.00	 257.03	 8.1977	34.1375	26.5709	 1.42	 61.96	0.040	  148.95	 99.84
 260.00	 258.02	 8.1961	34.1378	26.5714	 1.42	 61.82	0.040	  148.97	 99.83
 261.00	 259.01	 8.1953	34.1382	26.5718	 1.42	 61.75	0.041	  148.97	 99.84
 262.00	 260.00	 8.1948	34.1384	26.5720	 1.42	 61.66	0.040	  148.95	 99.84
 263.00	 260.99	 8.1922	34.1384	26.5725	 1.42	 61.57	0.040	  148.92	 99.84
 264.00	 261.98	 8.1889	34.1387	26.5732	 1.41	 61.40	0.040	  148.89	 99.84
 265.00	 262.98	 8.1832	34.1393	26.5745	 1.40	 60.87	0.040	  148.91	 99.84
 266.00	 263.97	 8.1760	34.1401	26.5763	 1.38	 59.88	0.040	  148.91	 99.84
 267.00	 264.96	 8.1698	34.1409	26.5779	 1.35	 58.57	0.040	  148.94	 99.84
 268.00	 265.95	 8.1546	34.1445	26.5830	 1.32	 57.35	0.042	  148.93	 99.84
 269.00	 266.94	 8.1122	34.1510	26.5944	 1.30	 56.40	0.041	  148.90	 99.84
 270.00	 267.93	 8.0741	34.1569	26.6047	 1.28	 55.48	0.040	  148.93	 99.85
 271.00	 268.93	 8.0535	34.1593	26.6097	 1.26	 54.65	0.040	  148.97	 99.85
 272.00	 269.92	 8.0410	34.1603	26.6124	 1.24	 54.00	0.040	  148.95	 99.85
 273.00	 270.91	 8.0403	34.1625	26.6142	 1.23	 53.46	0.041	  148.96	 99.85
 274.00	 271.90	 8.0399	34.1640	26.6154	 1.22	 53.06	0.040	  148.99	 99.86
 275.00	 272.89	 8.0407	34.1652	26.6163	 1.21	 52.76	0.040	  148.88	 99.87
 276.00	 273.88	 8.0415	34.1665	26.6172	 1.21	 52.51	0.040	  148.94	 99.86
 277.00	 274.88	 8.0425	34.1675	26.6179	 1.20	 52.33	0.040	  148.99	 99.87
 278.00	 275.87	 8.0429	34.1680	26.6182	 1.20	 52.19	0.041	  148.93	 99.87
 279.00	 276.86	 8.0423	34.1687	26.6188	 1.20	 52.06	0.041	  148.94	 99.88
 280.00	 277.85	 8.0423	34.1689	26.6190	 1.20	 51.99	0.040	  148.95	 99.87
 281.00	 278.84	 8.0424	34.1690	26.6191	 1.19	 51.82	0.041	  148.90	 99.88
 282.00	 279.83	 8.0425	34.1694	26.6194	 1.19	 51.64	0.040	  148.94	 99.88
 283.00	 280.83	 8.0424	34.1701	26.6200	 1.18	 51.32	0.040	  148.91	 99.88
 284.00	 281.82	 8.0419	34.1709	26.6207	 1.17	 51.00	0.040	  148.91	 99.88
 285.00	 282.81	 8.0403	34.1720	26.6218	 1.17	 50.74	0.040	  148.88	 99.88
 286.00	 283.80	 8.0381	34.1734	26.6233	 1.16	 50.44	0.040	  148.89	 99.88
 287.00	 284.79	 8.0345	34.1753	26.6253	 1.15	 50.00	0.040	  148.90	 99.88
 288.00	 285.78	 8.0321	34.1764	26.6265	 1.14	 49.65	0.040	  148.94	 99.88
 289.00	 286.78	 8.0299	34.1771	26.6275	 1.13	 49.27	0.040	  148.91	 99.88
 290.00	 287.77	 8.0290	34.1774	26.6278	 1.12	 48.79	0.040	  148.96	 99.88
 291.00	 288.76	 8.0250	34.1786	26.6293	 1.11	 48.30	0.041	  148.90	 99.88
 292.00	 289.75	 8.0135	34.1805	26.6326	 1.10	 47.80	0.040	  148.86	 99.88
 293.00	 290.74	 7.9980	34.1835	26.6372	 1.09	 47.55	0.041	  148.94	 99.88
 294.00	 291.73	 7.9847	34.1854	26.6407	 1.08	 46.90	0.040	  148.91	 99.88
 295.00	 292.73	 7.9666	34.1866	26.6443	 1.06	 45.93	0.040	  148.91	 99.88
 296.00	 293.72	 7.9508	34.1877	26.6476	 1.05	 45.50	0.040	  148.94	 99.89
 297.00	 294.71	 7.9398	34.1887	26.6499	 1.04	 45.14	0.040	  148.89	 99.89
 298.00	 295.70	 7.9274	34.1887	26.6518	 1.03	 44.97	0.041	  148.88	 99.89
 299.00	 296.69	 7.9091	34.1906	26.6560	 1.03	 44.84	0.040	  148.88	 99.89
 300.00	 297.68	 7.8955	34.1920	26.6591	 1.02	 44.39	0.041	  148.89	 99.89
 301.00	 298.67	 7.8804	34.1930	26.6621	 1.01	 43.89	0.041	  148.93	 99.90
 302.00	 299.67	 7.8676	34.1944	26.6651	 1.00	 43.64	0.040	  148.92	 99.90
 303.00	 300.66	 7.8657	34.1947	26.6656	 1.00	 43.50	0.040	  148.99	 99.90
 304.00	 301.65	 7.8654	34.1948	26.6658	 0.99	 43.25	0.040	  148.89	 99.90
 305.00	 302.64	 7.8606	34.1947	26.6664	 0.99	 43.09	0.040	  148.92	 99.90
 306.00	 303.63	 7.8467	34.1956	26.6692	 0.99	 42.94	0.040	  148.91	 99.90
 307.00	 304.62	 7.8373	34.1966	26.6713	 0.98	 42.73	0.041	  148.89	 99.90
 308.00	 305.62	 7.8276	34.1976	26.6736	 0.98	 42.46	0.041	  148.86	 99.90
 309.00	 306.61	 7.8246	34.1978	26.6742	 0.97	 42.11	0.040	  148.92	 99.90
 310.00	 307.60	 7.8133	34.1984	26.6763	 0.96	 41.70	0.040	  148.84	 99.90
 311.00	 308.59	 7.7954	34.1987	26.6791	 0.95	 41.33	0.040	  148.83	 99.90
 312.00	 309.58	 7.7768	34.2014	26.6840	 0.94	 41.04	0.041	  148.85	 99.90
 313.00	 310.57	 7.7731	34.2013	26.6845	 0.94	 40.74	0.042	  148.94	 99.90
 314.00	 311.56	 7.7679	34.2016	26.6855	 0.93	 40.40	0.042	  148.90	 65.61
 315.00	 312.56	 7.7456	34.2007	26.6880	 0.92	 40.21	0.041	  148.87	 99.17
 316.00	 313.55	 7.7230	34.2043	26.6942	 0.92	 40.02	0.040	  148.87	 99.90
 317.00	 314.54	 7.7208	34.2047	26.6948	 0.92	 39.82	0.040	  148.86	 99.91
 318.00	 315.53	 7.7203	34.2049	26.6951	 0.91	 39.74	0.041	  148.89	 99.91
 319.00	 316.52	 7.7166	34.2044	26.6952	 0.91	 39.63	0.041	  148.92	 99.91
 320.00	 317.51	 7.7058	34.2046	26.6969	 0.91	 39.54	0.041	  148.85	 99.91
 321.00	 318.50	 7.7034	34.2051	26.6977	 0.91	 39.37	0.041	  148.82	 99.91
 322.00	 319.50	 7.7017	34.2047	26.6977	 0.90	 39.24	0.040	  148.85	 99.91
 323.00	 320.49	 7.6864	34.2048	26.6999	 0.90	 39.10	0.041	  148.80	 99.92
 324.00	 321.48	 7.6804	34.2055	26.7014	 0.90	 39.05	0.040	  148.93	 99.91
 325.00	 322.47	 7.6778	34.2055	26.7018	 0.90	 38.98	0.041	  148.85	 99.91
 326.00	 323.46	 7.6727	34.2057	26.7027	 0.89	 38.84	0.041	  148.83	 99.91
 327.00	 324.45	 7.6681	34.2060	26.7036	 0.89	 38.69	0.040	  148.80	 99.92
 328.00	 325.44	 7.6629	34.2059	26.7043	 0.88	 38.48	0.041	  148.76	 99.92
 329.00	 326.44	 7.6505	34.2062	26.7063	 0.88	 38.18	0.041	  148.82	 99.92
 330.00	 327.43	 7.6265	34.2070	26.7104	 0.87	 37.80	0.040	  148.86	 99.92
 331.00	 328.42	 7.6024	34.2079	26.7146	 0.86	 37.33	0.041	  148.84	 99.92
 332.00	 329.41	 7.5835	34.2091	26.7182	 0.85	 37.05	0.040	  148.84	 99.92
 333.00	 330.40	 7.5661	34.2100	26.7215	 0.85	 36.99	0.040	  148.82	 99.92
 334.00	 331.39	 7.5575	34.2108	26.7233	 0.85	 36.82	0.040	  148.79	 99.93
 335.00	 332.38	 7.5531	34.2106	26.7238	 0.84	 36.54	0.040	  148.80	 99.93
 336.00	 333.38	 7.5339	34.2099	26.7260	 0.84	 36.38	0.041	  148.85	 99.93
 337.00	 334.37	 7.5261	34.2110	26.7280	 0.84	 36.37	0.040	  148.84	 99.93
 338.00	 335.36	 7.5252	34.2108	26.7280	 0.83	 36.12	0.040	  148.84	 99.93
 339.00	 336.35	 7.5219	34.2107	26.7284	 0.83	 36.10	0.040	  148.81	 99.93
 340.00	 337.34	 7.5158	34.2114	26.7299	 0.83	 35.89	0.041	  148.76	 99.93
 341.00	 338.33	 7.5090	34.2113	26.7307	 0.82	 35.74	0.042	  148.84	 99.93
 342.00	 339.32	 7.4970	34.2123	26.7333	 0.82	 35.69	0.040	  148.83	 99.93
 343.00	 340.32	 7.4915	34.2133	26.7349	 0.82	 35.62	0.040	  148.78	 99.93
 344.00	 341.31	 7.4888	34.2139	26.7357	 0.81	 35.34	0.040	  148.80	 99.93
 345.00	 342.30	 7.4864	34.2145	26.7365	 0.81	 35.15	0.040	  148.82	 99.93
 346.00	 343.29	 7.4829	34.2149	26.7374	 0.81	 35.05	0.041	  148.72	 99.93
 347.00	 344.28	 7.4791	34.2153	26.7382	 0.81	 35.15	0.042	  148.71	 99.93
 348.00	 345.27	 7.4757	34.2156	26.7390	 0.81	 35.06	0.040	  148.82	 99.93
 349.00	 346.26	 7.4709	34.2157	26.7398	 0.80	 34.92	0.040	  148.79	 99.93
 350.00	 347.26	 7.4651	34.2163	26.7411	 0.80	 34.75	0.040	  148.76	 99.93
 351.00	 348.25	 7.4590	34.2167	26.7423	 0.79	 34.47	0.040	  148.73	 99.93
 352.00	 349.24	 7.4515	34.2166	26.7433	 0.79	 34.26	0.041	  148.79	 99.93
 353.00	 350.23	 7.4393	34.2172	26.7455	 0.78	 34.14	0.042	  148.75	 99.93
 354.00	 351.22	 7.4323	34.2177	26.7468	 0.78	 33.95	0.041	  148.72	 99.93
 355.00	 352.21	 7.4193	34.2178	26.7488	 0.78	 33.85	0.040	  148.80	 99.93
 356.00	 353.20	 7.4117	34.2186	26.7505	 0.77	 33.71	0.041	  148.75	 99.93
 357.00	 354.19	 7.4046	34.2191	26.7519	 0.77	 33.61	0.040	  148.75	 99.93
 358.00	 355.19	 7.4024	34.2191	26.7522	 0.77	 33.48	0.040	  148.69	 99.93
 359.00	 356.18	 7.3989	34.2190	26.7527	 0.77	 33.29	0.040	  148.75	 99.93
 360.00	 357.17	 7.3933	34.2189	26.7534	 0.76	 33.05	0.040	  148.73	 99.93
 361.00	 358.16	 7.3782	34.2193	26.7558	 0.76	 32.96	0.040	  148.75	 99.93
 362.00	 359.15	 7.3677	34.2197	26.7577	 0.75	 32.83	0.040	  148.74	 99.93
 363.00	 360.14	 7.3598	34.2203	26.7593	 0.75	 32.63	0.040	  148.71	 99.93
 364.00	 361.13	 7.3502	34.2204	26.7607	 0.74	 32.40	0.040	  148.74	 99.93
 365.00	 362.12	 7.3345	34.2201	26.7627	 0.74	 32.19	0.040	  148.72	 99.93
 366.00	 363.12	 7.3192	34.2210	26.7656	 0.74	 31.99	0.040	  148.70	 99.93
 367.00	 364.11	 7.3041	34.2201	26.7670	 0.73	 31.80	0.040	  148.77	 99.93
 368.00	 365.10	 7.2791	34.2213	26.7714	 0.72	 31.45	0.040	  148.74	 99.93
 369.00	 366.09	 7.2607	34.2229	26.7753	 0.72	 31.12	0.040	  148.70	 99.94
 370.00	 367.08	 7.2482	34.2237	26.7777	 0.71	 30.88	0.040	  148.73	 99.94
 371.00	 368.07	 7.2380	34.2241	26.7794	 0.71	 30.70	0.040	  148.69	 99.94
 372.00	 369.06	 7.2233	34.2236	26.7811	 0.70	 30.48	0.042	  148.72	 99.94
 373.00	 370.05	 7.2129	34.2249	26.7836	 0.70	 30.31	0.042	  148.72	 99.94
 374.00	 371.05	 7.2068	34.2257	26.7851	 0.69	 30.15	0.041	  148.71	 99.94
 375.00	 372.04	 7.2022	34.2270	26.7868	 0.69	 29.95	0.040	  148.70	 99.94
 376.00	 373.03	 7.2006	34.2276	26.7875	 0.68	 29.77	0.040	  148.71	 99.95
 377.00	 374.02	 7.1918	34.2274	26.7885	 0.68	 29.66	0.040	  148.73	 99.95
 378.00	 375.01	 7.1848	34.2278	26.7899	 0.68	 29.66	0.040	  148.68	 99.95
 379.00	 376.00	 7.1827	34.2279	26.7902	 0.68	 29.56	0.040	  148.72	 99.95
 380.00	 376.99	 7.1811	34.2280	26.7906	 0.68	 29.57	0.040	  148.71	 99.95
 381.00	 377.98	 7.1804	34.2282	26.7908	 0.68	 29.42	0.040	  148.77	 99.95
 382.00	 378.98	 7.1778	34.2285	26.7914	 0.67	 29.20	0.040	  148.74	 99.95
 383.00	 379.97	 7.1728	34.2289	26.7925	 0.67	 29.10	0.042	  148.69	 99.95
 384.00	 380.96	 7.1601	34.2302	26.7953	 0.67	 28.98	0.040	  148.71	 99.95
 385.00	 381.95	 7.1574	34.2304	26.7958	 0.66	 28.76	0.040	  148.72	 99.95
 386.00	 382.94	 7.1519	34.2307	26.7968	 0.66	 28.58	0.040	  148.67	 99.95
 387.00	 383.93	 7.1413	34.2312	26.7987	 0.65	 28.32	0.040	  148.63	 99.95
 388.00	 384.92	 7.1211	34.2331	26.8030	 0.64	 28.00	0.040	  148.70	 99.95
 389.00	 385.91	 7.1081	34.2339	26.8055	 0.64	 27.75	0.040	  148.69	 99.95
 390.00	 386.90	 7.1027	34.2344	26.8066	 0.64	 27.62	0.041	  148.66	 99.95
 391.00	 387.90	 7.1007	34.2347	26.8071	 0.63	 27.44	0.042	  148.71	 99.95
 392.00	 388.89	 7.0979	34.2347	26.8075	 0.62	 27.13	0.041	  148.65	 99.95
 393.00	 389.88	 7.0821	34.2344	26.8094	 0.62	 26.97	0.040	  148.67	 99.95
 394.00	 390.87	 7.0569	34.2375	26.8154	 0.61	 26.73	0.040	  148.67	 99.95
 395.00	 391.86	 7.0448	34.2390	26.8182	 0.61	 26.37	0.040	  148.69	 99.95
 396.00	 392.85	 7.0344	34.2390	26.8197	 0.60	 25.92	0.040	  148.68	 99.95
 397.00	 393.84	 7.0118	34.2403	26.8238	 0.59	 25.62	0.040	  148.66	 99.95
 398.00	 394.83	 7.0065	34.2417	26.8256	 0.59	 25.55	0.040	  148.69	 99.95
 399.00	 395.82	 6.9969	34.2416	26.8269	 0.59	 25.50	0.040	  148.67	 99.95
 400.00	 396.82	 6.9931	34.2426	26.8282	 0.59	 25.49	0.040	  148.63	 99.95
 401.00	 397.81	 6.9903	34.2428	26.8287	 0.59	 25.46	0.040	  148.69	 99.95
 402.00	 398.80	 6.9888	34.2431	26.8293	 0.58	 25.36	0.040	  148.65	 99.95
 403.00	 399.79	 6.9871	34.2431	26.8295	 0.58	 25.04	0.040	  148.59	 99.96
 404.00	 400.78	 6.9791	34.2437	26.8310	 0.57	 24.82	0.040	  148.67	 99.95
 405.00	 401.77	 6.9719	34.2439	26.8322	 0.57	 24.64	0.042	  148.61	 99.95
 406.00	 402.76	 6.9619	34.2449	26.8344	 0.56	 24.51	0.041	  148.65	 99.95
 407.00	 403.75	 6.9534	34.2449	26.8356	 0.56	 24.40	0.040	  148.64	 99.96
 408.00	 404.74	 6.9425	34.2460	26.8379	 0.56	 24.32	0.040	  148.60	 99.95
 409.00	 405.73	 6.9347	34.2469	26.8397	 0.56	 24.24	0.040	  148.60	 99.95
 410.00	 406.73	 6.9299	34.2478	26.8410	 0.55	 24.03	0.040	  148.59	 99.96
 411.00	 407.72	 6.9255	34.2482	26.8420	 0.55	 23.91	0.040	  148.60	 99.96
 412.00	 408.71	 6.9250	34.2484	26.8422	 0.55	 23.82	0.040	  148.62	 99.96
 413.00	 409.70	 6.9236	34.2484	26.8425	 0.55	 23.88	0.040	  148.57	 99.97
 414.00	 410.69	 6.9206	34.2487	26.8431	 0.55	 23.79	0.040	  148.56	 99.96
 415.00	 411.68	 6.9194	34.2488	26.8434	 0.55	 23.71	0.041	  148.56	 99.96
 416.00	 412.67	 6.9180	34.2490	26.8437	 0.54	 23.67	0.042	  148.55	 99.96
 417.00	 413.66	 6.9162	34.2491	26.8440	 0.54	 23.67	0.042	  148.55	 99.96
 418.00	 414.65	 6.9154	34.2491	26.8442	 0.54	 23.60	0.041	  148.54	 99.96
 419.00	 415.64	 6.9118	34.2491	26.8447	 0.54	 23.52	0.040	  148.51	 99.97
 420.00	 416.64	 6.9070	34.2495	26.8457	 0.54	 23.40	0.040	  148.56	 99.96
 421.00	 417.63	 6.9014	34.2497	26.8466	 0.53	 23.26	0.040	  148.53	 99.96
 422.00	 418.62	 6.8889	34.2497	26.8483	 0.53	 23.04	0.040	  148.46	 99.96
 423.00	 419.61	 6.8709	34.2510	26.8517	 0.53	 22.85	0.040	  148.50	 99.96
 424.00	 420.60	 6.8637	34.2515	26.8532	 0.52	 22.73	0.040	  148.48	 99.97
 425.00	 421.59	 6.8447	34.2515	26.8558	 0.52	 22.54	0.040	  148.52	 99.97
 426.00	 422.58	 6.8244	34.2527	26.8594	 0.51	 22.39	0.040	  148.49	 99.97
 427.00	 423.57	 6.8180	34.2535	26.8609	 0.51	 22.26	0.040	  148.51	 99.97
 428.00	 424.56	 6.8116	34.2536	26.8619	 0.51	 22.04	0.041	  148.52	 99.97
 429.00	 425.55	 6.7966	34.2534	26.8637	 0.50	 21.75	0.041	  148.53	 99.97
 430.00	 426.55	 6.7703	34.2564	26.8697	 0.50	 21.73	0.040	  148.55	 99.97
 431.00	 427.54	 6.7700	34.2567	26.8700	 0.50	 21.72	0.040	  148.53	 99.98
 432.00	 428.53	 6.7700	34.2567	26.8700	 0.50	 21.55	0.040	  148.52	 99.97
 433.00	 429.52	 6.7691	34.2567	26.8701	 0.50	 21.58	0.040	  148.49	 99.98
 434.00	 430.51	 6.7679	34.2573	26.8707	 0.49	 21.52	0.040	  148.47	 99.98
 435.00	 431.50	 6.7675	34.2575	26.8710	 0.49	 21.38	0.040	  148.51	 99.98
 436.00	 432.49	 6.7636	34.2577	26.8716	 0.49	 21.29	0.040	  148.48	 99.98
 437.00	 433.48	 6.7566	34.2579	26.8728	 0.48	 21.02	0.040	  148.53	 99.98
 438.00	 434.47	 6.7455	34.2587	26.8749	 0.48	 20.98	0.040	  148.48	 99.98
 439.00	 435.46	 6.7320	34.2589	26.8769	 0.48	 20.81	0.040	  148.49	 99.98
 440.00	 436.45	 6.7147	34.2599	26.8800	 0.47	 20.65	0.041	  148.47	 99.98
 441.00	 437.45	 6.6995	34.2603	26.8824	 0.47	 20.58	0.041	  148.51	 99.98
 442.00	 438.44	 6.6891	34.2603	26.8838	 0.47	 20.62	0.041	  148.47	 99.98
 443.00	 439.43	 6.6817	34.2608	26.8852	 0.47	 20.59	0.041	  148.47	 99.98
 444.00	 440.42	 6.6773	34.2605	26.8855	 0.47	 20.43	0.040	  148.46	 99.98
 445.00	 441.41	 6.6699	34.2603	26.8863	 0.47	 20.34	0.041	  148.40	 99.98
 446.00	 442.40	 6.6649	34.2612	26.8877	 0.46	 20.19	0.041	  148.46	 99.98
 447.00	 443.39	 6.6527	34.2611	26.8893	 0.46	 20.11	0.040	  148.43	 99.98
 448.00	 444.38	 6.6423	34.2630	26.8922	 0.46	 20.03	0.040	  148.49	 99.98
 449.00	 445.37	 6.6388	34.2629	26.8926	 0.46	 19.82	0.041	  148.42	 99.98
 450.00	 446.36	 6.6267	34.2635	26.8947	 0.45	 19.71	0.041	  148.41	 99.98
 451.00	 447.35	 6.6067	34.2661	26.8994	 0.45	 19.44	0.041	  148.43	 99.98
 452.00	 448.35	 6.5956	34.2662	26.9010	 0.44	 19.21	0.042	  148.46	 99.98
 453.00	 449.34	 6.5927	34.2667	26.9018	 0.44	 19.03	0.041	  148.44	 99.98
 454.00	 450.33	 6.5847	34.2662	26.9024	 0.44	 18.93	0.040	  148.43	 99.98
 455.00	 451.32	 6.5708	34.2675	26.9053	 0.44	 18.92	0.040	  148.45	 99.98
 456.00	 452.31	 6.5626	34.2688	26.9074	 0.44	 18.93	0.040	  148.43	 99.98
 457.00	 453.30	 6.5601	34.2692	26.9081	 0.44	 18.95	0.040	  148.43	 99.98
 458.00	 454.29	 6.5585	34.2694	26.9085	 0.43	 18.84	0.040	  148.39	 99.98
 459.00	 455.28	 6.5571	34.2695	26.9087	 0.43	 18.70	0.041	  148.39	 99.98
 460.00	 456.27	 6.5538	34.2699	26.9095	 0.43	 18.56	0.041	  148.41	 99.98
 461.00	 457.26	 6.5497	34.2701	26.9102	 0.43	 18.54	0.040	  148.36	 99.98
 462.00	 458.25	 6.5480	34.2705	26.9107	 0.43	 18.58	0.040	  148.35	 99.98
 463.00	 459.24	 6.5471	34.2703	26.9107	 0.43	 18.51	0.040	  148.38	 99.98
 464.00	 460.23	 6.5439	34.2704	26.9112	 0.42	 18.38	0.040	  148.44	 99.98
 465.00	 461.23	 6.5375	34.2706	26.9123	 0.42	 18.34	0.041	  148.34	 99.98
 466.00	 462.22	 6.5277	34.2712	26.9140	 0.42	 18.29	0.041	  148.38	 99.98
 467.00	 463.21	 6.5165	34.2713	26.9156	 0.42	 18.07	0.040	  148.37	 99.98
 468.00	 464.20	 6.5084	34.2721	26.9173	 0.41	 17.99	0.040	  148.30	 99.98
 469.00	 465.19	 6.4981	34.2726	26.9191	 0.41	 17.73	0.040	  148.36	 99.98
 470.00	 466.18	 6.4871	34.2744	26.9219	 0.41	 17.64	0.040	  148.34	 99.98
 471.00	 467.17	 6.4837	34.2758	26.9235	 0.41	 17.62	0.040	  148.35	 99.98
 472.00	 468.16	 6.4836	34.2762	26.9238	 0.40	 17.56	0.040	  148.29	 99.98
 473.00	 469.15	 6.4794	34.2767	26.9248	 0.40	 17.38	0.040	  148.25	 99.98
 474.00	 470.14	 6.4697	34.2766	26.9260	 0.40	 17.41	0.042	  148.34	 99.98
 475.00	 471.13	 6.4598	34.2780	26.9284	 0.40	 17.31	0.041	  148.36	 99.98
 476.00	 472.12	 6.4577	34.2778	26.9285	 0.40	 17.18	0.041	  148.28	 99.98
 477.00	 473.11	 6.4483	34.2775	26.9296	 0.39	 16.98	0.041	  148.30	 99.98
 478.00	 474.11	 6.4264	34.2783	26.9330	 0.39	 16.95	0.040	  148.38	 99.98
 479.00	 475.10	 6.4181	34.2803	26.9357	 0.39	 16.80	0.040	  148.38	 99.98
 480.00	 476.09	 6.4179	34.2803	26.9358	 0.39	 16.77	0.040	  148.32	 99.98
 481.00	 477.08	 6.4164	34.2800	26.9357	 0.38	 16.71	0.040	  148.27	 99.98
 482.00	 478.07	 6.4014	34.2803	26.9380	 0.38	 16.56	0.041	  148.30	 99.98
 483.00	 479.06	 6.3713	34.2831	26.9440	 0.38	 16.38	0.041	  148.30	 99.98
 484.00	 480.05	 6.3493	34.2849	26.9483	 0.37	 16.19	0.040	  148.27	 99.98
 485.00	 481.04	 6.3468	34.2854	26.9491	 0.37	 16.08	0.040	  148.30	 99.99
 486.00	 482.03	 6.3404	34.2852	26.9497	 0.37	 15.97	0.040	  148.26	 99.99
 487.00	 483.02	 6.3330	34.2861	26.9514	 0.37	 16.00	0.040	  148.27	 99.98
 488.00	 484.01	 6.3289	34.2860	26.9519	 0.37	 15.96	0.040	  148.23	 99.98
 489.00	 485.00	 6.3216	34.2861	26.9530	 0.37	 15.90	0.040	  148.28	 99.98
 490.00	 485.99	 6.3160	34.2861	26.9536	 0.36	 15.84	0.040	  148.23	 99.99
 491.00	 486.98	 6.3090	34.2867	26.9550	 0.36	 15.74	0.041	  148.29	 99.98
 492.00	 487.97	 6.3025	34.2875	26.9566	 0.36	 15.61	0.042	  148.24	 99.99
 493.00	 488.97	 6.2964	34.2891	26.9586	 0.36	 15.67	0.042	  148.22	 99.99
 494.00	 489.96	 6.2959	34.2892	26.9588	 0.36	 15.70	0.041	  148.21	 99.99
 495.00	 490.95	 6.2946	34.2892	26.9589	 0.36	 15.62	0.040	  148.26	 99.99
 496.00	 491.94	 6.2818	34.2892	26.9606	 0.36	 15.49	0.040	  148.21	 99.99
 497.00	 492.93	 6.2707	34.2902	26.9628	 0.36	 15.47	0.040	  148.24	 99.99
 498.00	 493.92	 6.2714	34.2908	26.9632	 0.36	 15.44	0.040	  148.27	 99.99
 499.00	 494.91	 6.2683	34.2903	26.9632	 0.35	 15.36	0.040	  148.25	 99.99
 500.00	 495.90	 6.2658	34.2905	26.9638	 0.35	 15.22	0.040	  148.27	 99.99
 501.00	 496.89	 6.2598	34.2908	26.9648	 0.35	 15.25	0.040	  148.20	 99.99
 502.00	 497.88	 6.2552	34.2924	26.9666	 0.35	 15.26	0.040	  148.21	 99.99
 503.00	 498.87	 6.2560	34.2930	26.9670	 0.35	 15.23	0.040	  148.21	 99.99
 504.00	 499.86	 6.2558	34.2934	26.9673	 0.35	 15.09	0.040	  148.19	 99.99
 505.00	 500.85	 6.2519	34.2937	26.9681	 0.34	 14.99	0.040	  148.24	 99.99
 506.00	 501.84	 6.2450	34.2949	26.9699	 0.35	 15.03	0.042	  148.22	 99.99
 507.00	 502.83	 6.2396	34.2952	26.9709	 0.34	 14.96	0.040	  148.19	 99.99
 508.00	 503.82	 6.2345	34.2958	26.9721	 0.34	 14.83	0.040	  148.16	 99.99
 509.00	 504.81	 6.2286	34.2967	26.9735	 0.34	 14.80	0.041	  148.14	 99.99
 510.00	 505.81	 6.2204	34.2981	26.9757	 0.34	 14.83	0.041	  148.22	 99.99
 511.00	 506.80	 6.2112	34.2995	26.9780	 0.34	 14.77	0.040	  148.14	 99.99
 512.00	 507.79	 6.2085	34.3001	26.9788	 0.34	 14.66	0.041	  148.13	 99.99
 513.00	 508.78	 6.2025	34.3001	26.9796	 0.34	 14.62	0.042	  148.10	 99.99
 514.00	 509.77	 6.1981	34.3007	26.9807	 0.34	 14.60	0.041	  148.09	 99.99
 515.00	 510.76	 6.1974	34.3008	26.9808	 0.33	 14.51	0.040	  148.12	 99.99
 516.00	 511.75	 6.1901	34.2997	26.9809	 0.33	 14.43	0.040	  148.12	 99.99
 517.00	 512.74	 6.1667	34.3014	26.9852	 0.33	 14.37	0.040	  148.13	 99.99
 518.00	 513.73	 6.1644	34.3017	26.9857	 0.33	 14.23	0.041	  148.15	100.00
 519.00	 514.72	 6.1630	34.3013	26.9857	 0.33	 14.16	0.041	  148.11	100.00
 520.00	 515.71	 6.1574	34.3012	26.9863	 0.32	 14.11	0.040	  148.06	100.00
 521.00	 516.70	 6.1363	34.3011	26.9889	 0.32	 14.00	0.040	  148.08	 99.99
 522.00	 517.69	 6.1187	34.3037	26.9932	 0.32	 13.97	0.040	  148.11	100.00
 523.00	 518.68	 6.1193	34.3036	26.9931	 0.32	 14.03	0.040	  148.12	100.00
 524.00	 519.67	 6.1197	34.3037	26.9931	 0.32	 13.98	0.041	  148.09	100.00
 525.00	 520.66	 6.1190	34.3039	26.9934	 0.32	 13.87	0.041	  148.08	100.00
 526.00	 521.65	 6.1163	34.3040	26.9938	 0.32	 13.78	0.040	  148.09	100.00
 527.00	 522.64	 6.1119	34.3042	26.9945	 0.32	 13.83	0.042	  148.11	100.00
 528.00	 523.63	 6.1004	34.3045	26.9962	 0.32	 13.74	0.041	  148.04	100.00
 529.00	 524.63	 6.0881	34.3058	26.9988	 0.31	 13.65	0.040	  148.05	100.00
 530.00	 525.62	 6.0834	34.3067	27.0001	 0.31	 13.56	0.040	  148.01	100.00
 531.00	 526.61	 6.0751	34.3067	27.0012	 0.31	 13.51	0.040	  148.06	100.00
 532.00	 527.60	 6.0628	34.3076	27.0035	 0.31	 13.31	0.040	  148.00	100.00
 533.00	 528.59	 6.0533	34.3089	27.0057	 0.31	 13.32	0.040	  148.14	100.00
 534.00	 529.58	 6.0446	34.3091	27.0069	 0.31	 13.36	0.041	  148.00	100.00
 535.00	 530.57	 6.0318	34.3106	27.0098	 0.31	 13.29	0.041	  148.03	100.00
 536.00	 531.56	 6.0153	34.3117	27.0128	 0.30	 13.16	0.041	  148.03	100.00
 537.00	 532.55	 6.0013	34.3120	27.0147	 0.30	 13.11	0.040	  147.98	100.00
 538.00	 533.54	 5.9875	34.3124	27.0168	 0.30	 12.98	0.040	  148.03	100.00
 539.00	 534.53	 5.9775	34.3127	27.0183	 0.30	 12.95	0.042	  148.04	100.00
 540.00	 535.52	 5.9685	34.3132	27.0198	 0.30	 12.97	0.041	  147.96	100.00
 541.00	 536.51	 5.9610	34.3140	27.0214	 0.30	 12.91	0.040	  147.99	100.00
 542.00	 537.50	 5.9558	34.3144	27.0224	 0.29	 12.81	0.040	  148.01	100.00
 543.00	 538.49	 5.9454	34.3147	27.0239	 0.29	 12.74	0.040	  148.00	100.00
 544.00	 539.48	 5.9345	34.3154	27.0259	 0.29	 12.78	0.041	  147.97	100.00
 545.00	 540.47	 5.9310	34.3154	27.0263	 0.29	 12.78	0.042	  147.99	100.00
 546.00	 541.46	 5.9260	34.3154	27.0270	 0.29	 12.72	0.042	  147.97	100.00
 547.00	 542.45	 5.9144	34.3157	27.0287	 0.29	 12.65	0.042	  147.99	100.00
 548.00	 543.44	 5.9071	34.3158	27.0297	 0.29	 12.56	0.041	  147.99	100.00
 549.00	 544.43	 5.8762	34.3158	27.0335	 0.29	 12.58	0.040	  147.90	100.00
 550.00	 545.42	 5.8536	34.3161	27.0365	 0.29	 12.55	0.040	  147.98	100.00
 551.00	 546.41	 5.8276	34.3163	27.0400	 0.29	 12.48	0.040	  147.97	100.00
 552.00	 547.40	 5.8217	34.3157	27.0402	 0.29	 12.39	0.041	  147.97	100.00
 553.00	 548.40	 5.8173	34.3157	27.0408	 0.28	 12.34	0.042	  148.01	100.00
 554.00	 549.39	 5.8071	34.3143	27.0409	 0.29	 12.40	0.040	  147.95	100.00
 555.00	 550.38	 5.7894	34.3166	27.0449	 0.29	 12.41	0.041	  147.94	100.00
 556.00	 551.37	 5.7866	34.3167	27.0453	 0.29	 12.39	0.041	  147.95	100.00
 557.00	 552.36	 5.7762	34.3171	27.0470	 0.29	 12.41	0.040	  147.94	100.00
 558.00	 553.35	 5.7669	34.3176	27.0485	 0.29	 12.40	0.041	  147.93	100.00
 559.00	 554.34	 5.7574	34.3172	27.0494	 0.28	 12.31	0.041	  147.98	100.00
 560.00	 555.33	 5.7438	34.3174	27.0513	 0.28	 12.16	0.040	  147.95	100.00
 561.00	 556.32	 5.7288	34.3172	27.0529	 0.28	 12.13	0.040	  147.91	100.00
 562.00	 557.31	 5.7182	34.3194	27.0560	 0.28	 12.20	0.040	  147.93	100.00
 563.00	 558.30	 5.7130	34.3199	27.0570	 0.28	 12.09	0.040	  147.89	100.00
 564.00	 559.29	 5.7072	34.3213	27.0588	 0.28	 11.98	0.040	  147.90	100.00
 565.00	 560.28	 5.7018	34.3220	27.0601	 0.28	 12.00	0.040	  147.79	100.00
 566.00	 561.27	 5.6959	34.3230	27.0616	 0.28	 12.00	0.041	  147.90	100.00
 567.00	 562.26	 5.6871	34.3234	27.0630	 0.28	 11.99	0.042	  147.90	100.00
 568.00	 563.25	 5.6774	34.3243	27.0649	 0.28	 11.98	0.041	  147.88	100.00
 569.00	 564.24	 5.6677	34.3256	27.0671	 0.27	 11.92	0.040	  147.93	100.00
 570.00	 565.23	 5.6611	34.3262	27.0684	 0.27	 11.81	0.040	  147.92	100.00
 571.00	 566.22	 5.6549	34.3265	27.0694	 0.27	 11.85	0.041	  147.88	100.00
 572.00	 567.21	 5.6524	34.3268	27.0700	 0.27	 11.83	0.041	  147.92	100.00
 573.00	 568.20	 5.6514	34.3270	27.0702	 0.27	 11.79	0.040	  147.88	100.00
 574.00	 569.19	 5.6498	34.3268	27.0703	 0.27	 11.80	0.041	  147.81	100.00
 575.00	 570.18	 5.6398	34.3267	27.0714	 0.27	 11.82	0.041	  147.80	100.00
 576.00	 571.17	 5.6283	34.3267	27.0728	 0.27	 11.82	0.041	  147.80	100.00
 577.00	 572.16	 5.6150	34.3264	27.0742	 0.27	 11.81	0.041	  147.80	100.00
 578.00	 573.15	 5.6023	34.3269	27.0762	 0.27	 11.75	0.040	  147.83	100.00
 579.00	 574.14	 5.5893	34.3253	27.0765	 0.27	 11.72	0.040	  147.85	100.00
 580.00	 575.13	 5.5755	34.3257	27.0785	 0.27	 11.71	0.041	  147.83	100.00
 581.00	 576.12	 5.5661	34.3265	27.0803	 0.27	 11.59	0.041	  147.84	100.00
 582.00	 577.11	 5.5643	34.3263	27.0803	 0.27	 11.63	0.040	  147.82	100.00
 583.00	 578.10	 5.5628	34.3264	27.0806	 0.27	 11.61	0.041	  147.78	100.00
 584.00	 579.09	 5.5609	34.3263	27.0808	 0.27	 11.66	0.041	  147.73	100.00
 585.00	 580.08	 5.5603	34.3265	27.0810	 0.27	 11.64	0.041	  147.77	100.00
 586.00	 581.07	 5.5590	34.3265	27.0812	 0.27	 11.62	0.040	  147.82	100.00
 587.00	 582.06	 5.5572	34.3262	27.0811	 0.27	 11.64	0.040	  147.70	100.00
 588.00	 583.05	 5.5548	34.3265	27.0817	 0.27	 11.64	0.040	  147.74	100.00
 589.00	 584.04	 5.5533	34.3266	27.0820	 0.27	 11.64	0.040	  147.75	100.00
 590.00	 585.04	 5.5531	34.3266	27.0820	 0.27	 11.64	0.041	  147.76	100.00
 591.00	 586.03	 5.5537	34.3266	27.0819	 0.27	 11.64	0.040	  147.77	100.00
 592.00	 587.02	 5.5537	34.3267	27.0820	 0.27	 11.63	0.040	  147.82	100.00
 593.00	 588.01	 5.5539	34.3267	27.0820	 0.27	 11.63	0.040	  147.71	100.00
 594.00	 589.00	 5.5524	34.3266	27.0821	 0.27	 11.67	0.041	  147.77	100.00
 595.00	 589.99	 5.5521	34.3266	27.0821	 0.27	 11.65	0.041	  147.73	100.00
 596.00	 590.98	 5.5518	34.3268	27.0823	 0.27	 11.65	0.041	  147.77	100.00
 597.00	 591.97	 5.5500	34.3263	27.0822	 0.27	 11.64	0.040	  147.75	100.00
 598.00	 592.96	 5.5447	34.3265	27.0830	 0.27	 11.63	0.040	  147.72	100.00
 599.00	 593.95	 5.5433	34.3266	27.0832	 0.27	 11.64	0.040	  147.73	100.00
 600.00	 594.94	 5.5413	34.3263	27.0833	 0.27	 11.61	0.040	  147.74	100.00
 601.00	 595.93	 5.5367	34.3265	27.0840	 0.27	 11.58	0.040	  147.71	100.00
 602.00	 596.92	 5.5351	34.3267	27.0843	 0.27	 11.66	0.040	  147.72	100.00
 603.00	 597.91	 5.5346	34.3267	27.0844	 0.27	 11.62	0.040	  147.73	100.00
 604.00	 598.90	 5.5333	34.3266	27.0845	 0.27	 11.58	0.041	  147.69	100.00
 605.00	 599.89	 5.5292	34.3275	27.0857	 0.26	 11.52	0.042	  147.72	100.00
 606.00	 600.88	 5.5224	34.3286	27.0874	 0.26	 11.45	0.041	  147.67	100.00
 607.00	 601.87	 5.5166	34.3293	27.0887	 0.26	 11.47	0.040	  147.71	100.00
 608.00	 602.86	 5.5068	34.3300	27.0904	 0.26	 11.46	0.040	  147.68	100.00
 609.00	 603.85	 5.4968	34.3307	27.0922	 0.26	 11.43	0.040	  147.65	100.00
 610.00	 604.84	 5.4925	34.3308	27.0928	 0.26	 11.43	0.040	  147.62	100.00
 611.00	 605.83	 5.4888	34.3313	27.0936	 0.26	 11.45	0.040	  147.60	100.00
 612.00	 606.82	 5.4864	34.3314	27.0940	 0.26	 11.43	0.040	  147.63	100.00
 613.00	 607.81	 5.4836	34.3314	27.0944	 0.26	 11.44	0.040	  147.61	100.00
 614.00	 608.80	 5.4806	34.3314	27.0948	 0.26	 11.46	0.040	  147.63	100.00
 615.00	 609.79	 5.4716	34.3307	27.0952	 0.26	 11.44	0.041	  147.60	100.00
 616.00	 610.78	 5.4419	34.3293	27.0977	 0.26	 11.43	0.041	  147.63	100.00
 617.00	 611.77	 5.4296	34.3311	27.1006	 0.26	 11.31	0.041	  147.61	100.00
 618.00	 612.76	 5.4092	34.3325	27.1042	 0.26	 11.22	0.042	  147.63	100.00
 619.00	 613.75	 5.3979	34.3364	27.1086	 0.26	 11.34	0.040	  147.63	100.00
 620.00	 614.74	 5.3960	34.3369	27.1093	 0.26	 11.40	0.040	  147.58	100.00
 621.00	 615.73	 5.3942	34.3369	27.1094	 0.26	 11.20	0.040	  147.59	100.00
 622.00	 616.72	 5.3872	34.3381	27.1113	 0.26	 11.29	0.040	  147.64	100.00
 623.00	 617.71	 5.3843	34.3391	27.1124	 0.26	 11.30	0.041	  147.62	100.00
 624.00	 618.70	 5.3825	34.3397	27.1130	 0.26	 11.26	0.040	  147.55	100.00
 625.00	 619.69	 5.3792	34.3406	27.1142	 0.26	 11.28	0.040	  147.58	100.00
 626.00	 620.68	 5.3762	34.3416	27.1153	 0.26	 11.28	0.041	  147.56	100.00
 627.00	 621.67	 5.3743	34.3421	27.1160	 0.26	 11.28	0.042	  147.58	100.00
 628.00	 622.66	 5.3727	34.3426	27.1166	 0.26	 11.29	0.041	  147.50	100.00
 629.00	 623.65	 5.3720	34.3427	27.1167	 0.26	 11.29	0.040	  147.59	100.00
 630.00	 624.64	 5.3705	34.3432	27.1173	 0.26	 11.29	0.040	  147.55	100.00
 631.00	 625.63	 5.3690	34.3433	27.1176	 0.26	 11.29	0.040	  147.56	100.00
 632.00	 626.62	 5.3569	34.3455	27.1208	 0.26	 11.29	0.041	  147.53	100.00
 633.00	 627.61	 5.3520	34.3476	27.1230	 0.26	 11.27	0.041	  147.53	100.00
 634.00	 628.60	 5.3403	34.3503	27.1266	 0.26	 11.25	0.040	  147.53	100.00
 635.00	 629.59	 5.3388	34.3508	27.1271	 0.26	 11.29	0.040	  147.46	100.00
 636.00	 630.58	 5.3370	34.3510	27.1275	 0.26	 11.31	0.040	  147.47	100.00
 637.00	 631.57	 5.3349	34.3513	27.1281	 0.26	 11.29	0.040	  147.54	100.00
 638.00	 632.56	 5.3332	34.3522	27.1289	 0.26	 11.26	0.040	  147.49	100.00
 639.00	 633.55	 5.3333	34.3522	27.1289	 0.26	 11.25	0.040	  147.46	100.00
 640.00	 634.54	 5.3331	34.3523	27.1290	 0.26	 11.28	0.041	  147.50	100.00
 641.00	 635.53	 5.3303	34.3529	27.1298	 0.26	 11.26	0.040	  147.46	100.00
 642.00	 636.52	 5.3225	34.3549	27.1324	 0.26	 11.27	0.040	  147.49	100.00
 643.00	 637.51	 5.3160	34.3562	27.1342	 0.26	 11.24	0.040	  147.47	100.00
 644.00	 638.50	 5.3143	34.3569	27.1349	 0.26	 11.30	0.040	  147.51	100.00
 645.00	 639.49	 5.3133	34.3570	27.1351	 0.26	 11.31	0.040	  147.52	100.00
 646.00	 640.48	 5.3083	34.3575	27.1361	 0.26	 11.28	0.040	  147.48	100.00
 647.00	 641.47	 5.3001	34.3591	27.1384	 0.26	 11.30	0.041	  147.48	100.00
 648.00	 642.46	 5.2935	34.3599	27.1398	 0.26	 11.29	0.042	  147.38	100.00
 649.00	 643.45	 5.2858	34.3618	27.1423	 0.26	 11.22	0.042	  147.50	100.00
 650.00	 644.44	 5.2834	34.3629	27.1434	 0.26	 11.32	0.042	  147.46	100.00
 651.00	 645.43	 5.2815	34.3639	27.1444	 0.26	 11.31	0.041	  147.43	100.00
 652.00	 646.42	 5.2730	34.3646	27.1459	 0.26	 11.30	0.041	  147.41	100.00
 653.00	 647.41	 5.2699	34.3644	27.1462	 0.26	 11.23	0.042	  147.40	100.00
 654.00	 648.40	 5.2574	34.3617	27.1456	 0.26	 11.38	0.042	  147.35	100.00
 655.00	 649.39	 5.2373	34.3615	27.1477	 0.26	 11.31	0.041	  147.43	100.00
 656.00	 650.38	 5.2246	34.3617	27.1494	 0.26	 11.37	0.041	  147.35	100.00
 657.00	 651.37	 5.2129	34.3628	27.1516	 0.26	 11.34	0.041	  147.33	100.00
 658.00	 652.36	 5.2083	34.3622	27.1517	 0.26	 11.30	0.040	  147.34	100.00
 659.00	 653.35	 5.2086	34.3624	27.1518	 0.26	 11.30	0.040	  147.34	100.00
 660.00	 654.34	 5.2043	34.3615	27.1516	 0.26	 11.27	0.040	  147.35	100.00
 661.00	 655.33	 5.1929	34.3585	27.1506	 0.26	 11.28	0.040	  147.38	100.00
 662.00	 656.32	 5.1810	34.3594	27.1527	 0.26	 11.24	0.040	  147.35	100.00
 663.00	 657.31	 5.1773	34.3591	27.1529	 0.26	 11.30	0.040	  147.39	100.00
 664.00	 658.30	 5.1722	34.3597	27.1540	 0.26	 11.26	0.041	  147.38	100.00
 665.00	 659.29	 5.1662	34.3601	27.1550	 0.26	 11.28	0.041	  147.37	100.00
 666.00	 660.28	 5.1634	34.3607	27.1558	 0.26	 11.24	0.041	  147.35	100.00
 667.00	 661.26	 5.1616	34.3610	27.1562	 0.26	 11.29	0.041	  147.36	100.00
 668.00	 662.25	 5.1604	34.3612	27.1566	 0.26	 11.26	0.042	  147.44	100.00
 669.00	 663.24	 5.1596	34.3613	27.1567	 0.26	 11.18	0.042	  147.40	100.00
 670.00	 664.23	 5.1592	34.3617	27.1571	 0.26	 11.19	0.041	  147.34	100.00
 671.00	 665.22	 5.1596	34.3616	27.1570	 0.26	 11.29	0.041	  147.33	100.00
 672.00	 666.21	 5.1584	34.3618	27.1573	 0.26	 11.29	0.041	  147.27	100.00
 673.00	 667.20	 5.1577	34.3619	27.1575	 0.26	 11.26	0.042	  147.30	100.00
 674.00	 668.19	 5.1550	34.3622	27.1581	 0.26	 11.27	0.042	  147.31	100.00
 675.00	 669.18	 5.1493	34.3630	27.1594	 0.26	 11.21	0.042	  147.29	100.00
 676.00	 670.17	 5.1441	34.3637	27.1605	 0.26	 11.17	0.042	  147.35	100.00
 677.00	 671.16	 5.1415	34.3639	27.1609	 0.26	 11.28	0.041	  147.27	100.00
 678.00	 672.15	 5.1398	34.3642	27.1614	 0.26	 11.30	0.040	  147.28	100.00
 679.00	 673.14	 5.1388	34.3643	27.1616	 0.26	 11.28	0.040	  147.28	100.00
 680.00	 674.13	 5.1384	34.3645	27.1618	 0.26	 11.27	0.040	  147.28	100.00
 681.00	 675.12	 5.1386	34.3646	27.1619	 0.26	 11.31	0.040	  147.25	100.00
 682.00	 676.11	 5.1389	34.3645	27.1618	 0.26	 11.20	0.040	  147.21	100.00
 683.00	 677.10	 5.1378	34.3648	27.1622	 0.26	 11.32	0.040	  147.21	100.00
 684.00	 678.09	 5.1371	34.3649	27.1624	 0.26	 11.35	0.041	  147.24	100.00
 685.00	 679.08	 5.1351	34.3651	27.1627	 0.26	 11.26	0.042	  147.25	100.00
 686.00	 680.07	 5.1326	34.3654	27.1633	 0.26	 11.32	0.041	  147.22	100.00
 687.00	 681.06	 5.1291	34.3657	27.1639	 0.26	 11.24	0.041	  147.19	100.00
 688.00	 682.05	 5.1247	34.3663	27.1649	 0.26	 11.26	0.041	  147.22	100.00
 689.00	 683.04	 5.1244	34.3662	27.1649	 0.26	 11.35	0.041	  147.24	100.00
 690.00	 684.03	 5.1230	34.3665	27.1653	 0.26	 11.36	0.042	  147.26	100.00
 691.00	 685.02	 5.1202	34.3663	27.1655	 0.26	 11.33	0.042	  147.15	100.00
 692.00	 686.01	 5.1146	34.3668	27.1665	 0.26	 11.38	0.042	  147.28	100.00
 693.00	 687.00	 5.1049	34.3680	27.1686	 0.26	 11.33	0.041	  147.20	100.00
 694.00	 687.99	 5.1023	34.3682	27.1691	 0.26	 11.39	0.041	  147.22	100.00
 695.00	 688.98	 5.0998	34.3685	27.1696	 0.26	 11.36	0.041	  147.19	100.00
 696.00	 689.97	 5.0992	34.3687	27.1698	 0.26	 11.38	0.040	  147.19	100.00
 697.00	 690.96	 5.0979	34.3686	27.1699	 0.26	 11.36	0.041	  147.19	100.00
 698.00	 691.95	 5.0902	34.3692	27.1713	 0.26	 11.42	0.041	  147.15	100.00
 699.00	 692.94	 5.0856	34.3703	27.1727	 0.26	 11.43	0.040	  147.19	100.00
 700.00	 693.93	 5.0846	34.3705	27.1730	 0.26	 11.42	0.041	  147.11	100.00
 701.00	 694.92	 5.0826	34.3709	27.1736	 0.26	 11.39	0.042	  147.15	100.00
 702.00	 695.91	 5.0821	34.3710	27.1737	 0.26	 11.47	0.042	  147.14	100.00
 703.00	 696.90	 5.0820	34.3710	27.1737	 0.26	 11.45	0.042	  147.17	100.00
 704.00	 697.88	 5.0822	34.3709	27.1737	 0.26	 11.44	0.041	  147.14	100.00
 705.00	 698.87	 5.0826	34.3710	27.1737	 0.26	 11.41	0.042	  147.12	100.00
 706.00	 699.86	 5.0829	34.3716	27.1742	 0.26	 11.51	0.041	  147.14	100.00
 707.00	 700.85	 5.0836	34.3723	27.1746	 0.27	 11.57	0.040	  147.08	100.00
 708.00	 701.84	 5.0843	34.3746	27.1764	 0.26	 11.47	0.041	  147.13	100.00
 709.00	 702.83	 5.0819	34.3748	27.1768	 0.26	 11.48	0.042	  147.10	100.00
 710.00	 703.82	 5.0776	34.3758	27.1781	 0.26	 11.52	0.042	  147.11	100.00
 711.00	 704.81	 5.0775	34.3762	27.1784	 0.26	 11.50	0.041	  147.08	100.00
 712.00	 705.80	 5.0763	34.3761	27.1785	 0.26	 11.49	0.042	  147.07	100.00
 713.00	 706.79	 5.0740	34.3762	27.1788	 0.27	 11.54	0.041	  147.02	100.00
 714.00	 707.78	 5.0708	34.3763	27.1793	 0.27	 11.54	0.040	  147.12	100.00
 715.00	 708.77	 5.0686	34.3769	27.1800	 0.27	 11.54	0.040	  147.11	100.00
 716.00	 709.76	 5.0673	34.3768	27.1802	 0.26	 11.52	0.040	  147.04	100.00
 717.00	 710.75	 5.0562	34.3766	27.1812	 0.27	 11.56	0.040	  147.09	100.00
 718.00	 711.74	 5.0418	34.3793	27.1851	 0.27	 11.56	0.041	  147.06	100.00
 719.00	 712.73	 5.0409	34.3793	27.1851	 0.27	 11.59	0.042	  147.02	100.00
 720.00	 713.72	 5.0401	34.3796	27.1855	 0.27	 11.58	0.042	  146.99	100.00
 721.00	 714.71	 5.0403	34.3796	27.1855	 0.27	 11.55	0.042	  147.03	100.00
 722.00	 715.70	 5.0387	34.3790	27.1852	 0.27	 11.64	0.041	  147.04	100.00
 723.00	 716.69	 5.0316	34.3791	27.1861	 0.27	 11.58	0.040	  147.04	100.00
 724.00	 717.68	 5.0250	34.3800	27.1876	 0.27	 11.62	0.042	  147.01	100.00
 725.00	 718.67	 5.0183	34.3796	27.1881	 0.27	 11.71	0.041	  147.00	100.00
 726.00	 719.66	 5.0108	34.3806	27.1897	 0.27	 11.70	0.040	  147.01	100.00
 727.00	 720.65	 5.0110	34.3807	27.1898	 0.27	 11.69	0.041	  147.01	100.00
 728.00	 721.63	 5.0051	34.3809	27.1906	 0.27	 11.71	0.041	  146.99	100.00
 729.00	 722.62	 5.0012	34.3815	27.1915	 0.27	 11.75	0.040	  147.01	100.00
 730.00	 723.61	 5.0017	34.3815	27.1915	 0.27	 11.65	0.041	  147.01	100.00
 731.00	 724.60	 5.0016	34.3813	27.1914	 0.27	 11.72	0.041	  147.04	100.00
 732.00	 725.59	 5.0010	34.3816	27.1916	 0.27	 11.68	0.040	  147.06	100.00
 733.00	 726.58	 5.0012	34.3815	27.1916	 0.27	 11.70	0.040	  146.96	100.00
 734.00	 727.57	 5.0009	34.3814	27.1915	 0.27	 11.67	0.041	  146.95	100.00
 735.00	 728.56	 5.0007	34.3815	27.1917	 0.27	 11.76	0.042	  146.98	100.00
 736.00	 729.55	 5.0002	34.3816	27.1918	 0.27	 11.71	0.042	  146.99	100.00
 737.00	 730.54	 4.9998	34.3818	27.1920	 0.27	 11.69	0.040	  146.95	100.00
 738.00	 731.53	 4.9992	34.3818	27.1921	 0.27	 11.69	0.042	  146.96	100.00
 739.00	 732.52	 4.9989	34.3818	27.1922	 0.27	 11.67	0.041	  146.98	100.00
 740.00	 733.51	 4.9987	34.3818	27.1922	 0.27	 11.85	0.040	  146.95	100.00
 741.00	 734.50	 4.9976	34.3818	27.1923	 0.27	 11.79	0.040	  146.97	100.00
 742.00	 735.49	 4.9953	34.3821	27.1928	 0.27	 11.78	0.041	  146.93	100.00
 743.00	 736.48	 4.9841	34.3826	27.1945	 0.27	 11.82	0.041	  146.94	100.00
 744.00	 737.47	 4.9780	34.3839	27.1962	 0.27	 11.86	0.040	  146.85	100.00
 745.00	 738.46	 4.9725	34.3846	27.1975	 0.27	 11.83	0.040	  146.88	100.00
 746.00	 739.45	 4.9711	34.3846	27.1976	 0.27	 11.84	0.041	  146.91	100.00
 747.00	 740.44	 4.9648	34.3854	27.1990	 0.27	 11.88	0.040	  146.92	100.00
 748.00	 741.42	 4.9584	34.3857	27.1999	 0.27	 11.93	0.040	  146.96	100.00
 749.00	 742.41	 4.9551	34.3866	27.2010	 0.27	 11.92	0.042	  146.90	100.00
 750.00	 743.40	 4.9512	34.3860	27.2010	 0.28	 12.12	0.042	  146.96	100.00
 751.00	 744.39	 4.9384	34.3870	27.2032	 0.28	 12.24	0.042	  146.90	100.00
 752.00	 745.38	 4.9267	34.3893	27.2064	 0.28	 12.13	0.042	  146.89	100.00
 753.00	 746.37	 4.9161	34.3909	27.2089	 0.28	 12.14	0.041	  146.90	100.00
 754.00	 747.36	 4.9148	34.3914	27.2094	 0.28	 12.17	0.040	  146.87	100.00
 755.00	 748.35	 4.8946	34.3937	27.2135	 0.28	 12.32	0.041	  146.89	100.00
 756.00	 749.34	 4.8870	34.3949	27.2153	 0.29	 12.41	0.041	  146.85	100.00
 757.00	 750.33	 4.8807	34.3955	27.2166	 0.29	 12.45	0.040	  146.89	100.00
 758.00	 751.32	 4.8666	34.3967	27.2191	 0.28	 12.39	0.040	  146.80	100.00
 759.00	 752.31	 4.8629	34.3982	27.2207	 0.29	 12.44	0.040	  146.83	100.00
 760.00	 753.30	 4.8620	34.3981	27.2208	 0.29	 12.56	0.040	  146.84	100.00
 761.00	 754.29	 4.8545	34.3996	27.2228	 0.29	 12.66	0.040	  146.86	100.00
 762.00	 755.28	 4.8533	34.4001	27.2234	 0.29	 12.60	0.042	  146.87	100.00
 763.00	 756.27	 4.8537	34.4001	27.2233	 0.29	 12.65	0.040	  146.80	100.00
 764.00	 757.25	 4.8538	34.4001	27.2233	 0.29	 12.62	0.040	  146.84	100.00
 765.00	 758.24	 4.8529	34.4002	27.2235	 0.29	 12.65	0.041	  146.82	100.00
 766.00	 759.23	 4.8530	34.4002	27.2235	 0.29	 12.66	0.040	  146.80	100.00
 767.00	 760.22	 4.8529	34.4004	27.2237	 0.29	 12.60	0.042	  146.79	100.00
 768.00	 761.21	 4.8525	34.4004	27.2237	 0.29	 12.66	0.040	  146.76	100.00
 769.00	 762.20	 4.8527	34.4005	27.2238	 0.29	 12.64	0.040	  146.84	100.00
 770.00	 763.19	 4.8529	34.4005	27.2237	 0.29	 12.63	0.040	  146.76	100.00
 771.00	 764.18	 4.8540	34.4007	27.2238	 0.29	 12.62	0.040	  146.76	100.00
 772.00	 765.17	 4.8576	34.4001	27.2230	 0.29	 12.65	0.041	  146.78	100.00
 773.00	 766.16	 4.8555	34.4004	27.2235	 0.29	 12.69	0.040	  146.73	100.00
 774.00	 767.15	 4.8530	34.4007	27.2240	 0.29	 12.64	0.040	  146.76	100.00
 775.00	 768.14	 4.8516	34.4015	27.2248	 0.29	 12.66	0.040	  146.71	100.00
 776.00	 769.13	 4.8526	34.4013	27.2245	 0.29	 12.66	0.041	  146.70	100.00
 777.00	 770.12	 4.8526	34.4013	27.2245	 0.29	 12.66	0.042	  146.71	100.00
 778.00	 771.11	 4.8534	34.4012	27.2243	 0.29	 12.70	0.042	  146.78	100.00
 779.00	 772.09	 4.8529	34.4010	27.2243	 0.29	 12.72	0.042	  146.75	100.00
 780.00	 773.08	 4.8497	34.4015	27.2251	 0.29	 12.69	0.041	  146.73	100.00
 781.00	 774.07	 4.8473	34.4018	27.2255	 0.29	 12.73	0.041	  146.73	100.00
 782.00	 775.06	 4.8461	34.4021	27.2259	 0.29	 12.73	0.042	  146.74	100.00
 783.00	 776.05	 4.8463	34.4021	27.2259	 0.29	 12.77	0.041	  146.72	100.00
 784.00	 777.04	 4.8439	34.4025	27.2265	 0.30	 12.83	0.040	  146.76	100.00
 785.00	 778.03	 4.8438	34.4027	27.2267	 0.29	 12.76	0.040	  146.75	100.00
 786.00	 779.02	 4.8411	34.4025	27.2268	 0.30	 12.88	0.040	  146.83	100.00
 787.00	 780.01	 4.8359	34.4030	27.2278	 0.29	 12.82	0.040	  146.74	100.00
 788.00	 781.00	 4.8336	34.4031	27.2281	 0.29	 12.79	0.042	  146.67	100.00
 789.00	 781.99	 4.8336	34.4032	27.2283	 0.30	 12.89	0.041	  146.76	100.00
 790.00	 782.98	 4.8324	34.4032	27.2284	 0.30	 12.88	0.042	  146.74	100.00
 791.00	 783.97	 4.8321	34.4033	27.2285	 0.30	 12.88	0.041	  146.68	100.00
 792.00	 784.96	 4.8300	34.4034	27.2288	 0.30	 12.93	0.040	  146.71	100.00
 793.00	 785.94	 4.8294	34.4035	27.2290	 0.30	 12.94	0.040	  146.68	 68.39
 794.00	 786.93	 4.8221	34.4038	27.2301	 0.30	 12.94	0.040	  146.67	100.09
 795.00	 787.92	 4.8164	34.4053	27.2319	 0.30	 13.03	0.040	  146.66	100.00
 796.00	 788.91	 4.8140	34.4053	27.2322	 0.30	 13.20	0.041	  146.66	100.00
 797.00	 789.90	 4.8036	34.4062	27.2340	 0.31	 13.26	0.041	  146.65	100.00
 798.00	 790.89	 4.7835	34.4085	27.2382	 0.30	 13.20	0.041	  146.65	100.00
 799.00	 791.88	 4.7711	34.4107	27.2413	 0.31	 13.32	0.041	  146.65	100.00
 800.00	 792.87	 4.7540	34.4111	27.2435	 0.31	 13.54	0.041	  146.63	100.00
 801.00	 793.86	 4.7490	34.4127	27.2453	 0.31	 13.50	0.040	  146.64	100.00
 802.00	 794.85	 4.7486	34.4127	27.2454	 0.31	 13.45	0.041	  146.55	 99.28
 803.00	 795.84	 4.7484	34.4128	27.2455	 0.31	 13.45	0.042	  146.64	 98.06
 804.00	 796.83	 4.7493	34.4129	27.2455	 0.31	 13.50	0.041	  146.61	 97.58
 805.00	 797.81	 4.7484	34.4127	27.2454	 0.31	 13.57	0.040	  146.73	 96.67
 806.00	 798.80	 4.7445	34.4130	27.2461	 0.31	 13.58	0.040	  146.64	 94.60
 807.00	 799.79	 4.7409	34.4137	27.2471	 0.31	 13.64	0.041	  146.54	 93.54
 808.00	 800.78	 4.7405	34.4136	27.2471	 0.32	 13.76	0.040	  146.57	 93.18
 809.00	 801.77	 4.7359	34.4135	27.2475	 0.32	 13.70	0.040	  146.52	 92.66
 810.00	 802.76	 4.7290	34.4148	27.2493	 0.32	 13.73	0.040	  146.54	 91.65
 811.00	 803.75	 4.7280	34.4151	27.2497	 0.32	 13.71	0.040	  146.54	 91.28
 812.00	 804.74	 4.7267	34.4151	27.2498	 0.32	 13.71	0.040	  146.46	 89.40
 813.00	 805.73	 4.7262	34.4152	27.2499	 0.32	 13.71	0.041	  146.48	 88.42
 814.00	 806.72	 4.7231	34.4154	27.2505	 0.32	 13.72	0.042	  146.46	 87.06
 815.00	 807.71	 4.7216	34.4154	27.2507	 0.32	 13.72	0.041	  146.44	 85.87
 816.00	 808.70	 4.7201	34.4155	27.2509	 0.32	 13.76	0.040	  146.45	 85.44
 817.00	 809.68	 4.7139	34.4167	27.2525	 0.32	 13.76	0.040	  146.42	 84.26
 818.00	 810.67	 4.7114	34.4170	27.2530	 0.32	 13.81	0.041	  146.39	 83.15
 819.00	 811.66	 4.7118	34.4170	27.2530	 0.32	 13.91	0.041	  146.43	 81.55
 820.00	 812.65	 4.7079	34.4171	27.2535	 0.32	 13.93	0.040	  146.35	 81.19
 821.00	 813.64	 4.7065	34.4176	27.2541	 0.32	 13.87	0.040	  146.43	 80.00
 822.00	 814.63	 4.7067	34.4175	27.2540	 0.32	 13.96	0.040	  146.42	 78.89
 823.00	 815.62	 4.7036	34.4179	27.2547	 0.32	 13.94	0.041	  146.40	 77.54
 824.00	 816.61	 4.7060	34.4177	27.2542	 0.32	 13.96	0.040	  146.33	 76.74
 825.00	 817.60	 4.7041	34.4177	27.2545	 0.32	 14.00	0.040	  146.38	 75.95
 826.00	 818.59	 4.7022	34.4181	27.2550	 0.32	 13.97	0.041	  146.41	 74.81
 827.00	 819.58	 4.7024	34.4181	27.2551	 0.32	 13.99	0.042	  146.38	 73.92
 828.00	 820.56	 4.7011	34.4181	27.2552	 0.32	 13.99	0.041	  146.34	 72.56
 829.00	 821.55	 4.6989	34.4184	27.2557	 0.32	 13.99	0.041	  146.34	 71.76
 830.00	 822.54	 4.6971	34.4186	27.2560	 0.32	 13.98	0.041	  146.28	 70.80
 831.00	 823.53	 4.6948	34.4185	27.2562	 0.32	 13.98	0.041	  146.35	 70.23
 832.00	 824.52	 4.6949	34.4190	27.2566	 0.32	 14.01	0.041	  146.32	 68.68
 833.00	 825.51	 4.6959	34.4189	27.2564	 0.32	 14.00	0.040	  146.30	 67.68
 834.00	 826.50	 4.6946	34.4188	27.2565	 0.32	 14.02	0.041	  146.30	 66.75
 835.00	 827.49	 4.6905	34.4193	27.2574	 0.32	 14.03	0.040	  146.34	 65.87
 836.00	 828.48	 4.6904	34.4194	27.2575	 0.32	 14.01	0.040	  146.30	 64.25
 837.00	 829.47	 4.6897	34.4195	27.2577	 0.32	 14.01	0.042	  146.23	 63.57
 838.00	 830.45	 4.6913	34.4194	27.2574	 0.32	 14.01	0.042	  146.30	 63.10
 839.00	 831.44	 4.6912	34.4192	27.2572	 0.32	 14.02	0.042	  146.30	 62.04
 840.00	 832.43	 4.6863	34.4198	27.2583	 0.32	 14.03	0.041	  146.30	 60.91
 841.00	 833.42	 4.6880	34.4197	27.2581	 0.32	 14.05	0.041	  146.22	 59.56
 842.00	 834.41	 4.6889	34.4194	27.2577	 0.32	 14.05	0.041	  146.19	 58.37
 843.00	 835.40	 4.6835	34.4200	27.2588	 0.32	 14.08	0.042	  146.28	 57.72
 844.00	 836.39	 4.6772	34.4206	27.2600	 0.32	 14.08	0.041	  146.20	 56.57
 845.00	 837.38	 4.6781	34.4206	27.2598	 0.32	 14.11	0.041	  146.22	 55.31
 846.00	 838.37	 4.6787	34.4206	27.2598	 0.33	 14.17	0.040	  146.15	 54.36
 847.00	 839.36	 4.6756	34.4208	27.2603	 0.33	 14.14	0.040	  146.21	 53.39
 848.00	 840.34	 4.6728	34.4213	27.2610	 0.33	 14.21	0.040	  146.13	 52.43
 849.00	 841.33	 4.6722	34.4213	27.2611	 0.33	 14.20	0.041	  146.11	 51.37
 850.00	 842.32	 4.6750	34.4208	27.2604	 0.33	 14.17	0.040	  146.19	 50.31
 851.00	 843.31	 4.6725	34.4211	27.2609	 0.33	 14.21	0.040	  146.17	 49.45
 852.00	 844.30	 4.6711	34.4213	27.2613	 0.33	 14.15	0.040	  146.08	 48.34
 853.00	 845.29	 4.6684	34.4214	27.2616	 0.33	 14.22	0.040	  146.11	 47.26
 854.00	 846.28	 4.6722	34.4214	27.2612	 0.33	 14.26	0.040	  146.05	 45.98
 855.00	 847.27	 4.6665	34.4215	27.2620	 0.33	 14.23	0.040	  146.06	 45.27
 856.00	 848.26	 4.6637	34.4223	27.2629	 0.33	 14.31	0.041	  146.12	 44.07
 857.00	 849.24	 4.6651	34.4219	27.2625	 0.33	 14.28	0.041	  146.04	 42.70
 858.00	 850.23	 4.6646	34.4221	27.2627	 0.33	 14.27	0.042	  146.06	 41.78
 859.00	 851.22	 4.6646	34.4223	27.2628	 0.33	 14.30	0.042	  146.03	 40.65
 860.00	 852.21	 4.6640	34.4222	27.2628	 0.33	 14.31	0.042	  146.07	 39.71
 861.00	 853.20	 4.6640	34.4222	27.2628	 0.33	 14.28	0.040	  146.06	 38.74
 862.00	 854.19	 4.6643	34.4222	27.2628	 0.33	 14.29	0.040	  146.01	 37.52
 863.00	 855.18	 4.6635	34.4223	27.2630	 0.33	 14.30	0.041	  146.03	 36.61
 864.00	 856.17	 4.6635	34.4223	27.2630	 0.33	 14.32	0.042	  146.01	 36.03
 865.00	 857.16	 4.6635	34.4223	27.2630	 0.33	 14.29	0.041	  146.02	 34.63
 866.00	 858.14	 4.6634	34.4224	27.2631	 0.33	 14.28	0.040	  146.00	 33.62
 867.00	 859.13	 4.6622	34.4225	27.2633	 0.33	 14.32	0.041	  146.05	 32.83
 868.00	 860.12	 4.6612	34.4225	27.2634	 0.33	 14.30	0.042	  146.01	 31.89
 869.00	 861.11	 4.6598	34.4227	27.2638	 0.33	 14.30	0.041	  146.01	 30.62
 870.00	 862.10	 4.6578	34.4228	27.2641	 0.33	 14.35	0.041	  145.98	 29.49
 871.00	 863.09	 4.6568	34.4230	27.2644	 0.33	 14.34	0.041	  145.98	 28.48
 872.00	 864.08	 4.6571	34.4230	27.2643	 0.33	 14.33	0.041	  145.99	 27.67
 873.00	 865.07	 4.6571	34.4230	27.2644	 0.33	 14.31	0.041	  146.02	 26.56
 874.00	 866.06	 4.6570	34.4231	27.2644	 0.33	 14.33	0.041	  145.98	 25.41
 875.00	 867.04	 4.6574	34.4230	27.2643	 0.33	 14.35	0.041	  145.93	 24.57
 876.00	 868.03	 4.6573	34.4231	27.2644	 0.33	 14.33	0.040	  145.96	 23.58
 877.00	 869.02	 4.6572	34.4230	27.2644	 0.33	 14.36	0.041	  146.02	 22.49
 878.00	 870.01	 4.6572	34.4231	27.2644	 0.33	 14.35	0.041	  146.01	 21.49
 879.00	 871.00	 4.6572	34.4230	27.2644	 0.33	 14.34	0.041	  145.95	 20.51
 880.00	 871.99	 4.6573	34.4231	27.2644	 0.33	 14.34	0.041	  146.01	 19.55
 881.00	 872.98	 4.6544	34.4232	27.2649	 0.33	 14.36	0.040	  146.01	 18.41
 882.00	 873.97	 4.6545	34.4233	27.2649	 0.33	 14.36	0.041	  146.01	 17.45
 883.00	 874.96	 4.6565	34.4231	27.2646	 0.33	 14.32	0.040	  145.97	 16.31
 884.00	 875.94	 4.6480	34.4234	27.2658	 0.33	 14.37	0.040	  145.92	 15.41
 885.00	 876.93	 4.6419	34.4241	27.2670	 0.33	 14.37	0.041	  145.89	 14.53
 886.00	 877.92	 4.6385	34.4246	27.2678	 0.33	 14.38	0.041	  145.91	 13.52
 887.00	 878.91	 4.6409	34.4245	27.2674	 0.33	 14.38	0.040	  145.87	 12.47
 888.00	 879.90	 4.6321	34.4250	27.2688	 0.33	 14.43	0.041	  145.87	 11.43
 889.00	 880.89	 4.6255	34.4257	27.2701	 0.33	 14.47	0.041	  145.89	 10.44
 890.00	 881.88	 4.6235	34.4261	27.2707	 0.33	 14.49	0.040	  145.69	  9.25
