* Sea-Bird SBE 9 Data:
* Software Version Seasave V 7.26.7.107
* Vessel: NOAA Ship Ronald H. Brown
* Cruise: RB2102, West Coast Ocean Acidification (WCOA) 2021
* Dates: 20210622 to 20210723
* Region: NE Pacific, USA West Coast
* Ports: San Diego, CA to Port Angeles, WA to San Diego, CA
* Chief Scientists: R. Feely, NOAA PMEL; D. Greeley, NOAA PMEL; B. Carter, NOAA PMEL / UW CICOES
* Contacts: R. Feely, richard.a.feely@noaa.gov; D. Greeley, dana.greeley@noaa.gov; B. Carter, brendan.carter@noaa.gov
* Station: 129
* Cast: 1
* Cast Date-Time [GMT]: 21-Jul-2021 18:57:59
* Longitude: -119.1512 W
* Latitude: 32.8114 N
* Water Depth [m]: 838.1
**********
* Column  1: Pressure [decibar]
* Column  2: Depth [m]
* Column  3: Temperature ITS-90 [degree C]
* Column  4: Salinity PSS-78 [psu]
* Column  5: Sigma-theta EOS-80 [kg/m^3 - 1000]
* Column  6: Oxygen [ml/L]
* Column  7: Oxygen [umol/kg]
* Column  8: Fluorescence [volts]
* Column  9: Oxygen Reduction Potential [mV]
* Column 10: Altimeter [m]
**********
*END*
   3.00	   2.98	18.7953	33.8049	24.1598	 5.65	246.36	0.046	  162.90	 99.70
   4.00	   3.97	18.8058	33.8049	24.1572	 5.66	246.70	0.048	  162.72	 99.70
   5.00	   4.96	18.8056	33.8050	24.1573	 5.66	246.89	0.047	  162.51	 99.70
   6.00	   5.96	18.8005	33.8050	24.1586	 5.67	247.24	0.048	  162.45	 99.70
   7.00	   6.95	18.8000	33.8048	24.1587	 5.66	246.99	0.049	  162.37	 99.69
   8.00	   7.94	18.7927	33.8046	24.1604	 5.68	247.52	0.049	  162.35	 99.70
   9.00	   8.94	18.6087	33.7913	24.1964	 5.74	250.14	0.049	  162.34	 99.70
  10.00	   9.93	18.2881	33.7909	24.2758	 5.74	250.21	0.053	  162.34	 99.70
  11.00	  10.92	17.6235	33.7692	24.4215	 5.94	258.87	0.056	  162.38	 99.73
  12.00	  11.92	16.3904	33.7581	24.7037	 6.06	264.18	0.086	  162.65	 99.74
  13.00	  12.91	15.6534	33.7489	24.8639	 6.13	267.07	0.105	  162.61	 99.80
  14.00	  13.90	15.4297	33.7488	24.9136	 6.13	267.06	0.120	  162.65	 99.81
  15.00	  14.89	15.2520	33.7544	24.9571	 6.05	263.49	0.130	  162.68	 99.78
  16.00	  15.89	14.8981	33.7547	25.0346	 5.92	257.83	0.132	  162.89	 99.76
  17.00	  16.88	14.5849	33.7580	25.1045	 5.92	258.08	0.127	  162.91	 99.74
  18.00	  17.87	14.4201	33.7654	25.1453	 5.93	258.43	0.128	  162.96	 99.70
  19.00	  18.87	14.3997	33.7698	25.1531	 5.94	258.75	0.134	  162.95	 99.65
  20.00	  19.86	14.4077	33.7730	25.1539	 5.96	259.67	0.132	  162.91	 99.64
  21.00	  20.85	14.4013	33.7738	25.1559	 5.89	256.42	0.132	  162.86	 99.63
  22.00	  21.84	14.3948	33.7745	25.1579	 5.70	248.53	0.136	  162.94	 99.63
  23.00	  22.84	13.9933	33.7626	25.2330	 5.31	231.12	0.134	  163.05	 99.62
  24.00	  23.83	12.9352	33.7498	25.4379	 5.06	220.40	0.187	  163.34	 99.58
  25.00	  24.82	12.4879	33.7486	25.5245	 4.85	211.00	0.241	  163.54	 99.46
  26.00	  25.82	12.2937	33.7490	25.5623	 4.68	203.74	0.227	  163.63	 99.39
  27.00	  26.81	12.0915	33.7566	25.6068	 4.57	199.08	0.240	  163.75	 99.34
  28.00	  27.80	11.9481	33.7735	25.6470	 4.52	196.83	0.252	  163.84	 99.32
  29.00	  28.79	11.9137	33.7775	25.6566	 4.48	194.91	0.269	  163.87	 99.30
  30.00	  29.79	11.8733	33.7806	25.6666	 4.44	193.12	0.259	  163.84	 99.30
  31.00	  30.78	11.8638	33.7823	25.6697	 4.33	188.46	0.274	  163.89	 99.30
  32.00	  31.77	11.7369	33.7806	25.6921	 4.17	181.52	0.251	  163.92	 94.86
  33.00	  32.77	11.5136	33.7900	25.7408	 4.04	175.85	0.193	  164.09	 99.38
  34.00	  33.76	11.4427	33.7942	25.7571	 3.96	172.34	0.177	  164.12	 99.32
  35.00	  34.75	11.3573	33.8008	25.7779	 3.87	168.33	0.190	  164.15	 99.34
  36.00	  35.74	11.3033	33.8045	25.7906	 3.79	165.17	0.184	  164.10	 86.07
  37.00	  36.74	11.2689	33.8080	25.7996	 3.77	164.22	0.177	  164.13	 98.60
  38.00	  37.73	11.2570	33.8094	25.8029	 3.74	162.80	0.172	  164.15	 99.32
  39.00	  38.72	11.2509	33.8097	25.8043	 3.70	161.20	0.157	  164.18	 99.39
  40.00	  39.71	11.2265	33.8101	25.8090	 3.68	160.06	0.170	  164.14	 99.39
  41.00	  40.71	11.1942	33.8135	25.8175	 3.62	157.66	0.173	  164.10	 94.59
  42.00	  41.70	11.1373	33.8129	25.8274	 3.54	154.12	0.163	  164.10	 99.62
  43.00	  42.69	11.0936	33.8144	25.8364	 3.50	152.54	0.126	  164.15	 95.62
  44.00	  43.69	11.0524	33.8152	25.8445	 3.49	151.77	0.126	  164.10	 96.12
  45.00	  44.68	11.0141	33.8184	25.8539	 3.45	150.31	0.120	  164.09	 99.37
  46.00	  45.67	10.9959	33.8184	25.8572	 3.42	149.08	0.104	  164.05	 99.44
  47.00	  46.66	10.9835	33.8198	25.8605	 3.41	148.61	0.088	  164.07	 94.07
  48.00	  47.66	10.9793	33.8203	25.8616	 3.41	148.27	0.098	  164.06	 99.47
  49.00	  48.65	10.9753	33.8202	25.8623	 3.39	147.58	0.098	  164.00	 99.44
  50.00	  49.64	10.9587	33.8209	25.8658	 3.37	146.88	0.088	  163.96	 99.44
  51.00	  50.63	10.9489	33.8213	25.8679	 3.36	146.15	0.088	  163.91	 95.15
  52.00	  51.63	10.9299	33.8225	25.8722	 3.34	145.27	0.086	  163.88	 99.59
  53.00	  52.62	10.9064	33.8241	25.8777	 3.32	144.40	0.089	  163.86	 99.46
  54.00	  53.61	10.8872	33.8246	25.8815	 3.29	143.06	0.096	  163.83	 99.46
  55.00	  54.61	10.8499	33.8253	25.8887	 3.27	142.53	0.077	  163.85	 99.46
  56.00	  55.60	10.8130	33.8243	25.8944	 3.27	142.36	0.079	  163.76	 99.46
  57.00	  56.59	10.7910	33.8233	25.8976	 3.27	142.39	0.072	  163.78	 99.46
  58.00	  57.58	10.7744	33.8227	25.9001	 3.27	142.27	0.074	  163.68	 99.12
  59.00	  58.58	10.7571	33.8220	25.9026	 3.26	142.09	0.074	  163.60	 99.00
  60.00	  59.57	10.7485	33.8218	25.9040	 3.25	141.66	0.075	  163.58	 99.46
  61.00	  60.56	10.7306	33.8207	25.9063	 3.23	140.64	0.070	  163.53	 99.47
  62.00	  61.55	10.6604	33.8183	25.9169	 3.20	139.12	0.070	  163.52	 99.47
  63.00	  62.55	10.5151	33.8182	25.9422	 3.19	138.79	0.058	  163.55	 99.48
  64.00	  63.54	10.3829	33.8106	25.9591	 3.16	137.60	0.053	  163.56	 99.49
  65.00	  64.53	10.3898	33.8266	25.9705	 3.07	133.59	0.052	  163.54	 99.49
  66.00	  65.53	10.4309	33.8496	25.9813	 2.98	129.53	0.057	  163.53	 99.49
  67.00	  66.52	10.4225	33.8614	25.9920	 2.89	125.67	0.057	  163.42	 99.52
  68.00	  67.51	10.3768	33.8648	26.0025	 2.84	123.73	0.055	  163.45	 99.54
  69.00	  68.50	10.3174	33.8683	26.0155	 2.82	122.84	0.057	  163.43	 99.54
  70.00	  69.50	10.2384	33.8712	26.0314	 2.82	122.78	0.054	  163.47	 99.55
  71.00	  70.49	10.1556	33.8728	26.0468	 2.81	122.44	0.054	  163.42	 99.56
  72.00	  71.48	10.1006	33.8781	26.0603	 2.79	121.56	0.056	  163.41	 99.56
  73.00	  72.47	10.0817	33.8792	26.0644	 2.79	121.30	0.050	  163.39	 99.56
  74.00	  73.47	10.0690	33.8810	26.0679	 2.78	121.08	0.046	  163.37	 99.56
  75.00	  74.46	10.0656	33.8829	26.0700	 2.77	120.70	0.050	  163.34	 99.56
  76.00	  75.45	10.0657	33.8835	26.0705	 2.77	120.52	0.048	  163.34	 99.57
  77.00	  76.44	10.0652	33.8838	26.0708	 2.76	120.23	0.048	  163.24	 99.57
  78.00	  77.44	10.0649	33.8853	26.0721	 2.76	119.93	0.046	  163.21	 99.57
  79.00	  78.43	10.0646	33.8857	26.0724	 2.75	119.72	0.048	  163.17	 99.57
  80.00	  79.42	10.0631	33.8857	26.0727	 2.75	119.58	0.047	  163.13	 99.58
  81.00	  80.41	10.0550	33.8866	26.0748	 2.74	119.45	0.047	  163.12	 99.58
  82.00	  81.41	10.0545	33.8871	26.0753	 2.74	119.17	0.048	  163.09	 99.58
  83.00	  82.40	10.0532	33.8880	26.0762	 2.72	118.50	0.048	  163.00	 99.58
  84.00	  83.39	10.0479	33.8898	26.0786	 2.69	117.18	0.048	  162.98	 99.58
  85.00	  84.38	10.0218	33.8960	26.0879	 2.63	114.33	0.047	  162.90	 99.58
  86.00	  85.38	 9.9582	33.9066	26.1069	 2.57	112.01	0.046	  162.89	 99.58
  87.00	  86.37	 9.8855	33.9184	26.1283	 2.55	110.89	0.045	  162.93	 99.59
  88.00	  87.36	 9.8582	33.9220	26.1357	 2.52	109.69	0.044	  162.90	 99.61
  89.00	  88.35	 9.8166	33.9283	26.1476	 2.49	108.37	0.045	  162.86	 99.62
  90.00	  89.35	 9.7782	33.9334	26.1580	 2.47	107.38	0.044	  162.88	 99.62
  91.00	  90.34	 9.7135	33.9421	26.1756	 2.45	106.58	0.044	  162.85	 99.63
  92.00	  91.33	 9.6770	33.9466	26.1852	 2.43	105.66	0.044	  162.83	 99.63
  93.00	  92.33	 9.6403	33.9514	26.1950	 2.42	105.12	0.043	  162.81	 99.63
  94.00	  93.32	 9.6188	33.9559	26.2021	 2.41	104.88	0.042	  162.78	 99.63
  95.00	  94.31	 9.6033	33.9585	26.2067	 2.39	104.14	0.043	  162.75	 99.64
  96.00	  95.30	 9.5866	33.9606	26.2111	 2.40	104.24	0.043	  162.71	 99.65
  97.00	  96.30	 9.5746	33.9615	26.2138	 2.39	104.22	0.043	  162.72	 99.65
  98.00	  97.29	 9.5668	33.9623	26.2158	 2.39	103.89	0.042	  162.67	 99.65
  99.00	  98.28	 9.4868	33.9624	26.2289	 2.37	103.27	0.042	  162.69	 99.65
 100.00	  99.27	 9.3976	33.9679	26.2478	 2.35	102.41	0.042	  162.68	 99.65
 101.00	 100.27	 9.3513	33.9784	26.2635	 2.34	101.83	0.041	  162.67	 99.65
 102.00	 101.26	 9.3378	33.9864	26.2720	 2.33	101.40	0.040	  162.67	 99.66
 103.00	 102.25	 9.3374	33.9871	26.2726	 2.32	101.04	0.040	  162.62	 99.66
 104.00	 103.24	 9.3377	33.9875	26.2729	 2.32	100.87	0.040	  162.63	 99.66
 105.00	 104.23	 9.3377	33.9877	26.2731	 2.31	100.34	0.040	  162.59	 99.66
 106.00	 105.23	 9.3335	33.9895	26.2752	 2.29	 99.85	0.040	  162.58	 99.66
 107.00	 106.22	 9.3197	33.9944	26.2813	 2.29	 99.47	0.040	  162.60	 99.66
 108.00	 107.21	 9.3159	33.9955	26.2828	 2.28	 99.12	0.042	  162.56	 99.66
 109.00	 108.20	 9.3086	33.9982	26.2861	 2.27	 98.77	0.041	  162.58	 99.67
 110.00	 109.20	 9.3011	34.0016	26.2900	 2.26	 98.54	0.041	  162.53	 99.67
 111.00	 110.19	 9.3012	34.0016	26.2900	 2.26	 98.48	0.040	  162.49	 99.68
 112.00	 111.18	 9.3011	34.0017	26.2901	 2.26	 98.43	0.041	  162.48	 99.68
 113.00	 112.17	 9.3007	34.0020	26.2904	 2.26	 98.35	0.041	  162.47	 99.68
 114.00	 113.17	 9.2999	34.0023	26.2908	 2.25	 98.01	0.041	  162.47	 99.68
 115.00	 114.16	 9.2969	34.0039	26.2926	 2.24	 97.51	0.040	  162.39	 99.68
 116.00	 115.15	 9.2847	34.0089	26.2985	 2.23	 96.97	0.040	  162.38	 99.68
 117.00	 116.14	 9.2806	34.0101	26.3000	 2.22	 96.67	0.040	  162.37	 99.68
 118.00	 117.14	 9.2794	34.0102	26.3004	 2.21	 96.35	0.040	  162.41	 99.68
 119.00	 118.13	 9.2765	34.0107	26.3012	 2.21	 96.00	0.040	  162.34	 99.68
 120.00	 119.12	 9.2682	34.0119	26.3035	 2.20	 95.65	0.040	  162.33	 99.68
 121.00	 120.11	 9.2488	34.0165	26.3103	 2.19	 95.18	0.040	  162.30	 99.68
 122.00	 121.11	 9.2345	34.0202	26.3155	 2.17	 94.51	0.040	  162.30	 99.68
 123.00	 122.10	 9.2200	34.0220	26.3192	 2.15	 93.69	0.040	  162.29	 99.68
 124.00	 123.09	 9.1518	34.0352	26.3405	 2.15	 93.71	0.040	  162.29	 99.68
 125.00	 124.08	 9.1297	34.0377	26.3460	 2.17	 94.26	0.041	  162.27	 99.69
 126.00	 125.08	 9.0963	34.0399	26.3531	 2.18	 94.80	0.041	  162.20	 99.70
 127.00	 126.07	 9.0774	34.0421	26.3579	 2.18	 94.99	0.041	  162.17	 99.70
 128.00	 127.06	 9.0654	34.0437	26.3611	 2.19	 95.50	0.041	  162.15	 99.69
 129.00	 128.05	 9.0501	34.0439	26.3636	 2.23	 96.83	0.041	  162.14	 99.69
 130.00	 129.04	 9.0258	34.0438	26.3675	 2.25	 98.04	0.042	  162.10	 99.69
 131.00	 130.04	 9.0047	34.0438	26.3708	 2.27	 98.91	0.041	  162.05	 99.69
 132.00	 131.03	 8.9920	34.0448	26.3736	 2.29	 99.45	0.040	  162.10	 99.68
 133.00	 132.02	 8.9889	34.0437	26.3733	 2.29	 99.82	0.041	  162.06	 99.68
 134.00	 133.01	 8.9841	34.0435	26.3739	 2.31	100.41	0.041	  162.00	 99.68
 135.00	 134.01	 8.9815	34.0432	26.3741	 2.32	101.16	0.040	  161.94	 99.68
 136.00	 135.00	 8.9781	34.0426	26.3742	 2.34	101.67	0.040	  161.97	 99.67
 137.00	 135.99	 8.9748	34.0425	26.3747	 2.35	102.12	0.042	  161.93	 99.68
 138.00	 136.98	 8.9710	34.0419	26.3748	 2.36	102.83	0.040	  161.93	 99.67
 139.00	 137.98	 8.9607	34.0401	26.3751	 2.39	103.91	0.040	  161.91	 99.68
 140.00	 138.97	 8.9337	34.0404	26.3796	 2.42	105.16	0.040	  161.90	 99.67
 141.00	 139.96	 8.9015	34.0401	26.3844	 2.44	106.08	0.040	  161.89	 99.67
 142.00	 140.95	 8.8795	34.0423	26.3897	 2.44	106.37	0.040	  161.85	 99.66
 143.00	 141.94	 8.8820	34.0426	26.3895	 2.45	106.42	0.040	  161.89	 99.66
 144.00	 142.94	 8.8844	34.0431	26.3895	 2.45	106.67	0.040	  161.83	 99.66
 145.00	 143.93	 8.8716	34.0426	26.3912	 2.46	106.88	0.040	  161.75	 99.65
 146.00	 144.92	 8.8672	34.0438	26.3928	 2.46	107.17	0.040	  161.70	 99.65
 147.00	 145.91	 8.8540	34.0431	26.3944	 2.48	107.92	0.040	  161.72	 99.65
 148.00	 146.91	 8.8408	34.0424	26.3959	 2.50	108.58	0.040	  161.67	 99.66
 149.00	 147.90	 8.8266	34.0428	26.3984	 2.50	108.79	0.040	  161.67	 99.66
 150.00	 148.89	 8.8067	34.0458	26.4039	 2.49	108.49	0.040	  161.68	 99.64
 151.00	 149.88	 8.8046	34.0466	26.4049	 2.49	108.41	0.040	  161.64	 99.64
 152.00	 150.88	 8.8045	34.0466	26.4049	 2.49	108.33	0.040	  161.61	 99.64
 153.00	 151.87	 8.8042	34.0468	26.4051	 2.49	108.32	0.040	  161.63	 99.64
 154.00	 152.86	 8.8042	34.0469	26.4052	 2.49	108.24	0.040	  161.53	 99.64
 155.00	 153.85	 8.8033	34.0471	26.4055	 2.49	108.22	0.040	  161.59	 99.64
 156.00	 154.84	 8.8029	34.0472	26.4057	 2.48	108.11	0.039	  161.53	 99.65
 157.00	 155.84	 8.8024	34.0474	26.4059	 2.48	108.12	0.040	  161.59	 99.64
 158.00	 156.83	 8.8023	34.0474	26.4060	 2.49	108.23	0.040	  161.53	 99.64
 159.00	 157.82	 8.8019	34.0474	26.4061	 2.49	108.21	0.040	  161.55	 99.64
 160.00	 158.81	 8.8014	34.0474	26.4062	 2.49	108.16	0.040	  161.47	 99.65
 161.00	 159.81	 8.8014	34.0475	26.4062	 2.49	108.17	0.040	  161.42	 99.64
 162.00	 160.80	 8.8017	34.0475	26.4062	 2.48	108.07	0.040	  161.42	 99.65
 163.00	 161.79	 8.8016	34.0475	26.4063	 2.48	107.96	0.040	  161.45	 99.65
 164.00	 162.78	 8.7995	34.0481	26.4071	 2.48	107.85	0.040	  161.35	 71.19
 165.00	 163.77	 8.7974	34.0484	26.4077	 2.47	107.61	0.040	  161.33	 24.19
 166.00	 164.77	 8.7954	34.0484	26.4080	 2.47	107.30	0.040	  161.38	 48.68
 167.00	 165.76	 8.7934	34.0490	26.4087	 2.45	106.70	0.041	  161.40	 96.73
 168.00	 166.75	 8.7907	34.0504	26.4103	 2.43	105.85	0.041	  161.38	 99.64
 169.00	 167.74	 8.7864	34.0540	26.4138	 2.42	105.24	0.040	  161.35	 99.65
 170.00	 168.73	 8.7828	34.0561	26.4161	 2.41	104.79	0.040	  161.36	 99.66
 171.00	 169.73	 8.7792	34.0567	26.4171	 2.40	104.23	0.041	  161.28	 99.66
 172.00	 170.72	 8.7740	34.0577	26.4187	 2.37	103.31	0.042	  161.27	 99.66
 173.00	 171.71	 8.7672	34.0601	26.4217	 2.35	102.12	0.041	  161.24	 99.66
 174.00	 172.70	 8.7579	34.0647	26.4268	 2.33	101.51	0.041	  161.24	 99.66
 175.00	 173.70	 8.7575	34.0651	26.4272	 2.33	101.24	0.040	  161.24	 99.66
 176.00	 174.69	 8.7574	34.0656	26.4276	 2.32	100.83	0.040	  161.22	 99.67
 177.00	 175.68	 8.7564	34.0662	26.4282	 2.30	100.00	0.040	  161.26	 99.67
 178.00	 176.67	 8.7510	34.0679	26.4304	 2.26	 98.41	0.040	  161.23	 99.68
 179.00	 177.66	 8.7424	34.0689	26.4325	 2.22	 96.39	0.040	  161.21	 99.68
 180.00	 178.66	 8.6991	34.0758	26.4447	 2.19	 95.27	0.040	  161.17	 99.68
 181.00	 179.65	 8.6753	34.0813	26.4527	 2.16	 94.18	0.040	  161.19	 99.68
 182.00	 180.64	 8.6709	34.0819	26.4539	 2.15	 93.37	0.040	  161.20	 99.69
 183.00	 181.63	 8.6666	34.0824	26.4549	 2.14	 93.13	0.040	  161.18	 99.70
 184.00	 182.62	 8.6645	34.0830	26.4558	 2.14	 92.96	0.040	  161.22	 99.71
 185.00	 183.62	 8.6636	34.0834	26.4562	 2.13	 92.78	0.041	  161.19	 99.71
 186.00	 184.61	 8.6633	34.0837	26.4565	 2.12	 92.26	0.040	  161.18	 99.71
 187.00	 185.60	 8.6625	34.0841	26.4570	 2.09	 91.08	0.040	  161.19	 99.71
 188.00	 186.59	 8.6611	34.0847	26.4577	 2.07	 89.89	0.040	  161.17	 99.71
 189.00	 187.58	 8.6549	34.0879	26.4611	 2.05	 89.29	0.040	  161.17	 99.71
 190.00	 188.58	 8.6515	34.0903	26.4636	 2.04	 88.81	0.040	  161.17	 99.71
 191.00	 189.57	 8.6520	34.0914	26.4644	 2.04	 88.58	0.040	  161.15	 99.71
 192.00	 190.56	 8.6519	34.0923	26.4651	 2.00	 87.21	0.040	  161.10	 99.73
 193.00	 191.55	 8.6509	34.0934	26.4662	 1.98	 86.06	0.040	  161.18	 99.73
 194.00	 192.54	 8.6520	34.0949	26.4672	 1.95	 84.68	0.040	  161.06	 99.73
 195.00	 193.54	 8.6553	34.0963	26.4678	 1.92	 83.61	0.040	  161.09	 99.73
 196.00	 194.53	 8.6597	34.1008	26.4707	 1.90	 82.87	0.040	  161.13	 99.73
 197.00	 195.52	 8.6556	34.1031	26.4731	 1.88	 81.65	0.040	  161.11	 99.73
 198.00	 196.51	 8.6525	34.1051	26.4752	 1.84	 80.01	0.040	  161.09	 99.75
 199.00	 197.50	 8.6510	34.1072	26.4771	 1.82	 79.22	0.040	  161.12	 99.76
 200.00	 198.50	 8.6465	34.1080	26.4784	 1.81	 78.82	0.040	  161.10	 99.76
 201.00	 199.49	 8.6433	34.1088	26.4796	 1.81	 78.74	0.040	  161.06	 99.76
 202.00	 200.48	 8.6425	34.1091	26.4800	 1.81	 78.57	0.040	  161.14	 99.76
 203.00	 201.47	 8.6419	34.1093	26.4802	 1.80	 78.44	0.040	  161.10	 99.76
 204.00	 202.46	 8.6412	34.1091	26.4802	 1.80	 78.13	0.040	  161.08	 99.76
 205.00	 203.46	 8.6392	34.1093	26.4807	 1.78	 77.47	0.040	  161.04	 99.77
 206.00	 204.45	 8.6322	34.1097	26.4821	 1.76	 76.63	0.040	  161.11	 99.76
 207.00	 205.44	 8.6181	34.1091	26.4838	 1.74	 75.59	0.040	  161.05	 99.77
 208.00	 206.43	 8.6034	34.1102	26.4869	 1.72	 74.68	0.040	  161.06	 99.77
 209.00	 207.42	 8.5848	34.1120	26.4912	 1.71	 74.19	0.040	  161.01	 99.77
 210.00	 208.42	 8.5406	34.1167	26.5018	 1.69	 73.67	0.040	  161.09	 99.77
 211.00	 209.41	 8.5198	34.1190	26.5067	 1.66	 72.43	0.040	  161.04	 99.78
 212.00	 210.40	 8.5202	34.1210	26.5082	 1.63	 71.13	0.040	  161.13	 99.78
 213.00	 211.39	 8.5230	34.1240	26.5102	 1.63	 70.70	0.040	  161.04	 99.78
 214.00	 212.38	 8.5099	34.1230	26.5114	 1.62	 70.57	0.040	  160.98	 99.78
 215.00	 213.38	 8.4884	34.1222	26.5141	 1.62	 70.50	0.040	  161.04	 99.78
 216.00	 214.37	 8.4669	34.1228	26.5179	 1.62	 70.44	0.040	  160.98	 99.78
 217.00	 215.36	 8.4432	34.1226	26.5213	 1.62	 70.43	0.040	  161.00	 99.79
 218.00	 216.35	 8.4127	34.1217	26.5254	 1.62	 70.41	0.040	  161.03	 99.79
 219.00	 217.34	 8.3812	34.1199	26.5288	 1.61	 69.96	0.042	  161.04	 99.79
 220.00	 218.34	 8.3752	34.1238	26.5328	 1.61	 69.95	0.053	  161.02	 99.80
 221.00	 219.33	 8.3708	34.1236	26.5333	 1.62	 70.40	0.041	  161.04	 99.79
 222.00	 220.32	 8.3413	34.1186	26.5338	 1.63	 70.74	0.040	  160.98	 99.80
 223.00	 221.31	 8.2957	34.1172	26.5397	 1.63	 70.88	0.040	  161.07	 99.80
 224.00	 222.30	 8.2915	34.1190	26.5417	 1.63	 70.87	0.040	  161.03	 99.80
 225.00	 223.30	 8.2934	34.1185	26.5410	 1.63	 70.77	0.040	  161.07	 99.79
 226.00	 224.29	 8.2213	34.1144	26.5487	 1.63	 70.70	0.040	  161.04	 99.79
 227.00	 225.28	 8.1690	34.1160	26.5578	 1.63	 70.99	0.040	  160.93	 99.80
 228.00	 226.27	 8.1452	34.1144	26.5601	 1.62	 70.55	0.040	  161.05	 99.80
 229.00	 227.26	 8.1241	34.1106	26.5603	 1.60	 69.73	0.040	  161.07	 99.79
 230.00	 228.25	 8.1179	34.1182	26.5672	 1.59	 69.04	0.040	  161.00	 99.80
 231.00	 229.25	 8.1238	34.1227	26.5699	 1.58	 68.55	0.040	  161.03	 99.79
 232.00	 230.24	 8.1216	34.1241	26.5713	 1.57	 68.14	0.040	  161.03	 99.79
 233.00	 231.23	 8.1163	34.1245	26.5724	 1.56	 67.88	0.040	  161.06	 99.80
 234.00	 232.22	 8.1090	34.1249	26.5739	 1.56	 67.69	0.040	  161.03	 99.80
 235.00	 233.21	 8.1061	34.1250	26.5744	 1.55	 67.56	0.040	  161.01	 99.80
 236.00	 234.21	 8.1002	34.1253	26.5755	 1.55	 67.39	0.040	  160.98	 99.80
 237.00	 235.20	 8.0952	34.1262	26.5770	 1.55	 67.27	0.040	  161.06	 99.80
 238.00	 236.19	 8.0950	34.1261	26.5770	 1.54	 67.12	0.040	  160.97	 99.80
 239.00	 237.18	 8.0899	34.1265	26.5780	 1.54	 66.89	0.040	  160.98	 99.80
 240.00	 238.17	 8.0875	34.1270	26.5788	 1.53	 66.73	0.040	  160.98	 99.80
 241.00	 239.17	 8.0866	34.1278	26.5795	 1.53	 66.72	0.040	  160.95	 99.80
 242.00	 240.16	 8.0844	34.1278	26.5799	 1.53	 66.71	0.041	  160.91	 99.81
 243.00	 241.15	 8.0678	34.1275	26.5822	 1.53	 66.48	0.041	  160.91	 99.81
 244.00	 242.14	 8.0305	34.1265	26.5869	 1.52	 66.10	0.040	  160.88	 99.81
 245.00	 243.13	 8.0218	34.1303	26.5912	 1.51	 65.63	0.040	  160.90	 99.81
 246.00	 244.12	 8.0228	34.1318	26.5922	 1.49	 64.69	0.040	  160.88	 99.81
 247.00	 245.12	 8.0252	34.1350	26.5944	 1.46	 63.37	0.040	  160.89	 99.81
 248.00	 246.11	 8.0481	34.1467	26.6003	 1.42	 61.97	0.040	  160.92	 99.81
 249.00	 247.10	 8.0744	34.1584	26.6055	 1.40	 60.94	0.040	  160.93	 99.81
 250.00	 248.09	 8.0689	34.1567	26.6050	 1.39	 60.32	0.040	  160.94	 99.82
 251.00	 249.08	 8.0248	34.1582	26.6127	 1.37	 59.67	0.040	  160.89	 99.83
 252.00	 250.07	 8.0101	34.1611	26.6173	 1.36	 59.11	0.040	  160.92	 99.83
 253.00	 251.07	 8.0060	34.1641	26.6202	 1.34	 58.29	0.040	  160.91	 99.83
 254.00	 252.06	 8.0014	34.1636	26.6205	 1.31	 57.08	0.040	  160.92	 99.83
 255.00	 253.05	 8.0058	34.1704	26.6252	 1.29	 55.95	0.040	  160.93	 99.83
 256.00	 254.04	 8.0149	34.1748	26.6274	 1.27	 55.23	0.040	  160.92	 99.83
 257.00	 255.03	 8.0083	34.1772	26.6302	 1.26	 55.03	0.040	  160.91	 99.83
 258.00	 256.03	 8.0027	34.1784	26.6320	 1.26	 54.76	0.040	  160.88	 99.84
 259.00	 257.02	 7.9965	34.1794	26.6338	 1.25	 54.46	0.040	  160.89	 99.85
 260.00	 258.01	 7.9936	34.1798	26.6345	 1.24	 54.07	0.040	  160.88	 99.85
 261.00	 259.00	 7.9880	34.1812	26.6364	 1.23	 53.70	0.040	  160.87	 99.85
 262.00	 259.99	 7.9876	34.1812	26.6365	 1.22	 52.96	0.040	  160.87	 99.85
 263.00	 260.98	 7.9809	34.1827	26.6387	 1.19	 51.81	0.040	  160.88	 99.85
 264.00	 261.98	 7.9749	34.1848	26.6412	 1.17	 50.92	0.040	  160.91	 99.85
 265.00	 262.97	 7.9674	34.1872	26.6443	 1.16	 50.29	0.040	  160.92	 99.85
 266.00	 263.96	 7.9587	34.1869	26.6453	 1.14	 49.66	0.040	  160.91	 99.85
 267.00	 264.95	 7.9455	34.1893	26.6491	 1.13	 49.29	0.040	  160.89	 99.85
 268.00	 265.94	 7.9384	34.1903	26.6510	 1.13	 49.02	0.040	  160.93	 99.85
 269.00	 266.93	 7.9249	34.1903	26.6530	 1.12	 48.54	0.040	  160.89	 99.86
 270.00	 267.93	 7.9132	34.1906	26.6550	 1.10	 47.73	0.040	  160.89	 99.87
 271.00	 268.92	 7.8804	34.1929	26.6616	 1.09	 47.30	0.040	  160.87	 99.87
 272.00	 269.91	 7.8498	34.1961	26.6686	 1.08	 47.07	0.040	  160.83	 99.88
 273.00	 270.90	 7.8374	34.1965	26.6707	 1.08	 46.79	0.040	  160.89	 99.87
 274.00	 271.89	 7.8220	34.1947	26.6716	 1.07	 46.58	0.040	  160.86	 99.88
 275.00	 272.88	 7.7844	34.1951	26.6774	 1.07	 46.39	0.040	  160.89	 99.88
 276.00	 273.88	 7.7566	34.1932	26.6800	 1.06	 46.28	0.040	  160.84	 99.88
 277.00	 274.87	 7.7273	34.1932	26.6842	 1.06	 46.14	0.040	  160.84	 99.88
 278.00	 275.86	 7.7280	34.1933	26.6843	 1.06	 45.94	0.040	  160.85	 99.88
 279.00	 276.85	 7.7260	34.1935	26.6847	 1.05	 45.69	0.040	  160.86	 99.88
 280.00	 277.84	 7.7210	34.1944	26.6862	 1.04	 45.36	0.040	  160.84	 99.88
 281.00	 278.83	 7.7177	34.1949	26.6870	 1.04	 45.14	0.040	  160.81	 99.88
 282.00	 279.83	 7.7143	34.1957	26.6882	 1.03	 44.97	0.040	  160.81	 99.88
 283.00	 280.82	 7.6998	34.1946	26.6894	 1.03	 44.85	0.040	  160.84	 99.88
 284.00	 281.81	 7.6921	34.1954	26.6911	 1.03	 44.71	0.040	  160.84	 99.88
 285.00	 282.80	 7.6846	34.1955	26.6924	 1.02	 44.50	0.040	  160.82	 99.88
 286.00	 283.79	 7.6663	34.1940	26.6938	 1.01	 44.06	0.040	  160.81	 99.88
 287.00	 284.78	 7.6458	34.2012	26.7024	 1.00	 43.53	0.040	  160.83	 99.88
 288.00	 285.77	 7.6700	34.2076	26.7040	 0.99	 43.20	0.040	  160.81	 99.88
 289.00	 286.77	 7.6719	34.2079	26.7040	 0.99	 42.99	0.041	  160.82	 99.88
 290.00	 287.76	 7.6744	34.2088	26.7043	 0.98	 42.80	0.041	  160.78	 99.88
 291.00	 288.75	 7.6753	34.2087	26.7042	 0.98	 42.50	0.040	  160.77	 99.89
 292.00	 289.74	 7.6786	34.2108	26.7053	 0.97	 42.07	0.040	  160.74	 99.89
 293.00	 290.73	 7.6790	34.2131	26.7071	 0.96	 41.75	0.040	  160.73	 99.89
 294.00	 291.72	 7.6784	34.2157	26.7093	 0.96	 41.55	0.040	  160.77	 99.89
 295.00	 292.72	 7.6809	34.2166	26.7096	 0.95	 41.46	0.041	  160.68	 99.89
 296.00	 293.71	 7.6823	34.2167	26.7095	 0.95	 41.25	0.041	  160.72	 99.89
 297.00	 294.70	 7.6826	34.2166	26.7094	 0.95	 41.23	0.040	  160.70	 99.90
 298.00	 295.69	 7.6803	34.2164	26.7096	 0.95	 41.29	0.041	  160.71	 99.90
 299.00	 296.68	 7.6631	34.2153	26.7112	 0.95	 41.26	0.041	  160.67	 99.90
 300.00	 297.67	 7.6534	34.2148	26.7122	 0.95	 41.38	0.040	  160.69	 99.90
 301.00	 298.67	 7.6451	34.2124	26.7115	 0.95	 41.43	0.040	  160.69	 99.90
 302.00	 299.66	 7.6273	34.2099	26.7122	 0.95	 41.42	0.040	  160.71	 99.90
 303.00	 300.65	 7.6141	34.2101	26.7142	 0.95	 41.44	0.041	  160.72	 99.90
 304.00	 301.64	 7.6108	34.2102	26.7148	 0.95	 41.36	0.041	  160.71	 99.90
 305.00	 302.63	 7.6064	34.2105	26.7157	 0.94	 41.09	0.041	  160.73	 99.90
 306.00	 303.62	 7.6107	34.2126	26.7167	 0.94	 40.77	0.040	  160.73	 99.90
 307.00	 304.61	 7.5966	34.2114	26.7178	 0.94	 40.70	0.040	  160.71	 99.90
 308.00	 305.61	 7.5833	34.2111	26.7195	 0.93	 40.57	0.040	  160.69	 99.90
 309.00	 306.60	 7.5829	34.2122	26.7205	 0.93	 40.47	0.040	  160.68	 99.90
 310.00	 307.59	 7.5828	34.2127	26.7209	 0.93	 40.27	0.040	  160.68	 99.90
 311.00	 308.58	 7.5883	34.2144	26.7214	 0.92	 40.00	0.040	  160.66	 99.90
 312.00	 309.57	 7.5933	34.2162	26.7221	 0.91	 39.58	0.040	  160.70	 99.90
 313.00	 310.56	 7.5971	34.2180	26.7230	 0.89	 38.78	0.040	  160.63	 99.90
 314.00	 311.55	 7.6179	34.2245	26.7251	 0.87	 37.83	0.040	  160.64	 99.90
 315.00	 312.55	 7.6219	34.2273	26.7268	 0.84	 36.45	0.040	  160.66	 99.90
 316.00	 313.54	 7.6301	34.2312	26.7287	 0.80	 34.83	0.040	  160.64	 99.90
 317.00	 314.53	 7.6804	34.2504	26.7366	 0.77	 33.59	0.041	  160.62	 99.90
 318.00	 315.52	 7.7128	34.2557	26.7361	 0.75	 32.41	0.041	  160.65	 99.90
 319.00	 316.51	 7.7214	34.2585	26.7370	 0.72	 31.46	0.040	  160.60	 99.91
 320.00	 317.50	 7.7272	34.2604	26.7377	 0.72	 31.14	0.040	  160.63	 99.92
 321.00	 318.49	 7.7285	34.2608	26.7378	 0.71	 30.98	0.040	  160.63	 99.93
 322.00	 319.49	 7.7282	34.2606	26.7378	 0.71	 30.69	0.041	  160.57	 99.93
 323.00	 320.48	 7.7272	34.2606	26.7379	 0.70	 30.45	0.042	  160.64	 99.93
 324.00	 321.47	 7.7305	34.2625	26.7390	 0.69	 30.21	0.041	  160.55	 99.93
 325.00	 322.46	 7.7336	34.2635	26.7393	 0.69	 30.00	0.040	  160.58	 99.93
 326.00	 323.45	 7.7345	34.2639	26.7395	 0.68	 29.61	0.041	  160.56	 99.93
 327.00	 324.44	 7.7355	34.2651	26.7403	 0.67	 29.17	0.042	  160.59	 99.93
 328.00	 325.43	 7.7339	34.2668	26.7419	 0.66	 28.89	0.041	  160.52	 99.93
 329.00	 326.43	 7.7258	34.2675	26.7436	 0.66	 28.85	0.041	  160.57	 99.93
 330.00	 327.42	 7.7207	34.2681	26.7449	 0.66	 28.91	0.041	  160.55	 99.93
 331.00	 328.41	 7.7032	34.2667	26.7463	 0.66	 28.76	0.040	  160.51	 99.93
 332.00	 329.40	 7.6827	34.2683	26.7506	 0.66	 28.50	0.040	  160.47	 99.93
 333.00	 330.39	 7.6780	34.2706	26.7531	 0.66	 28.51	0.040	  160.54	 99.93
 334.00	 331.38	 7.6732	34.2704	26.7536	 0.66	 28.81	0.040	  160.53	 99.93
 335.00	 332.37	 7.6335	34.2622	26.7529	 0.66	 28.88	0.040	  160.50	 99.93
 336.00	 333.37	 7.5859	34.2595	26.7576	 0.66	 28.67	0.040	  160.53	 99.93
 337.00	 334.36	 7.5779	34.2664	26.7642	 0.65	 28.48	0.041	  160.51	 99.93
 338.00	 335.35	 7.5886	34.2708	26.7661	 0.65	 28.21	0.041	  160.46	 99.93
 339.00	 336.34	 7.5912	34.2721	26.7668	 0.64	 28.01	0.040	  160.47	 99.93
 340.00	 337.33	 7.5904	34.2729	26.7675	 0.64	 27.73	0.040	  160.45	 99.93
 341.00	 338.32	 7.5871	34.2745	26.7693	 0.63	 27.57	0.041	  160.48	 99.93
 342.00	 339.31	 7.5847	34.2751	26.7701	 0.63	 27.37	0.042	  160.45	 99.93
 343.00	 340.30	 7.5818	34.2755	26.7709	 0.63	 27.19	0.040	  160.45	 99.93
 344.00	 341.30	 7.5739	34.2766	26.7729	 0.62	 27.11	0.041	  160.47	 99.93
 345.00	 342.29	 7.5706	34.2771	26.7737	 0.62	 27.06	0.040	  160.45	 99.94
 346.00	 343.28	 7.5722	34.2770	26.7735	 0.62	 26.99	0.040	  160.42	 99.94
 347.00	 344.27	 7.5711	34.2770	26.7737	 0.62	 27.04	0.041	  160.46	 99.94
 348.00	 345.26	 7.5704	34.2770	26.7738	 0.62	 26.97	0.041	  160.42	 99.94
 349.00	 346.25	 7.5674	34.2766	26.7739	 0.62	 26.94	0.040	  160.45	 99.94
 350.00	 347.24	 7.5643	34.2768	26.7745	 0.62	 26.94	0.040	  160.46	 99.93
 351.00	 348.24	 7.5633	34.2766	26.7745	 0.62	 26.89	0.041	  160.41	 99.94
 352.00	 349.23	 7.5586	34.2768	26.7753	 0.62	 26.78	0.040	  160.41	 99.94
 353.00	 350.22	 7.5555	34.2779	26.7767	 0.61	 26.61	0.041	  160.43	 99.94
 354.00	 351.21	 7.5543	34.2783	26.7772	 0.61	 26.43	0.042	  160.41	 99.94
 355.00	 352.20	 7.5526	34.2785	26.7776	 0.60	 26.02	0.042	  160.41	 99.94
 356.00	 353.19	 7.5488	34.2784	26.7781	 0.59	 25.71	0.042	  160.38	 99.94
 357.00	 354.18	 7.5279	34.2808	26.7829	 0.59	 25.49	0.042	  160.39	 99.94
 358.00	 355.17	 7.5161	34.2821	26.7857	 0.58	 25.28	0.042	  160.41	 99.94
 359.00	 356.17	 7.5037	34.2835	26.7886	 0.57	 24.96	0.041	  160.41	 99.94
 360.00	 357.16	 7.4805	34.2860	26.7938	 0.56	 24.45	0.040	  160.42	 99.94
 361.00	 358.15	 7.4662	34.2868	26.7966	 0.55	 23.83	0.040	  160.41	 99.94
 362.00	 359.14	 7.4498	34.2878	26.7997	 0.54	 23.40	0.040	  160.48	 99.94
 363.00	 360.13	 7.4322	34.2874	26.8018	 0.53	 23.22	0.040	  160.36	 99.95
 364.00	 361.12	 7.4079	34.2892	26.8067	 0.53	 23.07	0.041	  160.45	 99.95
 365.00	 362.11	 7.3938	34.2907	26.8099	 0.53	 22.92	0.042	  160.44	 99.95
 366.00	 363.10	 7.3808	34.2919	26.8127	 0.52	 22.72	0.041	  160.43	 99.95
 367.00	 364.10	 7.3756	34.2929	26.8142	 0.52	 22.49	0.040	  160.44	 99.95
 368.00	 365.09	 7.3717	34.2931	26.8150	 0.51	 22.40	0.041	  160.39	 99.95
 369.00	 366.08	 7.3694	34.2932	26.8154	 0.51	 22.26	0.041	  160.45	 99.95
 370.00	 367.07	 7.3656	34.2931	26.8158	 0.51	 22.10	0.040	  160.43	 99.95
 371.00	 368.06	 7.3549	34.2932	26.8175	 0.51	 22.00	0.041	  160.42	 99.95
 372.00	 369.05	 7.3450	34.2936	26.8191	 0.50	 21.85	0.042	  160.39	 99.95
 373.00	 370.04	 7.3253	34.2939	26.8222	 0.50	 21.74	0.041	  160.36	 99.95
 374.00	 371.03	 7.3142	34.2950	26.8246	 0.50	 21.68	0.040	  160.41	 99.95
 375.00	 372.02	 7.3029	34.2955	26.8267	 0.49	 21.46	0.040	  160.42	 99.95
 376.00	 373.02	 7.2956	34.2955	26.8277	 0.49	 21.21	0.040	  160.37	 99.95
 377.00	 374.01	 7.2650	34.2967	26.8329	 0.48	 20.88	0.040	  160.43	 99.95
 378.00	 375.00	 7.2425	34.2976	26.8368	 0.47	 20.50	0.040	  160.36	 99.95
 379.00	 375.99	 7.2165	34.2973	26.8402	 0.46	 20.14	0.040	  160.41	 99.95
 380.00	 376.98	 7.1850	34.2979	26.8451	 0.46	 20.03	0.040	  160.41	 99.95
 381.00	 377.97	 7.1686	34.3009	26.8497	 0.46	 19.90	0.040	  160.41	 99.95
 382.00	 378.96	 7.1630	34.3009	26.8505	 0.45	 19.72	0.040	  160.40	 99.95
 383.00	 379.95	 7.1562	34.3018	26.8522	 0.45	 19.62	0.040	  160.38	 99.95
 384.00	 380.94	 7.1538	34.3020	26.8527	 0.45	 19.58	0.040	  160.34	 99.95
 385.00	 381.94	 7.1489	34.3025	26.8537	 0.45	 19.41	0.040	  160.37	 99.96
 386.00	 382.93	 7.1441	34.3024	26.8544	 0.44	 19.24	0.040	  160.35	 99.95
 387.00	 383.92	 7.1215	34.3028	26.8578	 0.44	 19.04	0.040	  160.40	 99.96
 388.00	 384.91	 7.1064	34.3031	26.8601	 0.44	 18.93	0.040	  160.38	 99.95
 389.00	 385.90	 7.0965	34.3038	26.8621	 0.43	 18.85	0.040	  160.36	 99.95
 390.00	 386.89	 7.0862	34.3049	26.8644	 0.43	 18.84	0.041	  160.35	 99.95
 391.00	 387.88	 7.0900	34.3049	26.8639	 0.43	 18.67	0.041	  160.38	 99.96
 392.00	 388.87	 7.0825	34.3045	26.8646	 0.43	 18.61	0.041	  160.33	 99.96
 393.00	 389.86	 7.0668	34.3057	26.8677	 0.43	 18.49	0.042	  160.25	 99.96
 394.00	 390.86	 7.0635	34.3059	26.8683	 0.43	 18.57	0.042	  160.30	 99.96
 395.00	 391.85	 7.0627	34.3061	26.8686	 0.43	 18.57	0.042	  160.34	 99.96
 396.00	 392.84	 7.0670	34.3061	26.8681	 0.43	 18.55	0.040	  160.27	 99.96
 397.00	 393.83	 7.0668	34.3059	26.8679	 0.42	 18.46	0.040	  160.27	 99.96
 398.00	 394.82	 7.0659	34.3055	26.8677	 0.42	 18.46	0.040	  160.26	 99.96
 399.00	 395.81	 7.0630	34.3066	26.8691	 0.42	 18.37	0.040	  160.22	 99.96
 400.00	 396.80	 7.0651	34.3060	26.8683	 0.42	 18.38	0.040	  160.25	 99.96
 401.00	 397.79	 7.0652	34.3060	26.8683	 0.42	 18.35	0.040	  160.20	 99.97
 402.00	 398.78	 7.0577	34.3066	26.8698	 0.42	 18.31	0.041	  160.27	 99.97
 403.00	 399.78	 7.0565	34.3065	26.8699	 0.42	 18.27	0.042	  160.25	 99.97
 404.00	 400.77	 7.0565	34.3066	26.8700	 0.42	 18.17	0.041	  160.25	 99.96
 405.00	 401.76	 7.0553	34.3064	26.8700	 0.42	 18.19	0.040	  160.25	 99.97
 406.00	 402.75	 7.0549	34.3063	26.8700	 0.42	 18.17	0.040	  160.22	 99.97
 407.00	 403.74	 7.0519	34.3067	26.8707	 0.42	 18.20	0.040	  160.27	 99.96
 408.00	 404.73	 7.0534	34.3065	26.8704	 0.42	 18.20	0.041	  160.23	 99.97
 409.00	 405.72	 7.0502	34.3064	26.8708	 0.42	 18.17	0.041	  160.22	 99.97
 410.00	 406.71	 7.0493	34.3067	26.8711	 0.42	 18.13	0.040	  160.22	 99.97
 411.00	 407.70	 7.0467	34.3066	26.8715	 0.41	 18.00	0.040	  160.19	 99.96
 412.00	 408.69	 7.0466	34.3068	26.8716	 0.41	 17.91	0.040	  160.20	 99.96
 413.00	 409.69	 7.0402	34.3056	26.8716	 0.41	 17.95	0.041	  160.25	 99.97
 414.00	 410.68	 7.0242	34.3062	26.8742	 0.41	 17.90	0.041	  160.19	 99.96
 415.00	 411.67	 7.0130	34.3075	26.8768	 0.41	 17.73	0.040	  160.19	 99.97
 416.00	 412.66	 7.0080	34.3076	26.8776	 0.41	 17.71	0.040	  160.22	 99.97
 417.00	 413.65	 7.0012	34.3072	26.8782	 0.40	 17.51	0.042	  160.20	 99.97
 418.00	 414.64	 6.9947	34.3080	26.8798	 0.40	 17.55	0.041	  160.17	 99.97
 419.00	 415.63	 6.9909	34.3081	26.8803	 0.40	 17.56	0.040	  160.15	 99.97
 420.00	 416.62	 6.9885	34.3082	26.8808	 0.40	 17.48	0.040	  160.18	 99.97
 421.00	 417.61	 6.9865	34.3085	26.8813	 0.40	 17.37	0.040	  160.18	 99.97
 422.00	 418.60	 6.9837	34.3085	26.8817	 0.40	 17.40	0.040	  160.16	 99.97
 423.00	 419.60	 6.9805	34.3086	26.8823	 0.40	 17.40	0.040	  160.19	 99.97
 424.00	 420.59	 6.9781	34.3087	26.8827	 0.40	 17.39	0.041	  160.17	 99.97
 425.00	 421.58	 6.9773	34.3090	26.8831	 0.40	 17.34	0.041	  160.21	 99.97
 426.00	 422.57	 6.9775	34.3091	26.8831	 0.40	 17.30	0.040	  160.11	 99.97
 427.00	 423.56	 6.9762	34.3089	26.8831	 0.40	 17.23	0.040	  160.11	 99.97
 428.00	 424.55	 6.9753	34.3091	26.8834	 0.40	 17.25	0.041	  160.10	 99.97
 429.00	 425.54	 6.9742	34.3091	26.8836	 0.40	 17.26	0.041	  160.02	 99.97
 430.00	 426.53	 6.9731	34.3091	26.8838	 0.40	 17.23	0.042	  160.08	 99.98
 431.00	 427.52	 6.9717	34.3093	26.8841	 0.40	 17.21	0.041	  160.11	 99.98
 432.00	 428.51	 6.9702	34.3092	26.8843	 0.40	 17.23	0.040	  160.07	 99.98
 433.00	 429.50	 6.9685	34.3093	26.8846	 0.40	 17.22	0.041	  160.04	 99.98
 434.00	 430.50	 6.9673	34.3093	26.8847	 0.39	 17.15	0.042	  160.04	 99.98
 435.00	 431.49	 6.9653	34.3090	26.8848	 0.39	 17.02	0.042	  160.07	 99.98
 436.00	 432.48	 6.9547	34.3089	26.8862	 0.39	 17.00	0.042	  160.07	 99.98
 437.00	 433.47	 6.9503	34.3094	26.8872	 0.39	 17.01	0.042	  159.99	 99.98
 438.00	 434.46	 6.9442	34.3092	26.8879	 0.39	 16.95	0.041	  160.01	 99.98
 439.00	 435.45	 6.9359	34.3094	26.8892	 0.39	 16.84	0.040	  160.05	 99.98
 440.00	 436.44	 6.9191	34.3093	26.8914	 0.39	 16.75	0.040	  160.02	 99.98
 441.00	 437.43	 6.9063	34.3107	26.8942	 0.38	 16.71	0.040	  160.07	 99.98
 442.00	 438.42	 6.9051	34.3107	26.8944	 0.38	 16.56	0.041	  160.04	 99.98
 443.00	 439.41	 6.9050	34.3108	26.8945	 0.38	 16.67	0.042	  160.00	 99.98
 444.00	 440.40	 6.9047	34.3106	26.8944	 0.38	 16.67	0.042	  159.99	 99.98
 445.00	 441.39	 6.9042	34.3107	26.8946	 0.38	 16.59	0.041	  159.97	 99.98
 446.00	 442.39	 6.9031	34.3106	26.8947	 0.38	 16.64	0.040	  159.97	 99.98
 447.00	 443.38	 6.9018	34.3108	26.8950	 0.38	 16.63	0.041	  159.98	 99.98
 448.00	 444.37	 6.9012	34.3109	26.8952	 0.38	 16.60	0.040	  159.97	 99.98
 449.00	 445.36	 6.9011	34.3109	26.8953	 0.38	 16.53	0.040	  160.00	 99.98
 450.00	 446.35	 6.8999	34.3108	26.8953	 0.38	 16.47	0.041	  160.00	 99.98
 451.00	 447.34	 6.8929	34.3104	26.8959	 0.38	 16.43	0.042	  159.90	 99.98
 452.00	 448.33	 6.8876	34.3101	26.8965	 0.38	 16.41	0.040	  159.92	 99.98
 453.00	 449.32	 6.8774	34.3109	26.8985	 0.38	 16.43	0.040	  159.93	 99.98
 454.00	 450.31	 6.8713	34.3114	26.8997	 0.38	 16.42	0.041	  159.96	 99.98
 455.00	 451.30	 6.8710	34.3114	26.8998	 0.38	 16.40	0.041	  159.92	 99.98
 456.00	 452.29	 6.8707	34.3114	26.8999	 0.38	 16.36	0.040	  159.91	 99.98
 457.00	 453.28	 6.8701	34.3114	26.8999	 0.38	 16.33	0.040	  159.90	 99.98
 458.00	 454.28	 6.8691	34.3114	26.9001	 0.38	 16.32	0.040	  159.94	 99.98
 459.00	 455.27	 6.8687	34.3115	26.9002	 0.38	 16.36	0.040	  159.92	 99.98
 460.00	 456.26	 6.8680	34.3116	26.9004	 0.37	 16.25	0.041	  159.86	 99.98
 461.00	 457.25	 6.8681	34.3114	26.9003	 0.37	 16.23	0.041	  159.90	 99.98
 462.00	 458.24	 6.8675	34.3115	26.9004	 0.37	 16.27	0.041	  159.86	 99.98
 463.00	 459.23	 6.8580	34.3102	26.9007	 0.37	 16.17	0.041	  159.85	 99.98
 464.00	 460.22	 6.8335	34.3108	26.9045	 0.37	 15.99	0.041	  159.88	 99.98
 465.00	 461.21	 6.8251	34.3119	26.9065	 0.37	 16.00	0.040	  159.86	 99.98
 466.00	 462.20	 6.8177	34.3124	26.9079	 0.37	 16.01	0.042	  159.83	 99.98
 467.00	 463.19	 6.8156	34.3128	26.9086	 0.37	 15.92	0.042	  159.82	 99.98
 468.00	 464.18	 6.8153	34.3127	26.9085	 0.37	 15.90	0.042	  159.79	 99.98
 469.00	 465.17	 6.8148	34.3127	26.9086	 0.37	 15.88	0.042	  159.77	 99.98
 470.00	 466.16	 6.8138	34.3130	26.9090	 0.36	 15.85	0.042	  159.83	 99.98
 471.00	 467.15	 6.8143	34.3129	26.9088	 0.36	 15.85	0.042	  159.81	 99.98
 472.00	 468.15	 6.8065	34.3126	26.9097	 0.36	 15.85	0.040	  159.74	 99.98
 473.00	 469.14	 6.8051	34.3132	26.9103	 0.36	 15.78	0.040	  159.78	 99.98
 474.00	 470.13	 6.7999	34.3125	26.9105	 0.36	 15.68	0.041	  159.81	 99.98
 475.00	 471.12	 6.7872	34.3132	26.9127	 0.36	 15.66	0.042	  159.82	 99.98
 476.00	 472.11	 6.7811	34.3136	26.9139	 0.36	 15.66	0.041	  159.77	 99.98
 477.00	 473.10	 6.7756	34.3141	26.9151	 0.36	 15.62	0.040	  159.76	 99.98
 478.00	 474.09	 6.7729	34.3139	26.9153	 0.36	 15.51	0.040	  159.78	 99.98
 479.00	 475.08	 6.7718	34.3141	26.9156	 0.36	 15.52	0.040	  159.80	 99.98
 480.00	 476.07	 6.7710	34.3142	26.9158	 0.36	 15.50	0.042	  159.79	 99.98
 481.00	 477.06	 6.7707	34.3143	26.9159	 0.36	 15.47	0.041	  159.81	 99.98
 482.00	 478.05	 6.7705	34.3142	26.9159	 0.36	 15.47	0.041	  159.73	 99.98
 483.00	 479.04	 6.7688	34.3141	26.9160	 0.36	 15.47	0.042	  159.74	 99.98
 484.00	 480.03	 6.7636	34.3144	26.9170	 0.36	 15.48	0.042	  159.70	 99.98
 485.00	 481.02	 6.7606	34.3141	26.9172	 0.36	 15.49	0.041	  159.71	 99.98
 486.00	 482.01	 6.7560	34.3149	26.9184	 0.36	 15.48	0.041	  159.71	 99.98
 487.00	 483.01	 6.7501	34.3142	26.9187	 0.35	 15.41	0.040	  159.72	 99.98
 488.00	 484.00	 6.7453	34.3148	26.9198	 0.35	 15.25	0.040	  159.73	 99.98
 489.00	 484.99	 6.7376	34.3148	26.9208	 0.35	 15.17	0.040	  159.70	 99.98
 490.00	 485.98	 6.7313	34.3152	26.9220	 0.35	 15.11	0.040	  159.70	 99.98
 491.00	 486.97	 6.7253	34.3157	26.9232	 0.35	 15.01	0.040	  159.70	 99.98
 492.00	 487.96	 6.7204	34.3158	26.9240	 0.35	 15.05	0.041	  159.69	 99.98
 493.00	 488.95	 6.7138	34.3157	26.9248	 0.35	 15.05	0.042	  159.72	 99.98
 494.00	 489.94	 6.7126	34.3163	26.9255	 0.35	 15.06	0.041	  159.69	 99.98
 495.00	 490.93	 6.7113	34.3163	26.9257	 0.35	 15.02	0.041	  159.68	 99.98
 496.00	 491.92	 6.7093	34.3164	26.9260	 0.34	 14.99	0.040	  159.70	 99.98
 497.00	 492.91	 6.7077	34.3164	26.9262	 0.34	 14.85	0.042	  159.75	 99.98
 498.00	 493.90	 6.7042	34.3160	26.9264	 0.34	 14.78	0.041	  159.63	 99.98
 499.00	 494.89	 6.6961	34.3164	26.9278	 0.34	 14.88	0.041	  159.66	 99.98
 500.00	 495.88	 6.6909	34.3167	26.9288	 0.34	 14.84	0.042	  159.67	 99.98
 501.00	 496.87	 6.6854	34.3170	26.9297	 0.34	 14.72	0.042	  159.63	 99.98
 502.00	 497.86	 6.6786	34.3171	26.9307	 0.34	 14.66	0.042	  159.63	 99.98
 503.00	 498.86	 6.6619	34.3178	26.9335	 0.34	 14.61	0.040	  159.66	 99.98
 504.00	 499.85	 6.6502	34.3181	26.9353	 0.33	 14.50	0.040	  159.64	 99.98
 505.00	 500.84	 6.6392	34.3188	26.9373	 0.33	 14.44	0.040	  159.63	 99.98
 506.00	 501.83	 6.6387	34.3190	26.9376	 0.33	 14.47	0.041	  159.61	 99.98
 507.00	 502.82	 6.6386	34.3191	26.9377	 0.33	 14.46	0.041	  159.60	 99.98
 508.00	 503.81	 6.6331	34.3186	26.9381	 0.33	 14.40	0.040	  159.64	 99.98
 509.00	 504.80	 6.6255	34.3194	26.9397	 0.33	 14.30	0.040	  159.61	 99.98
 510.00	 505.79	 6.6246	34.3195	26.9399	 0.33	 14.27	0.041	  159.64	 99.98
 511.00	 506.78	 6.6239	34.3195	26.9400	 0.33	 14.27	0.041	  159.59	 99.98
 512.00	 507.77	 6.6241	34.3198	26.9402	 0.33	 14.27	0.040	  159.61	 99.98
 513.00	 508.76	 6.6210	34.3193	26.9403	 0.33	 14.29	0.040	  159.63	 99.98
 514.00	 509.75	 6.6178	34.3200	26.9412	 0.33	 14.29	0.041	  159.58	 99.98
 515.00	 510.74	 6.6188	34.3197	26.9409	 0.33	 14.30	0.042	  159.59	 99.98
 516.00	 511.73	 6.6175	34.3197	26.9411	 0.33	 14.27	0.042	  159.60	 99.98
 517.00	 512.72	 6.6150	34.3199	26.9415	 0.33	 14.22	0.041	  159.55	 99.98
 518.00	 513.71	 6.6113	34.3198	26.9420	 0.33	 14.18	0.040	  159.56	 99.98
 519.00	 514.70	 6.6085	34.3202	26.9427	 0.33	 14.14	0.040	  159.52	 99.98
 520.00	 515.69	 6.6083	34.3202	26.9428	 0.33	 14.19	0.041	  159.54	 99.98
 521.00	 516.68	 6.6082	34.3202	26.9427	 0.33	 14.14	0.041	  159.47	 99.98
 522.00	 517.67	 6.6082	34.3202	26.9428	 0.32	 14.12	0.040	  159.51	 99.98
 523.00	 518.67	 6.6085	34.3202	26.9428	 0.32	 14.08	0.041	  159.54	 99.98
 524.00	 519.66	 6.6091	34.3202	26.9427	 0.32	 14.07	0.041	  159.50	 99.98
 525.00	 520.65	 6.6073	34.3203	26.9430	 0.32	 14.09	0.040	  159.48	 99.98
 526.00	 521.64	 6.6068	34.3205	26.9432	 0.32	 14.11	0.040	  159.49	 99.98
 527.00	 522.63	 6.6071	34.3204	26.9431	 0.32	 14.11	0.041	  159.47	 99.98
 528.00	 523.62	 6.6068	34.3203	26.9431	 0.32	 14.13	0.041	  159.47	 99.98
 529.00	 524.61	 6.6064	34.3203	26.9432	 0.32	 14.08	0.041	  159.46	 99.98
 530.00	 525.60	 6.6060	34.3203	26.9433	 0.32	 14.10	0.041	  159.45	 99.98
 531.00	 526.59	 6.6060	34.3203	26.9432	 0.32	 14.09	0.041	  159.45	 99.98
 532.00	 527.58	 6.6047	34.3203	26.9435	 0.32	 14.08	0.040	  159.45	 99.98
 533.00	 528.57	 6.6048	34.3203	26.9435	 0.32	 14.11	0.040	  159.46	 99.98
 534.00	 529.56	 6.6048	34.3204	26.9436	 0.32	 14.09	0.041	  159.42	 99.99
 535.00	 530.55	 6.6041	34.3203	26.9436	 0.32	 14.10	0.042	  159.44	 99.98
 536.00	 531.54	 6.6034	34.3203	26.9437	 0.32	 14.05	0.042	  159.47	 99.98
 537.00	 532.53	 6.6025	34.3203	26.9438	 0.32	 14.01	0.041	  159.46	 99.98
 538.00	 533.52	 6.6010	34.3205	26.9441	 0.32	 13.95	0.040	  159.46	 99.98
 539.00	 534.51	 6.5971	34.3199	26.9442	 0.32	 13.86	0.040	  159.46	 99.98
 540.00	 535.50	 6.5909	34.3204	26.9455	 0.32	 13.89	0.040	  159.42	 99.98
 541.00	 536.49	 6.5781	34.3206	26.9473	 0.32	 13.81	0.040	  159.41	 99.98
 542.00	 537.48	 6.5667	34.3206	26.9489	 0.31	 13.70	0.041	  159.46	 99.98
 543.00	 538.47	 6.5361	34.3227	26.9545	 0.31	 13.57	0.041	  159.43	 99.98
 544.00	 539.46	 6.5246	34.3235	26.9567	 0.31	 13.47	0.040	  159.41	 99.98
 545.00	 540.45	 6.5199	34.3243	26.9580	 0.31	 13.49	0.040	  159.41	 99.99
 546.00	 541.44	 6.5207	34.3238	26.9575	 0.31	 13.47	0.040	  159.37	 99.98
 547.00	 542.44	 6.5135	34.3241	26.9586	 0.31	 13.41	0.040	  159.40	 99.99
 548.00	 543.43	 6.5076	34.3244	26.9597	 0.31	 13.32	0.041	  159.36	 99.99
 549.00	 544.42	 6.5004	34.3243	26.9605	 0.30	 13.23	0.041	  159.41	 99.99
 550.00	 545.41	 6.4830	34.3248	26.9633	 0.30	 13.16	0.041	  159.38	 99.98
 551.00	 546.40	 6.4629	34.3252	26.9662	 0.30	 13.07	0.041	  159.35	 99.99
 552.00	 547.39	 6.4461	34.3270	26.9699	 0.30	 13.00	0.040	  159.37	 99.98
 553.00	 548.38	 6.4406	34.3272	26.9707	 0.30	 13.03	0.041	  159.37	 99.99
 554.00	 549.37	 6.4395	34.3275	26.9711	 0.30	 12.95	0.041	  159.35	 99.99
 555.00	 550.36	 6.4385	34.3274	26.9712	 0.30	 12.87	0.040	  159.27	 99.99
 556.00	 551.35	 6.4360	34.3275	26.9716	 0.30	 12.88	0.040	  159.32	 99.99
 557.00	 552.34	 6.4338	34.3277	26.9721	 0.30	 12.88	0.041	  159.33	 99.99
 558.00	 553.33	 6.4327	34.3279	26.9724	 0.30	 12.90	0.040	  159.31	 99.99
 559.00	 554.32	 6.4318	34.3279	26.9725	 0.30	 12.88	0.040	  159.28	 99.99
 560.00	 555.31	 6.4314	34.3281	26.9727	 0.30	 12.88	0.042	  159.29	 99.99
 561.00	 556.30	 6.4311	34.3281	26.9728	 0.30	 12.87	0.040	  159.27	 99.99
 562.00	 557.29	 6.4304	34.3282	26.9729	 0.30	 12.89	0.040	  159.29	 99.99
 563.00	 558.28	 6.4297	34.3283	26.9731	 0.30	 12.84	0.040	  159.22	 99.99
 564.00	 559.27	 6.4285	34.3283	26.9733	 0.30	 12.84	0.040	  159.26	 99.99
 565.00	 560.26	 6.4276	34.3285	26.9736	 0.30	 12.88	0.040	  159.24	 99.99
 566.00	 561.25	 6.4266	34.3285	26.9737	 0.29	 12.81	0.041	  159.24	 99.99
 567.00	 562.24	 6.4260	34.3285	26.9738	 0.29	 12.78	0.041	  159.25	 99.99
 568.00	 563.23	 6.4248	34.3285	26.9740	 0.29	 12.71	0.040	  159.20	 99.99
 569.00	 564.22	 6.4236	34.3287	26.9743	 0.29	 12.69	0.040	  159.22	 99.99
 570.00	 565.21	 6.4218	34.3287	26.9746	 0.29	 12.69	0.040	  159.21	 99.99
 571.00	 566.20	 6.4207	34.3288	26.9748	 0.29	 12.71	0.040	  159.23	 99.99
 572.00	 567.19	 6.4199	34.3290	26.9751	 0.29	 12.71	0.040	  159.19	 99.99
 573.00	 568.18	 6.4195	34.3289	26.9751	 0.29	 12.69	0.041	  159.19	 99.99
 574.00	 569.17	 6.4185	34.3290	26.9753	 0.29	 12.70	0.041	  159.23	 99.99
 575.00	 570.16	 6.4167	34.3290	26.9755	 0.29	 12.69	0.040	  159.22	 99.99
 576.00	 571.15	 6.4135	34.3290	26.9760	 0.29	 12.67	0.040	  159.21	 99.99
 577.00	 572.14	 6.4124	34.3293	26.9763	 0.29	 12.71	0.040	  159.21	 99.99
 578.00	 573.13	 6.4095	34.3291	26.9766	 0.29	 12.70	0.041	  159.21	 99.99
 579.00	 574.12	 6.4046	34.3294	26.9775	 0.29	 12.66	0.041	  159.20	 99.99
 580.00	 575.11	 6.4025	34.3294	26.9777	 0.29	 12.69	0.041	  159.18	 99.99
 581.00	 576.10	 6.3991	34.3294	26.9782	 0.29	 12.67	0.040	  159.23	 99.99
 582.00	 577.09	 6.3991	34.3296	26.9784	 0.29	 12.55	0.041	  159.20	 99.99
 583.00	 578.08	 6.3984	34.3297	26.9785	 0.29	 12.55	0.042	  159.20	 99.99
 584.00	 579.07	 6.4005	34.3295	26.9781	 0.29	 12.60	0.042	  159.18	 99.99
 585.00	 580.07	 6.3965	34.3295	26.9787	 0.29	 12.59	0.042	  159.13	 99.99
 586.00	 581.06	 6.3952	34.3297	26.9790	 0.29	 12.49	0.041	  159.19	 99.99
 587.00	 582.05	 6.3933	34.3298	26.9794	 0.29	 12.52	0.040	  159.13	 99.99
 588.00	 583.04	 6.3911	34.3299	26.9797	 0.29	 12.53	0.041	  159.18	 99.99
 589.00	 584.03	 6.3880	34.3299	26.9802	 0.29	 12.51	0.040	  159.18	100.00
 590.00	 585.02	 6.3838	34.3303	26.9810	 0.29	 12.52	0.040	  159.18	 99.99
 591.00	 586.01	 6.3810	34.3303	26.9814	 0.29	 12.53	0.040	  159.16	 99.99
 592.00	 587.00	 6.3728	34.3300	26.9823	 0.29	 12.51	0.041	  159.17	100.00
 593.00	 587.99	 6.3604	34.3311	26.9847	 0.29	 12.44	0.042	  159.14	 99.99
 594.00	 588.98	 6.3545	34.3314	26.9857	 0.28	 12.33	0.041	  159.15	 99.99
 595.00	 589.97	 6.3426	34.3313	26.9872	 0.28	 12.22	0.041	  159.15	 99.99
 596.00	 590.96	 6.3378	34.3319	26.9883	 0.28	 12.29	0.042	  159.12	 99.99
 597.00	 591.95	 6.3303	34.3325	26.9898	 0.28	 12.31	0.042	  159.13	 99.99
 598.00	 592.94	 6.3270	34.3327	26.9903	 0.28	 12.30	0.042	  159.12	100.00
 599.00	 593.93	 6.3249	34.3328	26.9907	 0.28	 12.26	0.042	  159.12	 99.99
 600.00	 594.92	 6.3238	34.3329	26.9910	 0.28	 12.20	0.041	  159.10	 99.99
 601.00	 595.91	 6.3226	34.3332	26.9913	 0.28	 12.17	0.041	  159.09	100.00
 602.00	 596.90	 6.3213	34.3332	26.9916	 0.28	 12.11	0.041	  159.03	100.00
 603.00	 597.89	 6.3167	34.3332	26.9921	 0.28	 12.07	0.041	  159.11	 99.99
 604.00	 598.88	 6.3133	34.3337	26.9930	 0.28	 12.11	0.041	  159.12	 99.99
 605.00	 599.87	 6.3109	34.3337	26.9933	 0.28	 12.13	0.041	  159.03	100.00
 606.00	 600.86	 6.3070	34.3339	26.9940	 0.28	 12.10	0.041	  159.05	 99.99
 607.00	 601.85	 6.3040	34.3342	26.9946	 0.28	 12.09	0.041	  159.03	100.00
 608.00	 602.84	 6.3036	34.3342	26.9947	 0.28	 12.06	0.040	  159.02	100.00
 609.00	 603.83	 6.3035	34.3344	26.9949	 0.28	 12.04	0.040	  159.05	100.00
 610.00	 604.82	 6.3026	34.3341	26.9947	 0.28	 12.06	0.040	  158.96	100.00
 611.00	 605.81	 6.2992	34.3345	26.9955	 0.28	 11.97	0.040	  159.00	100.00
 612.00	 606.80	 6.2985	34.3345	26.9956	 0.28	 12.00	0.040	  158.97	100.00
 613.00	 607.79	 6.2978	34.3346	26.9958	 0.27	 11.88	0.040	  158.97	100.00
 614.00	 608.78	 6.2944	34.3343	26.9960	 0.27	 11.90	0.040	  158.99	100.00
 615.00	 609.77	 6.2880	34.3350	26.9974	 0.28	 11.97	0.040	  159.01	100.00
 616.00	 610.76	 6.2873	34.3349	26.9975	 0.27	 11.91	0.040	  158.97	 99.99
 617.00	 611.75	 6.2858	34.3351	26.9978	 0.27	 11.92	0.040	  159.00	100.00
 618.00	 612.74	 6.2849	34.3351	26.9979	 0.27	 11.95	0.040	  158.97	100.00
 619.00	 613.73	 6.2823	34.3351	26.9983	 0.27	 11.95	0.042	  158.96	100.00
 620.00	 614.72	 6.2799	34.3354	26.9988	 0.27	 11.95	0.041	  159.02	100.00
 621.00	 615.71	 6.2787	34.3354	26.9990	 0.27	 11.92	0.040	  159.01	100.00
 622.00	 616.70	 6.2779	34.3355	26.9992	 0.27	 11.89	0.040	  158.97	100.00
 623.00	 617.69	 6.2769	34.3355	26.9993	 0.27	 11.91	0.040	  159.03	100.00
 624.00	 618.68	 6.2746	34.3356	26.9997	 0.27	 11.90	0.041	  159.01	 99.99
 625.00	 619.67	 6.2682	34.3353	27.0003	 0.27	 11.94	0.041	  158.97	100.00
 626.00	 620.66	 6.2616	34.3361	27.0018	 0.27	 11.90	0.040	  158.91	100.00
 627.00	 621.65	 6.2580	34.3363	27.0024	 0.27	 11.85	0.040	  158.96	 99.99
 628.00	 622.64	 6.2551	34.3363	27.0028	 0.27	 11.82	0.041	  158.93	100.00
 629.00	 623.63	 6.2467	34.3360	27.0037	 0.27	 11.76	0.040	  158.90	100.00
 630.00	 624.62	 6.2356	34.3375	27.0063	 0.27	 11.75	0.041	  158.99	100.00
 631.00	 625.61	 6.2347	34.3375	27.0064	 0.27	 11.78	0.042	  158.95	100.00
 632.00	 626.60	 6.2335	34.3376	27.0066	 0.27	 11.74	0.041	  158.96	100.00
 633.00	 627.59	 6.2327	34.3376	27.0068	 0.27	 11.75	0.040	  158.96	100.00
 634.00	 628.58	 6.2306	34.3373	27.0069	 0.27	 11.73	0.042	  158.97	100.00
 635.00	 629.57	 6.2200	34.3380	27.0087	 0.27	 11.75	0.041	  158.97	100.00
 636.00	 630.56	 6.2164	34.3386	27.0097	 0.27	 11.72	0.040	  158.96	100.00
 637.00	 631.55	 6.2142	34.3383	27.0098	 0.27	 11.65	0.041	  158.94	100.00
 638.00	 632.54	 6.2012	34.3382	27.0113	 0.27	 11.58	0.041	  158.94	100.00
 639.00	 633.53	 6.1867	34.3402	27.0148	 0.27	 11.53	0.040	  158.93	100.00
 640.00	 634.52	 6.1854	34.3404	27.0151	 0.27	 11.55	0.040	  158.94	100.00
 641.00	 635.51	 6.1856	34.3403	27.0150	 0.27	 11.53	0.040	  158.89	100.00
 642.00	 636.50	 6.1805	34.3402	27.0156	 0.27	 11.54	0.040	  158.90	100.00
 643.00	 637.49	 6.1711	34.3410	27.0174	 0.27	 11.53	0.040	  158.91	100.00
 644.00	 638.48	 6.1704	34.3411	27.0177	 0.27	 11.55	0.041	  158.92	100.00
 645.00	 639.47	 6.1701	34.3414	27.0179	 0.27	 11.56	0.042	  158.86	100.00
 646.00	 640.46	 6.1703	34.3412	27.0178	 0.26	 11.45	0.042	  158.91	100.00
 647.00	 641.45	 6.1615	34.3408	27.0186	 0.26	 11.38	0.042	  158.88	100.00
 648.00	 642.44	 6.1525	34.3423	27.0209	 0.26	 11.45	0.041	  158.90	100.00
 649.00	 643.43	 6.1508	34.3423	27.0211	 0.26	 11.30	0.041	  158.89	100.00
 650.00	 644.42	 6.1474	34.3425	27.0218	 0.26	 11.31	0.041	  158.89	100.00
 651.00	 645.41	 6.1416	34.3427	27.0226	 0.26	 11.28	0.040	  158.84	100.00
 652.00	 646.40	 6.1301	34.3430	27.0243	 0.26	 11.21	0.040	  158.80	100.00
 653.00	 647.39	 6.1174	34.3437	27.0265	 0.26	 11.20	0.040	  158.92	100.00
 654.00	 648.38	 6.1085	34.3443	27.0282	 0.26	 11.11	0.040	  158.78	100.00
 655.00	 649.37	 6.0945	34.3453	27.0307	 0.25	 11.08	0.040	  158.83	100.00
 656.00	 650.36	 6.0847	34.3453	27.0319	 0.26	 11.12	0.040	  158.88	100.00
 657.00	 651.35	 6.0724	34.3466	27.0346	 0.25	 11.09	0.041	  158.83	100.00
 658.00	 652.33	 6.0675	34.3470	27.0355	 0.25	 11.04	0.042	  158.83	100.00
 659.00	 653.32	 6.0618	34.3473	27.0365	 0.25	 10.98	0.040	  158.78	100.00
 660.00	 654.31	 6.0552	34.3461	27.0364	 0.25	 10.96	0.040	  158.81	100.00
 661.00	 655.30	 6.0213	34.3486	27.0426	 0.25	 10.92	0.040	  158.81	100.00
 662.00	 656.29	 6.0091	34.3503	27.0455	 0.25	 10.89	0.041	  158.84	100.00
 663.00	 657.28	 6.0048	34.3500	27.0458	 0.25	 10.93	0.041	  158.77	100.00
 664.00	 658.27	 5.9939	34.3501	27.0472	 0.25	 10.90	0.041	  158.79	100.00
 665.00	 659.26	 5.9827	34.3514	27.0497	 0.25	 10.88	0.041	  158.78	100.00
 666.00	 660.25	 5.9818	34.3518	27.0501	 0.25	 10.83	0.040	  158.79	100.00
 667.00	 661.24	 5.9627	34.3516	27.0524	 0.25	 10.76	0.040	  158.74	100.00
 668.00	 662.23	 5.9513	34.3526	27.0546	 0.25	 10.77	0.041	  158.76	100.00
 669.00	 663.22	 5.9442	34.3538	27.0565	 0.25	 10.74	0.042	  158.75	100.00
 670.00	 664.21	 5.9441	34.3532	27.0560	 0.25	 10.74	0.042	  158.72	100.00
 671.00	 665.20	 5.9366	34.3530	27.0568	 0.25	 10.77	0.041	  158.77	100.00
 672.00	 666.19	 5.9282	34.3541	27.0587	 0.25	 10.76	0.040	  158.71	100.00
 673.00	 667.18	 5.9265	34.3546	27.0594	 0.25	 10.75	0.040	  158.74	100.00
 674.00	 668.17	 5.9277	34.3542	27.0589	 0.25	 10.76	0.041	  158.77	100.00
 675.00	 669.16	 5.9186	34.3550	27.0606	 0.25	 10.74	0.041	  158.72	100.00
 676.00	 670.15	 5.9177	34.3550	27.0608	 0.25	 10.72	0.040	  158.69	100.00
 677.00	 671.14	 5.9179	34.3552	27.0609	 0.25	 10.75	0.040	  158.70	100.00
 678.00	 672.13	 5.9168	34.3550	27.0609	 0.25	 10.75	0.040	  158.77	100.00
 679.00	 673.12	 5.9146	34.3550	27.0612	 0.25	 10.75	0.041	  158.72	100.00
 680.00	 674.11	 5.9123	34.3554	27.0618	 0.25	 10.74	0.041	  158.70	100.00
 681.00	 675.10	 5.9131	34.3554	27.0618	 0.25	 10.73	0.041	  158.69	100.00
 682.00	 676.09	 5.9125	34.3554	27.0619	 0.25	 10.75	0.042	  158.70	100.00
 683.00	 677.08	 5.9094	34.3552	27.0621	 0.25	 10.70	0.042	  158.74	100.00
 684.00	 678.07	 5.9066	34.3559	27.0629	 0.25	 10.76	0.042	  158.76	100.00
 685.00	 679.06	 5.9075	34.3557	27.0627	 0.25	 10.74	0.042	  158.69	100.00
 686.00	 680.05	 5.9063	34.3559	27.0630	 0.25	 10.71	0.042	  158.69	100.00
 687.00	 681.04	 5.9018	34.3558	27.0635	 0.25	 10.69	0.041	  158.70	100.00
 688.00	 682.03	 5.9004	34.3561	27.0639	 0.25	 10.69	0.041	  158.70	100.00
 689.00	 683.02	 5.8979	34.3555	27.0638	 0.24	 10.65	0.041	  158.73	100.00
 690.00	 684.01	 5.8814	34.3554	27.0658	 0.25	 10.72	0.042	  158.68	100.00
 691.00	 685.00	 5.8709	34.3567	27.0681	 0.25	 10.69	0.041	  158.68	100.00
 692.00	 685.99	 5.8648	34.3574	27.0694	 0.25	 10.68	0.040	  158.69	100.00
 693.00	 686.98	 5.8452	34.3553	27.0702	 0.24	 10.57	0.040	  158.66	100.00
 694.00	 687.97	 5.8066	34.3588	27.0778	 0.24	 10.53	0.041	  158.64	100.00
 695.00	 688.96	 5.7763	34.3589	27.0816	 0.24	 10.57	0.040	  158.69	100.00
 696.00	 689.94	 5.7700	34.3609	27.0840	 0.24	 10.59	0.040	  158.61	100.00
 697.00	 690.93	 5.7687	34.3606	27.0839	 0.24	 10.60	0.042	  158.61	100.00
 698.00	 691.92	 5.7672	34.3612	27.0845	 0.24	 10.59	0.042	  158.62	100.00
 699.00	 692.91	 5.7653	34.3612	27.0848	 0.24	 10.54	0.041	  158.63	100.00
 700.00	 693.90	 5.7639	34.3615	27.0852	 0.24	 10.59	0.042	  158.62	100.00
 701.00	 694.89	 5.7643	34.3613	27.0850	 0.24	 10.58	0.042	  158.63	100.00
 702.00	 695.88	 5.7620	34.3616	27.0856	 0.24	 10.58	0.041	  158.53	100.00
 703.00	 696.87	 5.7621	34.3614	27.0853	 0.24	 10.48	0.040	  158.58	100.00
 704.00	 697.86	 5.7571	34.3621	27.0865	 0.24	 10.43	0.040	  158.59	100.00
 705.00	 698.85	 5.7577	34.3619	27.0863	 0.24	 10.51	0.041	  158.56	100.00
 706.00	 699.84	 5.7555	34.3620	27.0867	 0.24	 10.48	0.041	  158.54	100.00
 707.00	 700.83	 5.7529	34.3620	27.0870	 0.24	 10.45	0.040	  158.53	100.00
 708.00	 701.82	 5.7407	34.3614	27.0881	 0.24	 10.38	0.040	  158.51	100.00
 709.00	 702.81	 5.7339	34.3617	27.0892	 0.24	 10.43	0.041	  158.59	100.00
 710.00	 703.80	 5.7201	34.3624	27.0914	 0.24	 10.41	0.042	  158.57	100.00
 711.00	 704.79	 5.7069	34.3636	27.0940	 0.24	 10.42	0.041	  158.58	100.00
 712.00	 705.78	 5.6950	34.3637	27.0955	 0.24	 10.41	0.041	  158.56	100.00
 713.00	 706.77	 5.6793	34.3650	27.0984	 0.24	 10.43	0.040	  158.54	100.00
 714.00	 707.76	 5.6694	34.3650	27.0997	 0.24	 10.42	0.041	  158.51	100.00
 715.00	 708.75	 5.6627	34.3657	27.1011	 0.24	 10.40	0.042	  158.57	100.00
 716.00	 709.74	 5.6634	34.3659	27.1011	 0.24	 10.43	0.042	  158.48	100.00
 717.00	 710.73	 5.6639	34.3656	27.1009	 0.24	 10.44	0.041	  158.57	100.00
 718.00	 711.72	 5.6483	34.3648	27.1021	 0.24	 10.41	0.041	  158.51	100.00
 719.00	 712.71	 5.6275	34.3672	27.1066	 0.24	 10.43	0.042	  158.53	100.00
 720.00	 713.70	 5.6251	34.3673	27.1069	 0.24	 10.43	0.041	  158.50	100.00
 721.00	 714.68	 5.6184	34.3676	27.1080	 0.24	 10.45	0.041	  158.50	100.00
 722.00	 715.67	 5.6149	34.3682	27.1089	 0.24	 10.47	0.041	  158.49	100.00
 723.00	 716.66	 5.6141	34.3683	27.1091	 0.24	 10.46	0.041	  158.48	100.00
 724.00	 717.65	 5.6134	34.3684	27.1093	 0.24	 10.45	0.042	  158.49	100.00
 725.00	 718.64	 5.6128	34.3684	27.1093	 0.24	 10.43	0.041	  158.45	100.00
 726.00	 719.63	 5.6024	34.3684	27.1106	 0.24	 10.45	0.041	  158.44	100.00
 727.00	 720.62	 5.5985	34.3693	27.1118	 0.24	 10.46	0.041	  158.49	100.00
 728.00	 721.61	 5.5887	34.3681	27.1120	 0.24	 10.49	0.041	  158.50	100.00
 729.00	 722.60	 5.5618	34.3707	27.1173	 0.24	 10.50	0.042	  158.52	100.00
 730.00	 723.59	 5.5500	34.3713	27.1192	 0.24	 10.50	0.042	  158.48	100.00
 731.00	 724.58	 5.5179	34.3708	27.1227	 0.24	 10.49	0.042	  158.51	100.00
 732.00	 725.57	 5.4895	34.3751	27.1296	 0.24	 10.52	0.040	  158.52	100.00
 733.00	 726.56	 5.4924	34.3750	27.1291	 0.24	 10.49	0.040	  158.53	100.00
 734.00	 727.55	 5.4912	34.3745	27.1289	 0.24	 10.53	0.040	  158.47	100.00
 735.00	 728.54	 5.4717	34.3751	27.1317	 0.24	 10.58	0.040	  158.48	100.00
 736.00	 729.53	 5.4656	34.3767	27.1337	 0.24	 10.53	0.040	  158.48	100.00
 737.00	 730.52	 5.4660	34.3766	27.1336	 0.24	 10.57	0.040	  158.45	100.00
 738.00	 731.51	 5.4652	34.3766	27.1337	 0.24	 10.65	0.041	  158.48	100.00
 739.00	 732.50	 5.4645	34.3768	27.1339	 0.24	 10.61	0.041	  158.41	100.00
 740.00	 733.48	 5.4644	34.3769	27.1340	 0.24	 10.56	0.041	  158.45	100.00
 741.00	 734.47	 5.4630	34.3769	27.1342	 0.24	 10.55	0.042	  158.41	100.00
 742.00	 735.46	 5.4621	34.3771	27.1345	 0.24	 10.60	0.040	  158.38	100.00
 743.00	 736.45	 5.4597	34.3772	27.1349	 0.24	 10.61	0.040	  158.40	100.00
 744.00	 737.44	 5.4586	34.3774	27.1352	 0.24	 10.64	0.040	  158.40	100.00
 745.00	 738.43	 5.4489	34.3771	27.1361	 0.24	 10.61	0.041	  158.42	100.00
 746.00	 739.42	 5.4393	34.3785	27.1383	 0.24	 10.62	0.041	  158.37	100.00
 747.00	 740.41	 5.4376	34.3786	27.1387	 0.24	 10.57	0.040	  158.42	 99.99
 748.00	 741.40	 5.4371	34.3789	27.1390	 0.25	 10.66	0.041	  158.34	 99.21
 749.00	 742.39	 5.4365	34.3787	27.1389	 0.25	 10.72	0.041	  158.42	 98.33
 750.00	 743.38	 5.4351	34.3789	27.1392	 0.24	 10.61	0.040	  158.42	 97.51
 751.00	 744.37	 5.4338	34.3789	27.1394	 0.24	 10.58	0.040	  158.42	 96.45
 752.00	 745.36	 5.4293	34.3788	27.1398	 0.24	 10.64	0.040	  158.38	 95.22
 753.00	 746.35	 5.4254	34.3796	27.1410	 0.24	 10.64	0.040	  158.34	 94.60
 754.00	 747.34	 5.4253	34.3795	27.1409	 0.24	 10.54	0.040	  158.34	 93.49
 755.00	 748.33	 5.4237	34.3796	27.1412	 0.25	 10.67	0.040	  158.30	 92.10
 756.00	 749.32	 5.4229	34.3796	27.1413	 0.24	 10.60	0.041	  158.29	 91.28
 757.00	 750.30	 5.4216	34.3798	27.1416	 0.24	 10.56	0.041	  158.26	 90.33
 758.00	 751.29	 5.4179	34.3797	27.1420	 0.24	 10.62	0.040	  158.25	 89.08
 759.00	 752.28	 5.4158	34.3800	27.1425	 0.24	 10.65	0.041	  158.22	 88.44
 760.00	 753.27	 5.4159	34.3799	27.1424	 0.24	 10.64	0.041	  158.25	 87.27
 761.00	 754.26	 5.4135	34.3802	27.1429	 0.25	 10.66	0.040	  158.20	 86.50
 762.00	 755.25	 5.3999	34.3797	27.1441	 0.25	 10.69	0.040	  158.23	 85.46
 763.00	 756.24	 5.3907	34.3812	27.1465	 0.24	 10.62	0.041	  158.20	 84.48
 764.00	 757.23	 5.3875	34.3813	27.1469	 0.25	 10.69	0.042	  158.26	 83.41
 765.00	 758.22	 5.3743	34.3816	27.1488	 0.25	 10.66	0.041	  158.22	 82.13
 766.00	 759.21	 5.3677	34.3827	27.1504	 0.25	 10.72	0.041	  158.19	 81.11
 767.00	 760.20	 5.3667	34.3826	27.1504	 0.25	 10.74	0.041	  158.17	 80.37
 768.00	 761.19	 5.3634	34.3830	27.1512	 0.25	 10.74	0.040	  158.22	 79.53
 769.00	 762.18	 5.3605	34.3828	27.1514	 0.25	 10.78	0.041	  158.26	 78.39
 770.00	 763.17	 5.3551	34.3832	27.1523	 0.25	 10.69	0.042	  158.20	 77.35
 771.00	 764.16	 5.3532	34.3837	27.1529	 0.25	 10.71	0.042	  158.22	 76.32
 772.00	 765.14	 5.3531	34.3837	27.1530	 0.25	 10.75	0.041	  158.24	 75.09
 773.00	 766.13	 5.3525	34.3838	27.1531	 0.25	 10.78	0.041	  158.21	 74.72
 774.00	 767.12	 5.3506	34.3836	27.1532	 0.25	 10.83	0.042	  158.23	 73.17
 775.00	 768.11	 5.3359	34.3842	27.1554	 0.25	 10.79	0.041	  158.21	 72.21
 776.00	 769.10	 5.3322	34.3848	27.1563	 0.25	 10.78	0.041	  158.27	 71.30
 777.00	 770.09	 5.3285	34.3850	27.1570	 0.25	 10.79	0.040	  158.20	 70.26
 778.00	 771.08	 5.3263	34.3853	27.1574	 0.25	 10.75	0.042	  158.21	 69.29
 779.00	 772.07	 5.3227	34.3853	27.1579	 0.25	 10.85	0.041	  158.21	 68.24
 780.00	 773.06	 5.3203	34.3856	27.1584	 0.25	 10.83	0.041	  158.21	 67.35
 781.00	 774.05	 5.3193	34.3857	27.1586	 0.25	 10.80	0.041	  158.16	 66.37
 782.00	 775.04	 5.3179	34.3858	27.1589	 0.25	 10.86	0.040	  158.15	 65.24
 783.00	 776.03	 5.3151	34.3861	27.1594	 0.25	 10.82	0.040	  158.07	 64.09
 784.00	 777.02	 5.3134	34.3861	27.1597	 0.25	 10.79	0.041	  158.08	 63.05
 785.00	 778.00	 5.3125	34.3863	27.1599	 0.25	 10.84	0.040	  158.08	 62.43
 786.00	 778.99	 5.3121	34.3863	27.1600	 0.25	 10.84	0.040	  158.02	 61.38
 787.00	 779.98	 5.3099	34.3864	27.1603	 0.25	 10.85	0.041	  158.03	 60.42
 788.00	 780.97	 5.3064	34.3864	27.1608	 0.25	 10.85	0.042	  158.05	 59.52
 789.00	 781.96	 5.3039	34.3867	27.1613	 0.25	 10.88	0.042	  158.02	 58.27
 790.00	 782.95	 5.2986	34.3871	27.1622	 0.25	 10.82	0.041	  158.04	 57.12
 791.00	 783.94	 5.2931	34.3874	27.1631	 0.25	 10.82	0.041	  157.99	 56.36
 792.00	 784.93	 5.2908	34.3875	27.1635	 0.25	 10.89	0.042	  158.02	 55.46
 793.00	 785.92	 5.2852	34.3873	27.1640	 0.25	 10.86	0.042	  157.97	 54.40
 794.00	 786.91	 5.2761	34.3883	27.1659	 0.25	 10.88	0.041	  157.98	 53.36
 795.00	 787.90	 5.2652	34.3881	27.1670	 0.25	 10.91	0.041	  157.93	 52.45
 796.00	 788.89	 5.2530	34.3890	27.1692	 0.25	 10.96	0.042	  157.95	 51.50
 797.00	 789.88	 5.2244	34.3900	27.1733	 0.25	 11.03	0.041	  158.01	 50.44
 798.00	 790.86	 5.2182	34.3910	27.1748	 0.25	 10.98	0.041	  158.04	 49.44
 799.00	 791.85	 5.1993	34.3924	27.1781	 0.25	 11.08	0.042	  157.99	 48.39
 800.00	 792.84	 5.1930	34.3935	27.1798	 0.26	 11.12	0.041	  157.94	 47.20
 801.00	 793.83	 5.1907	34.3937	27.1802	 0.25	 11.08	0.042	  157.92	 46.37
 802.00	 794.82	 5.1896	34.3939	27.1804	 0.25	 11.06	0.041	  157.94	 45.35
 803.00	 795.81	 5.1883	34.3941	27.1808	 0.26	 11.13	0.040	  157.95	 44.39
 804.00	 796.80	 5.1863	34.3941	27.1811	 0.26	 11.12	0.040	  157.88	 43.42
 805.00	 797.79	 5.1802	34.3942	27.1818	 0.26	 11.14	0.040	  157.92	 42.42
 806.00	 798.78	 5.1744	34.3947	27.1829	 0.26	 11.14	0.040	  157.92	 41.37
 807.00	 799.77	 5.1624	34.3957	27.1851	 0.26	 11.15	0.041	  157.94	 40.39
 808.00	 800.76	 5.1622	34.3961	27.1854	 0.26	 11.14	0.042	  157.95	 39.31
 809.00	 801.74	 5.1621	34.3961	27.1855	 0.26	 11.17	0.041	  157.87	 38.41
 810.00	 802.73	 5.1589	34.3962	27.1860	 0.26	 11.12	0.040	  157.94	 37.55
 811.00	 803.72	 5.1589	34.3966	27.1863	 0.26	 11.18	0.040	  157.88	 36.60
 812.00	 804.71	 5.1587	34.3964	27.1861	 0.26	 11.16	0.040	  157.91	 35.70
 813.00	 805.70	 5.1595	34.3967	27.1863	 0.26	 11.18	0.041	  157.89	 34.44
 814.00	 806.69	 5.1620	34.3963	27.1857	 0.26	 11.18	0.041	  157.91	 33.36
 815.00	 807.68	 5.1587	34.3968	27.1865	 0.26	 11.16	0.041	  157.84	 32.28
 816.00	 808.67	 5.1596	34.3967	27.1863	 0.26	 11.15	0.041	  157.90	 31.46
 817.00	 809.66	 5.1606	34.3967	27.1862	 0.26	 11.15	0.041	  157.84	 30.60
 818.00	 810.65	 5.1635	34.3966	27.1858	 0.26	 11.21	0.041	  157.89	 29.65
 819.00	 811.64	 5.1622	34.3966	27.1859	 0.26	 11.17	0.041	  157.89	 28.56
 820.00	 812.62	 5.1660	34.3965	27.1854	 0.26	 11.13	0.040	  157.88	 27.47
 821.00	 813.61	 5.1674	34.3961	27.1850	 0.26	 11.13	0.041	  157.86	 26.19
 822.00	 814.60	 5.1612	34.3964	27.1860	 0.26	 11.14	0.041	  157.82	 25.26
 823.00	 815.59	 5.1556	34.3969	27.1870	 0.26	 11.14	0.041	  157.83	 24.07
 824.00	 816.58	 5.1483	34.3973	27.1881	 0.26	 11.15	0.041	  157.82	 22.89
 825.00	 817.57	 5.1439	34.3977	27.1890	 0.26	 11.17	0.041	  157.83	 21.73
 826.00	 818.56	 5.1432	34.3976	27.1891	 0.26	 11.15	0.041	  157.75	 20.64
 827.00	 819.55	 5.1488	34.3974	27.1882	 0.26	 11.15	0.041	  157.77	 19.66
 828.00	 820.54	 5.1488	34.3969	27.1878	 0.25	 11.01	0.041	  157.52	 17.59
