* Sea-Bird SBE 9 Data:
* Software Version Seasave V 7.26.7.107
* Vessel: NOAA Ship Ronald H. Brown
* Cruise: RB2102, West Coast Ocean Acidification (WCOA) 2021
* Dates: 20210622 to 20210723
* Region: NE Pacific, USA West Coast
* Ports: San Diego, CA to Port Angeles, WA to San Diego, CA
* Chief Scientists: R. Feely, NOAA PMEL; D. Greeley, NOAA PMEL; B. Carter, NOAA PMEL / UW CICOES
* Contacts: R. Feely, richard.a.feely@noaa.gov; D. Greeley, dana.greeley@noaa.gov; B. Carter, brendan.carter@noaa.gov
* Station: 113
* Cast: 1
* Cast Date-Time [GMT]: 18-Jul-2021 02:58:14
* Longitude: -120.8041 W
* Latitude: 34.3165 N
* Water Depth [m]: 828.7
**********
* Column  1: Pressure [decibar]
* Column  2: Depth [m]
* Column  3: Temperature ITS-90 [degree C]
* Column  4: Salinity PSS-78 [psu]
* Column  5: Sigma-theta EOS-80 [kg/m^3 - 1000]
* Column  6: Oxygen [ml/L]
* Column  7: Oxygen [umol/kg]
* Column  8: Fluorescence [volts]
* Column  9: Oxygen Reduction Potential [mV]
* Column 10: Altimeter [m]
**********
*END*
   3.00	   2.98	15.0143	33.6011	24.8906	 6.48	282.41	0.274	  162.80	 99.81
   4.00	   3.97	15.0300	33.6014	24.8874	 6.48	282.44	0.280	  162.70	 99.81
   5.00	   4.96	15.0403	33.6008	24.8847	 6.49	282.60	0.334	  162.67	 99.81
   6.00	   5.96	15.0395	33.6009	24.8850	 6.47	282.03	0.322	  162.67	 99.81
   7.00	   6.95	15.0369	33.6007	24.8855	 6.40	278.98	0.290	  162.62	 99.80
   8.00	   7.94	14.9986	33.6024	24.8951	 6.16	268.57	0.305	  162.63	 99.81
   9.00	   8.94	14.8788	33.5936	24.9143	 5.75	250.37	0.289	  162.60	 99.80
  10.00	   9.93	14.5116	33.6004	24.9984	 5.48	238.90	0.237	  162.92	 99.77
  11.00	  10.92	14.1059	33.5967	25.0810	 5.06	220.63	0.203	  163.18	 99.66
  12.00	  11.91	13.5187	33.5933	25.1994	 4.63	201.74	0.162	  163.46	 99.56
  13.00	  12.91	12.7607	33.5894	25.3477	 4.46	194.46	0.113	  163.90	 99.47
  14.00	  13.90	12.4130	33.6158	25.4357	 4.37	190.14	0.075	  164.29	 99.37
  15.00	  14.89	12.0805	33.6242	25.5058	 4.16	181.18	0.070	  164.47	 99.30
  16.00	  15.88	11.8360	33.6276	25.5544	 4.17	181.55	0.062	  164.63	 99.30
  17.00	  16.88	11.7551	33.6306	25.5719	 4.15	180.74	0.063	  164.73	 99.32
  18.00	  17.87	11.7388	33.6344	25.5779	 4.12	179.28	0.061	  164.81	 99.32
  19.00	  18.86	11.6945	33.6383	25.5892	 4.08	177.77	0.062	  164.85	 99.33
  20.00	  19.86	11.6813	33.6412	25.5939	 4.03	175.61	0.061	  164.90	 99.34
  21.00	  20.85	11.6298	33.6464	25.6075	 3.94	171.69	0.059	  164.96	 99.34
  22.00	  21.84	11.5660	33.6499	25.6220	 3.83	166.68	0.055	  165.05	 99.34
  23.00	  22.83	11.4432	33.6649	25.6562	 3.78	164.68	0.050	  165.15	 99.35
  24.00	  23.83	11.4160	33.6696	25.6649	 3.77	163.97	0.049	  165.18	 99.37
  25.00	  24.82	11.3960	33.6729	25.6711	 3.75	163.14	0.048	  165.22	 99.38
  26.00	  25.81	11.3643	33.6766	25.6798	 3.72	161.88	0.047	  165.28	 99.39
  27.00	  26.80	11.3198	33.6810	25.6913	 3.68	160.43	0.047	  165.27	 99.39
  28.00	  27.80	11.2812	33.6864	25.7026	 3.67	159.72	0.047	  165.33	 99.39
  29.00	  28.79	11.2791	33.6870	25.7035	 3.65	158.85	0.047	  165.29	 99.40
  30.00	  29.78	11.2688	33.6887	25.7067	 3.64	158.54	0.048	  165.30	 99.41
  31.00	  30.78	11.2446	33.6916	25.7134	 3.63	158.12	0.046	  165.36	 99.41
  32.00	  31.77	11.2281	33.6928	25.7173	 3.59	156.09	0.046	  165.34	 99.41
  33.00	  32.76	11.1317	33.7013	25.7413	 3.54	154.13	0.046	  165.40	 98.09
  34.00	  33.75	11.0808	33.7060	25.7541	 3.51	152.73	0.046	  165.42	 99.37
  35.00	  34.75	11.0173	33.7106	25.7691	 3.45	150.31	0.046	  165.47	 87.42
  36.00	  35.74	10.8728	33.7199	25.8021	 3.42	148.94	0.045	  165.58	 99.57
  37.00	  36.73	10.8160	33.7244	25.8157	 3.43	149.36	0.044	  165.55	 99.44
  38.00	  37.72	10.7840	33.7254	25.8222	 3.42	148.96	0.045	  165.56	 99.45
  39.00	  38.72	10.7620	33.7264	25.8269	 3.40	148.06	0.044	  165.54	 99.46
  40.00	  39.71	10.7479	33.7281	25.8307	 3.39	147.61	0.045	  165.56	 99.46
  41.00	  40.70	10.7393	33.7297	25.8335	 3.38	147.30	0.044	  165.51	 99.46
  42.00	  41.70	10.7234	33.7308	25.8371	 3.38	147.14	0.044	  165.51	 99.46
  43.00	  42.69	10.6813	33.7325	25.8459	 3.37	146.70	0.044	  165.50	 99.46
  44.00	  43.68	10.6542	33.7350	25.8526	 3.35	145.93	0.044	  165.48	 99.46
  45.00	  44.67	10.5928	33.7377	25.8655	 3.35	145.93	0.044	  165.51	 99.46
  46.00	  45.67	10.5608	33.7400	25.8729	 3.35	145.74	0.043	  165.48	 99.47
  47.00	  46.66	10.5545	33.7410	25.8748	 3.34	145.35	0.043	  165.43	 99.47
  48.00	  47.65	10.5517	33.7415	25.8757	 3.34	145.37	0.043	  165.43	 99.48
  49.00	  48.64	10.5484	33.7428	25.8773	 3.33	144.95	0.044	  165.34	 99.49
  50.00	  49.64	10.5385	33.7439	25.8799	 3.32	144.61	0.043	  165.34	 99.48
  51.00	  50.63	10.5172	33.7452	25.8846	 3.33	144.80	0.043	  165.33	 99.48
  52.00	  51.62	10.4932	33.7453	25.8889	 3.31	144.23	0.043	  165.36	 99.49
  53.00	  52.61	10.4400	33.7512	25.9027	 3.30	143.54	0.043	  165.33	 99.49
  54.00	  53.61	10.4282	33.7548	25.9076	 3.29	143.17	0.043	  165.34	 99.49
  55.00	  54.60	10.4227	33.7574	25.9106	 3.28	142.71	0.043	  165.32	 99.49
  56.00	  55.59	10.4208	33.7617	25.9143	 3.27	142.22	0.043	  165.24	 99.49
  57.00	  56.58	10.4095	33.7630	25.9173	 3.25	141.45	0.043	  165.29	 99.49
  58.00	  57.58	10.3840	33.7665	25.9245	 3.24	141.08	0.043	  165.21	 99.49
  59.00	  58.57	10.3637	33.7703	25.9309	 3.24	140.94	0.042	  165.28	 99.49
  60.00	  59.56	10.3546	33.7721	25.9339	 3.23	140.77	0.043	  165.22	 99.50
  61.00	  60.55	10.3444	33.7739	25.9371	 3.23	140.65	0.043	  165.22	 99.50
  62.00	  61.55	10.3387	33.7745	25.9386	 3.23	140.53	0.042	  165.16	 99.50
  63.00	  62.54	10.3330	33.7753	25.9402	 3.22	140.35	0.042	  165.15	 99.50
  64.00	  63.53	10.3289	33.7763	25.9417	 3.20	139.39	0.042	  165.10	 99.50
  65.00	  64.52	10.3281	33.7820	25.9463	 3.18	138.44	0.043	  165.10	 99.51
  66.00	  65.52	10.3275	33.7878	25.9509	 3.14	136.66	0.042	  165.09	 99.51
  67.00	  66.51	10.3243	33.7990	25.9602	 3.11	135.32	0.043	  165.09	 99.51
  68.00	  67.50	10.3166	33.8036	25.9652	 3.10	135.15	0.043	  165.06	 99.51
  69.00	  68.49	10.3029	33.8078	25.9708	 3.10	134.93	0.043	  165.06	 99.52
  70.00	  69.49	10.2935	33.8101	25.9742	 3.09	134.49	0.043	  165.04	 99.53
  71.00	  70.48	10.2880	33.8115	25.9763	 3.08	134.11	0.043	  165.01	 99.53
  72.00	  71.47	10.2642	33.8145	25.9828	 3.08	134.07	0.043	  165.04	 99.54
  73.00	  72.46	10.2566	33.8164	25.9855	 3.08	133.97	0.043	  165.00	 99.54
  74.00	  73.46	10.2565	33.8174	25.9863	 3.05	132.83	0.043	  164.95	 99.54
  75.00	  74.45	10.2562	33.8210	25.9892	 3.01	131.06	0.043	  164.95	 99.54
  76.00	  75.44	10.2460	33.8240	25.9933	 3.01	130.93	0.042	  164.91	 99.54
  77.00	  76.43	10.2292	33.8281	25.9994	 3.01	131.07	0.043	  164.93	 99.54
  78.00	  77.43	10.2208	33.8297	26.0022	 3.00	130.59	0.043	  164.88	 99.55
  79.00	  78.42	10.2032	33.8334	26.0081	 2.98	129.78	0.043	  164.91	 99.55
  80.00	  79.41	10.1896	33.8363	26.0126	 2.97	129.30	0.043	  164.94	 99.55
  81.00	  80.40	10.1783	33.8397	26.0172	 2.96	128.80	0.043	  164.88	 99.55
  82.00	  81.40	10.1753	33.8408	26.0187	 2.94	128.13	0.043	  164.88	 99.56
  83.00	  82.39	10.1709	33.8422	26.0205	 2.94	127.76	0.042	  164.91	 99.56
  84.00	  83.38	10.1630	33.8442	26.0235	 2.93	127.63	0.042	  164.89	 99.56
  85.00	  84.37	10.1519	33.8463	26.0270	 2.92	126.89	0.042	  164.83	 99.56
  86.00	  85.37	10.1329	33.8512	26.0341	 2.88	125.36	0.042	  164.88	 99.56
  87.00	  86.36	10.0958	33.8601	26.0474	 2.86	124.45	0.042	  164.96	 99.56
  88.00	  87.35	10.0731	33.8659	26.0558	 2.84	123.66	0.042	  164.91	 99.56
  89.00	  88.34	10.0652	33.8677	26.0585	 2.83	123.37	0.042	  164.83	 99.57
  90.00	  89.34	10.0514	33.8709	26.0633	 2.83	123.05	0.042	  164.86	 99.57
  91.00	  90.33	10.0404	33.8735	26.0672	 2.81	122.39	0.042	  164.95	 99.57
  92.00	  91.32	10.0320	33.8758	26.0705	 2.80	121.88	0.042	  164.93	 99.58
  93.00	  92.31	10.0188	33.8786	26.0750	 2.80	122.05	0.042	  164.86	 99.58
  94.00	  93.31	10.0015	33.8827	26.0810	 2.82	122.55	0.042	  164.83	 99.58
  95.00	  94.30	 9.9912	33.8840	26.0838	 2.82	122.69	0.042	  164.84	 99.58
  96.00	  95.29	 9.9682	33.8880	26.0908	 2.82	122.69	0.042	  164.80	 99.58
  97.00	  96.28	 9.9632	33.8891	26.0926	 2.81	122.32	0.042	  164.75	 99.58
  98.00	  97.28	 9.9601	33.8902	26.0939	 2.81	122.11	0.042	  164.74	 99.58
  99.00	  98.27	 9.9574	33.8910	26.0950	 2.79	121.51	0.042	  164.80	 99.58
 100.00	  99.26	 9.9384	33.8956	26.1019	 2.77	120.67	0.042	  164.80	 99.58
 101.00	 100.25	 9.9140	33.9013	26.1104	 2.77	120.35	0.042	  164.76	 99.58
 102.00	 101.24	 9.8809	33.9083	26.1215	 2.76	120.12	0.042	  164.74	 99.58
 103.00	 102.24	 9.8740	33.9106	26.1244	 2.75	119.70	0.041	  164.73	 99.59
 104.00	 103.23	 9.8725	33.9112	26.1252	 2.74	119.20	0.040	  164.76	 99.60
 105.00	 104.22	 9.8557	33.9144	26.1305	 2.73	118.94	0.040	  164.72	 99.60
 106.00	 105.21	 9.8388	33.9190	26.1369	 2.72	118.53	0.041	  164.77	 99.60
 107.00	 106.21	 9.8242	33.9232	26.1427	 2.71	117.75	0.041	  164.72	 99.61
 108.00	 107.20	 9.8162	33.9256	26.1459	 2.68	116.81	0.040	  164.71	 99.61
 109.00	 108.19	 9.8071	33.9283	26.1495	 2.67	116.04	0.041	  164.71	 99.61
 110.00	 109.18	 9.8027	33.9294	26.1512	 2.65	115.41	0.042	  164.71	 99.61
 111.00	 110.18	 9.7906	33.9336	26.1565	 2.64	114.69	0.041	  164.73	 99.61
 112.00	 111.17	 9.7865	33.9353	26.1585	 2.62	113.97	0.040	  164.72	 99.61
 113.00	 112.16	 9.7797	33.9379	26.1617	 2.60	113.14	0.040	  164.80	 99.61
 114.00	 113.15	 9.7559	33.9448	26.1711	 2.57	111.99	0.041	  164.78	 99.63
 115.00	 114.14	 9.7425	33.9485	26.1762	 2.56	111.45	0.040	  164.69	 99.63
 116.00	 115.14	 9.7334	33.9514	26.1800	 2.56	111.33	0.040	  164.71	 99.63
 117.00	 116.13	 9.7292	33.9526	26.1817	 2.55	111.00	0.040	  164.72	 99.63
 118.00	 117.12	 9.7212	33.9550	26.1849	 2.54	110.70	0.040	  164.72	 99.63
 119.00	 118.11	 9.7154	33.9570	26.1875	 2.54	110.41	0.040	  164.71	 99.63
 120.00	 119.11	 9.7101	33.9588	26.1897	 2.52	109.85	0.040	  164.71	 99.64
 121.00	 120.10	 9.7022	33.9611	26.1928	 2.52	109.58	0.040	  164.71	 99.64
 122.00	 121.09	 9.6980	33.9627	26.1948	 2.51	109.12	0.040	  164.65	 99.65
 123.00	 122.08	 9.6928	33.9643	26.1969	 2.50	109.01	0.040	  164.69	 99.65
 124.00	 123.08	 9.6896	33.9656	26.1985	 2.50	108.65	0.040	  164.72	 99.65
 125.00	 124.07	 9.6880	33.9664	26.1994	 2.49	108.18	0.040	  164.72	 99.65
 126.00	 125.06	 9.6811	33.9687	26.2024	 2.48	107.88	0.040	  164.71	 99.66
 127.00	 126.05	 9.6774	33.9697	26.2038	 2.46	107.26	0.040	  164.69	 99.66
 128.00	 127.04	 9.6725	33.9712	26.2058	 2.43	105.91	0.040	  164.67	 99.66
 129.00	 128.04	 9.6532	33.9786	26.2148	 2.40	104.63	0.040	  164.67	 99.66
 130.00	 129.03	 9.6449	33.9821	26.2189	 2.40	104.23	0.040	  164.71	 99.66
 131.00	 130.02	 9.6401	33.9839	26.2212	 2.40	104.29	0.040	  164.68	 99.66
 132.00	 131.01	 9.6341	33.9861	26.2238	 2.39	104.22	0.040	  164.71	 99.66
 133.00	 132.00	 9.6315	33.9869	26.2249	 2.39	104.09	0.040	  164.74	 99.67
 134.00	 133.00	 9.6299	33.9877	26.2258	 2.38	103.79	0.040	  164.63	 99.68
 135.00	 133.99	 9.6271	33.9882	26.2267	 2.39	104.06	0.040	  164.73	 99.67
 136.00	 134.98	 9.6231	33.9890	26.2280	 2.40	104.44	0.041	  164.68	 99.68
 137.00	 135.97	 9.6222	33.9893	26.2284	 2.41	104.82	0.040	  164.69	 99.67
 138.00	 136.97	 9.6161	33.9899	26.2299	 2.42	105.15	0.040	  164.65	 99.68
 139.00	 137.96	 9.6038	33.9913	26.2331	 2.42	105.45	0.040	  164.62	 99.68
 140.00	 138.95	 9.5940	33.9923	26.2355	 2.43	105.78	0.040	  164.62	 99.68
 141.00	 139.94	 9.5925	33.9929	26.2362	 2.43	105.68	0.040	  164.61	 99.67
 142.00	 140.93	 9.5924	33.9928	26.2361	 2.44	106.06	0.040	  164.55	 99.67
 143.00	 141.93	 9.5903	33.9924	26.2362	 2.42	105.42	0.040	  164.55	 99.67
 144.00	 142.92	 9.5817	33.9942	26.2390	 2.40	104.35	0.040	  164.57	 99.67
 145.00	 143.91	 9.5747	33.9980	26.2432	 2.38	103.73	0.040	  164.57	 99.67
 146.00	 144.90	 9.5709	33.9994	26.2449	 2.39	103.88	0.040	  164.53	 99.67
 147.00	 145.90	 9.5693	34.0000	26.2457	 2.41	104.68	0.040	  164.57	 99.67
 148.00	 146.89	 9.5629	34.0003	26.2470	 2.43	105.64	0.040	  164.60	 99.67
 149.00	 147.88	 9.5444	34.0023	26.2516	 2.44	106.02	0.040	  164.57	 99.68
 150.00	 148.87	 9.5304	34.0040	26.2552	 2.43	105.96	0.040	  164.58	 99.68
 151.00	 149.86	 9.5159	34.0064	26.2596	 2.43	105.74	0.040	  164.49	 99.68
 152.00	 150.86	 9.5098	34.0077	26.2616	 2.43	105.72	0.040	  164.51	 99.67
 153.00	 151.85	 9.5072	34.0085	26.2626	 2.42	105.44	0.040	  164.48	 99.67
 154.00	 152.84	 9.5029	34.0097	26.2643	 2.42	105.19	0.040	  164.45	 99.67
 155.00	 153.83	 9.5024	34.0101	26.2647	 2.40	104.46	0.040	  164.37	 99.67
 156.00	 154.82	 9.5015	34.0108	26.2654	 2.37	102.92	0.040	  164.41	 99.67
 157.00	 155.82	 9.4979	34.0137	26.2683	 2.31	100.67	0.040	  164.34	 99.68
 158.00	 156.81	 9.4975	34.0142	26.2688	 2.27	 98.69	0.040	  164.45	 99.68
 159.00	 157.80	 9.4915	34.0201	26.2744	 2.26	 98.30	0.040	  164.45	 99.68
 160.00	 158.79	 9.4893	34.0218	26.2760	 2.26	 98.38	0.040	  164.42	 99.68
 161.00	 159.78	 9.4875	34.0228	26.2772	 2.26	 98.21	0.040	  164.37	 99.69
 162.00	 160.78	 9.4872	34.0230	26.2774	 2.26	 98.19	0.040	  164.40	 99.70
 163.00	 161.77	 9.4870	34.0233	26.2777	 2.25	 97.74	0.040	  164.41	 99.71
 164.00	 162.76	 9.4866	34.0236	26.2780	 2.24	 97.55	0.040	  164.41	 99.71
 165.00	 163.75	 9.4862	34.0242	26.2786	 2.24	 97.65	0.040	  164.40	 99.71
 166.00	 164.74	 9.4851	34.0249	26.2793	 2.25	 97.90	0.040	  164.40	 99.71
 167.00	 165.74	 9.4842	34.0253	26.2798	 2.25	 97.73	0.040	  164.38	 99.71
 168.00	 166.73	 9.4833	34.0258	26.2803	 2.24	 97.33	0.040	  164.35	 99.71
 169.00	 167.72	 9.4827	34.0262	26.2807	 2.23	 97.06	0.040	  164.38	 99.71
 170.00	 168.71	 9.4817	34.0270	26.2816	 2.23	 96.99	0.040	  164.38	 99.71
 171.00	 169.71	 9.4816	34.0274	26.2819	 2.22	 96.72	0.040	  164.37	 99.71
 172.00	 170.70	 9.4811	34.0278	26.2823	 2.22	 96.56	0.040	  164.35	 99.71
 173.00	 171.69	 9.4805	34.0272	26.2820	 2.22	 96.41	0.040	  164.38	 99.71
 174.00	 172.68	 9.4794	34.0287	26.2834	 2.20	 95.56	0.040	  164.36	 99.71
 175.00	 173.67	 9.4773	34.0297	26.2845	 2.16	 94.15	0.040	  164.37	 99.71
 176.00	 174.67	 9.4755	34.0313	26.2861	 2.12	 92.11	0.040	  164.36	 99.71
 177.00	 175.66	 9.4691	34.0370	26.2916	 2.06	 89.82	0.040	  164.36	 99.71
 178.00	 176.65	 9.4463	34.0444	26.3011	 2.02	 88.07	0.040	  164.42	 99.71
 179.00	 177.64	 9.4373	34.0464	26.3042	 2.03	 88.53	0.040	  164.38	 99.72
 180.00	 178.63	 9.4359	34.0466	26.3046	 2.04	 88.78	0.040	  164.45	 99.73
 181.00	 179.62	 9.4345	34.0467	26.3049	 2.04	 88.69	0.040	  164.41	 99.73
 182.00	 180.62	 9.4339	34.0465	26.3048	 2.03	 88.42	0.040	  164.34	 99.73
 183.00	 181.61	 9.4335	34.0465	26.3050	 2.02	 88.07	0.040	  164.40	 99.74
 184.00	 182.60	 9.4328	34.0463	26.3049	 2.01	 87.51	0.039	  164.37	 99.74
 185.00	 183.59	 9.4303	34.0463	26.3053	 2.00	 86.92	0.040	  164.36	 99.74
 186.00	 184.58	 9.4231	34.0471	26.3071	 1.98	 86.32	0.040	  164.36	 99.74
 187.00	 185.58	 9.4144	34.0487	26.3098	 1.97	 85.78	0.040	  164.41	 99.74
 188.00	 186.57	 9.4058	34.0505	26.3127	 1.96	 85.13	0.040	  164.41	 99.75
 189.00	 187.56	 9.3943	34.0523	26.3159	 1.94	 84.57	0.040	  164.43	 99.76
 190.00	 188.55	 9.3842	34.0549	26.3196	 1.92	 83.60	0.040	  164.41	 99.76
 191.00	 189.54	 9.3734	34.0576	26.3235	 1.90	 82.58	0.040	  164.41	 99.76
 192.00	 190.54	 9.3520	34.0604	26.3292	 1.89	 82.37	0.040	  164.40	 99.76
 193.00	 191.53	 9.3455	34.0614	26.3311	 1.90	 82.72	0.040	  164.42	 99.76
 194.00	 192.52	 9.3409	34.0621	26.3324	 1.91	 83.30	0.040	  164.36	 99.76
 195.00	 193.51	 9.3310	34.0638	26.3353	 1.93	 83.94	0.040	  164.38	 99.77
 196.00	 194.50	 9.3231	34.0649	26.3375	 1.94	 84.26	0.040	  164.39	 99.76
 197.00	 195.50	 9.3010	34.0678	26.3434	 1.93	 84.03	0.040	  164.37	 99.77
 198.00	 196.49	 9.2751	34.0732	26.3518	 1.91	 83.22	0.040	  164.39	 99.76
 199.00	 197.48	 9.2694	34.0746	26.3538	 1.89	 82.13	0.040	  164.44	 99.76
 200.00	 198.47	 9.2645	34.0757	26.3554	 1.87	 81.55	0.040	  164.36	 99.76
 201.00	 199.46	 9.2561	34.0777	26.3584	 1.87	 81.20	0.040	  164.38	 99.76
 202.00	 200.46	 9.2416	34.0801	26.3626	 1.87	 81.25	0.040	  164.32	 99.76
 203.00	 201.45	 9.2192	34.0838	26.3692	 1.87	 81.47	0.040	  164.34	 99.76
 204.00	 202.44	 9.2020	34.0878	26.3751	 1.88	 81.60	0.040	  164.36	 99.77
 205.00	 203.43	 9.1947	34.0892	26.3773	 1.88	 81.76	0.040	  164.35	 99.77
 206.00	 204.42	 9.1882	34.0900	26.3791	 1.90	 82.52	0.040	  164.38	 99.77
 207.00	 205.41	 9.1757	34.0916	26.3823	 1.91	 83.19	0.040	  164.39	 99.78
 208.00	 206.41	 9.1658	34.0933	26.3852	 1.91	 82.96	0.040	  164.34	 99.78
 209.00	 207.40	 9.1603	34.0942	26.3868	 1.91	 82.92	0.040	  164.33	 99.78
 210.00	 208.39	 9.1529	34.0957	26.3892	 1.91	 82.89	0.040	  164.29	 99.78
 211.00	 209.38	 9.1463	34.0969	26.3912	 1.90	 82.52	0.040	  164.30	 99.77
 212.00	 210.37	 9.1364	34.0985	26.3941	 1.88	 81.86	0.040	  164.27	 99.77
 213.00	 211.37	 9.1256	34.1007	26.3976	 1.87	 81.20	0.040	  164.25	 99.77
 214.00	 212.36	 9.1172	34.1027	26.4005	 1.86	 80.83	0.040	  164.35	 99.77
 215.00	 213.35	 9.1118	34.1041	26.4024	 1.85	 80.49	0.040	  164.37	 99.77
 216.00	 214.34	 9.1104	34.1045	26.4030	 1.84	 80.04	0.040	  164.29	 99.78
 217.00	 215.33	 9.1083	34.1053	26.4040	 1.82	 79.35	0.040	  164.25	 99.78
 218.00	 216.32	 9.1063	34.1059	26.4048	 1.81	 78.67	0.040	  164.25	 99.78
 219.00	 217.32	 9.1032	34.1070	26.4062	 1.79	 77.72	0.040	  164.21	 99.78
 220.00	 218.31	 9.1015	34.1076	26.4070	 1.77	 76.83	0.041	  164.30	 99.78
 221.00	 219.30	 9.0986	34.1086	26.4082	 1.75	 76.27	0.040	  164.31	 99.78
 222.00	 220.29	 9.0937	34.1102	26.4102	 1.74	 75.91	0.040	  164.33	 99.78
 223.00	 221.28	 9.0777	34.1122	26.4144	 1.76	 76.56	0.040	  164.28	 99.78
 224.00	 222.28	 9.0584	34.1146	26.4194	 1.78	 77.63	0.040	  164.22	 99.78
 225.00	 223.27	 9.0204	34.1110	26.4226	 1.78	 77.54	0.040	  164.23	 99.78
 226.00	 224.26	 8.9970	34.1104	26.4259	 1.76	 76.76	0.040	  164.20	 99.79
 227.00	 225.25	 8.9834	34.1147	26.4314	 1.75	 76.14	0.040	  164.25	 99.79
 228.00	 226.24	 8.9794	34.1182	26.4347	 1.73	 75.42	0.040	  164.23	 84.62
 229.00	 227.23	 8.9772	34.1198	26.4364	 1.71	 74.29	0.040	  164.23	100.26
 230.00	 228.23	 8.9736	34.1237	26.4400	 1.69	 73.43	0.040	  164.22	 99.79
 231.00	 229.22	 8.9782	34.1267	26.4417	 1.67	 72.69	0.040	  164.24	 99.79
 232.00	 230.21	 8.9788	34.1287	26.4432	 1.66	 72.01	0.040	  164.35	 99.79
 233.00	 231.20	 8.9761	34.1307	26.4451	 1.63	 71.07	0.040	  164.25	 99.80
 234.00	 232.19	 8.9713	34.1326	26.4474	 1.61	 70.03	0.040	  164.24	 99.80
 235.00	 233.18	 8.9631	34.1367	26.4520	 1.59	 69.28	0.040	  164.23	 99.80
 236.00	 234.18	 8.9537	34.1400	26.4560	 1.57	 68.52	0.040	  164.23	 99.80
 237.00	 235.17	 8.9485	34.1423	26.4587	 1.56	 67.92	0.040	  164.24	 99.80
 238.00	 236.16	 8.9382	34.1449	26.4624	 1.55	 67.39	0.040	  164.23	 99.80
 239.00	 237.15	 8.9250	34.1485	26.4673	 1.53	 66.68	0.040	  164.27	 99.81
 240.00	 238.14	 8.9187	34.1502	26.4696	 1.51	 65.86	0.040	  164.28	 99.82
 241.00	 239.13	 8.9081	34.1534	26.4738	 1.50	 65.14	0.040	  164.28	 99.83
 242.00	 240.13	 8.8983	34.1558	26.4772	 1.48	 64.22	0.040	  164.24	 99.83
 243.00	 241.12	 8.8894	34.1580	26.4804	 1.45	 63.29	0.040	  164.35	 99.83
 244.00	 242.11	 8.8780	34.1590	26.4830	 1.43	 62.35	0.040	  164.35	 99.83
 245.00	 243.10	 8.8610	34.1624	26.4884	 1.42	 61.87	0.040	  164.33	 99.83
 246.00	 244.09	 8.8478	34.1655	26.4929	 1.42	 61.99	0.040	  164.29	 99.83
 247.00	 245.08	 8.8418	34.1668	26.4948	 1.43	 62.19	0.040	  164.27	 99.83
 248.00	 246.08	 8.8365	34.1679	26.4966	 1.43	 62.17	0.040	  164.25	 99.83
 249.00	 247.07	 8.8356	34.1681	26.4969	 1.42	 61.93	0.040	  164.26	 99.84
 250.00	 248.06	 8.8347	34.1683	26.4972	 1.42	 61.79	0.040	  164.33	 99.84
 251.00	 249.05	 8.8330	34.1686	26.4977	 1.42	 61.92	0.040	  164.27	 99.84
 252.00	 250.04	 8.8316	34.1688	26.4981	 1.43	 62.01	0.040	  164.24	 99.84
 253.00	 251.03	 8.8311	34.1689	26.4983	 1.42	 61.88	0.040	  164.22	 99.85
 254.00	 252.03	 8.8287	34.1694	26.4991	 1.42	 61.62	0.040	  164.30	 99.85
 255.00	 253.02	 8.8275	34.1699	26.4996	 1.41	 61.21	0.040	  164.25	 99.85
 256.00	 254.01	 8.8256	34.1711	26.5009	 1.40	 60.99	0.040	  164.27	 99.85
 257.00	 255.00	 8.8232	34.1722	26.5022	 1.40	 60.82	0.040	  164.25	 99.85
 258.00	 255.99	 8.8195	34.1726	26.5031	 1.39	 60.49	0.040	  164.24	 99.85
 259.00	 256.98	 8.8145	34.1731	26.5043	 1.38	 60.25	0.040	  164.27	 99.85
 260.00	 257.98	 8.8115	34.1737	26.5052	 1.38	 60.16	0.040	  164.26	 99.85
 261.00	 258.97	 8.8104	34.1741	26.5057	 1.38	 60.11	0.040	  164.22	 99.85
 262.00	 259.96	 8.8096	34.1741	26.5058	 1.38	 60.01	0.040	  164.19	 99.85
 263.00	 260.95	 8.8083	34.1741	26.5061	 1.37	 59.79	0.040	  164.22	 99.85
 264.00	 261.94	 8.8049	34.1745	26.5070	 1.36	 59.33	0.040	  164.23	 99.85
 265.00	 262.93	 8.7919	34.1766	26.5107	 1.35	 58.87	0.042	  164.17	 99.85
 266.00	 263.93	 8.7857	34.1777	26.5125	 1.35	 58.60	0.041	  164.19	 99.85
 267.00	 264.92	 8.7813	34.1783	26.5137	 1.35	 58.57	0.040	  164.21	 99.85
 268.00	 265.91	 8.7759	34.1793	26.5153	 1.34	 58.51	0.040	  164.24	 99.85
 269.00	 266.90	 8.7730	34.1796	26.5160	 1.34	 58.28	0.040	  164.20	 99.85
 270.00	 267.89	 8.7706	34.1800	26.5167	 1.32	 57.61	0.040	  164.14	 99.85
 271.00	 268.88	 8.7684	34.1804	26.5174	 1.31	 57.09	0.040	  164.16	 99.85
 272.00	 269.87	 8.7576	34.1819	26.5203	 1.31	 56.97	0.040	  164.18	 99.85
 273.00	 270.87	 8.7486	34.1845	26.5237	 1.31	 56.93	0.040	  164.22	 99.85
 274.00	 271.86	 8.7480	34.1846	26.5239	 1.30	 56.53	0.040	  164.22	 99.85
 275.00	 272.85	 8.7461	34.1848	26.5244	 1.29	 56.00	0.040	  164.16	 99.85
 276.00	 273.84	 8.7385	34.1861	26.5266	 1.28	 55.67	0.040	  164.12	 99.86
 277.00	 274.83	 8.7314	34.1875	26.5288	 1.27	 55.22	0.040	  164.21	 99.86
 278.00	 275.82	 8.7202	34.1890	26.5318	 1.26	 54.80	0.039	  164.19	 99.86
 279.00	 276.81	 8.7140	34.1899	26.5335	 1.25	 54.47	0.040	  164.19	 99.86
 280.00	 277.81	 8.7022	34.1907	26.5360	 1.25	 54.48	0.040	  164.07	 99.87
 281.00	 278.80	 8.6962	34.1919	26.5378	 1.24	 54.11	0.040	  164.18	 99.87
 282.00	 279.79	 8.6901	34.1919	26.5388	 1.23	 53.56	0.040	  164.19	 99.88
 283.00	 280.78	 8.6710	34.1927	26.5424	 1.21	 52.84	0.040	  164.13	 99.87
 284.00	 281.77	 8.6484	34.1956	26.5482	 1.20	 52.32	0.040	  164.16	 99.88
 285.00	 282.76	 8.6333	34.1977	26.5522	 1.20	 52.21	0.040	  164.14	 99.88
 286.00	 283.76	 8.6270	34.1989	26.5541	 1.20	 52.25	0.040	  164.18	 99.88
 287.00	 284.75	 8.6259	34.1989	26.5543	 1.20	 52.02	0.040	  164.16	 99.88
 288.00	 285.74	 8.6250	34.2008	26.5560	 1.19	 51.85	0.040	  164.05	 99.88
 289.00	 286.73	 8.6241	34.2029	26.5578	 1.19	 51.83	0.040	  164.08	 99.88
 290.00	 287.72	 8.6245	34.2037	26.5583	 1.19	 51.62	0.040	  164.13	 99.88
 291.00	 288.71	 8.6250	34.2058	26.5599	 1.18	 51.32	0.040	  164.11	 99.88
 292.00	 289.70	 8.6257	34.2089	26.5623	 1.18	 51.18	0.040	  164.10	 99.88
 293.00	 290.70	 8.6259	34.2092	26.5625	 1.17	 51.01	0.040	  164.12	 99.88
 294.00	 291.69	 8.6254	34.2101	26.5633	 1.16	 50.53	0.040	  164.11	 99.88
 295.00	 292.68	 8.6256	34.2109	26.5639	 1.16	 50.28	0.040	  164.09	 99.88
 296.00	 293.67	 8.6228	34.2141	26.5668	 1.15	 50.08	0.040	  164.07	 99.88
 297.00	 294.66	 8.6219	34.2141	26.5670	 1.15	 50.03	0.040	  164.11	 99.88
 298.00	 295.65	 8.6207	34.2147	26.5676	 1.15	 50.23	0.040	  164.08	 99.88
 299.00	 296.64	 8.6209	34.2147	26.5677	 1.15	 50.04	0.040	  164.15	 99.88
 300.00	 297.64	 8.6204	34.2153	26.5682	 1.15	 49.82	0.040	  164.08	 99.88
 301.00	 298.63	 8.6192	34.2158	26.5688	 1.15	 49.85	0.040	  164.05	 99.88
 302.00	 299.62	 8.6188	34.2160	26.5691	 1.14	 49.75	0.041	  164.12	 99.89
 303.00	 300.61	 8.6168	34.2161	26.5694	 1.14	 49.55	0.041	  164.06	 99.88
 304.00	 301.60	 8.6093	34.2166	26.5710	 1.13	 49.30	0.040	  164.04	 99.88
 305.00	 302.59	 8.5955	34.2166	26.5731	 1.11	 48.36	0.040	  164.04	 99.89
 306.00	 303.58	 8.5838	34.2181	26.5762	 1.08	 47.10	0.040	  164.06	 99.89
 307.00	 304.58	 8.5762	34.2251	26.5828	 1.07	 46.42	0.040	  164.04	 99.88
 308.00	 305.57	 8.5741	34.2263	26.5841	 1.06	 46.04	0.040	  164.08	 99.89
 309.00	 306.56	 8.5647	34.2274	26.5864	 1.05	 45.74	0.040	  164.06	 99.89
 310.00	 307.55	 8.5444	34.2276	26.5898	 1.05	 45.82	0.040	  164.13	 99.89
 311.00	 308.54	 8.5350	34.2276	26.5912	 1.05	 45.79	0.040	  164.10	 99.89
 312.00	 309.53	 8.5159	34.2266	26.5933	 1.05	 45.48	0.040	  164.09	 99.90
 313.00	 310.52	 8.5024	34.2277	26.5964	 1.04	 45.26	0.040	  164.05	 99.90
 314.00	 311.51	 8.4914	34.2275	26.5978	 1.04	 45.21	0.040	  164.13	 99.90
 315.00	 312.51	 8.4827	34.2277	26.5993	 1.04	 45.17	0.040	  164.07	 99.90
 316.00	 313.50	 8.4780	34.2280	26.6004	 1.03	 44.84	0.040	  164.01	 99.90
 317.00	 314.49	 8.4691	34.2280	26.6017	 1.03	 44.68	0.040	  164.09	 99.90
 318.00	 315.48	 8.4639	34.2283	26.6028	 1.03	 44.88	0.040	  164.09	 99.90
 319.00	 316.47	 8.4589	34.2284	26.6036	 1.03	 44.78	0.040	  164.07	 99.90
 320.00	 317.46	 8.4571	34.2284	26.6039	 1.02	 44.50	0.040	  164.05	 99.90
 321.00	 318.45	 8.4551	34.2288	26.6045	 1.02	 44.26	0.040	  164.04	 99.90
 322.00	 319.44	 8.4499	34.2288	26.6053	 1.01	 44.06	0.040	  164.06	 99.90
 323.00	 320.44	 8.4443	34.2293	26.6066	 1.00	 43.70	0.040	  164.00	 99.90
 324.00	 321.43	 8.4446	34.2322	26.6088	 1.00	 43.33	0.040	  163.97	 99.90
 325.00	 322.42	 8.4453	34.2337	26.6099	 0.99	 43.12	0.040	  164.02	 99.90
 326.00	 323.41	 8.4446	34.2349	26.6110	 0.99	 43.11	0.040	  164.10	 99.90
 327.00	 324.40	 8.4431	34.2360	26.6122	 0.99	 43.07	0.040	  164.04	 99.90
 328.00	 325.39	 8.4349	34.2364	26.6137	 0.99	 42.85	0.040	  164.04	 99.90
 329.00	 326.38	 8.4288	34.2378	26.6158	 0.98	 42.62	0.040	  164.06	 99.90
 330.00	 327.38	 8.4273	34.2384	26.6164	 0.98	 42.54	0.040	  164.02	 99.90
 331.00	 328.37	 8.4278	34.2392	26.6171	 0.97	 42.41	0.040	  163.99	 99.91
 332.00	 329.36	 8.4244	34.2388	26.6172	 0.97	 42.11	0.040	  163.90	 99.91
 333.00	 330.35	 8.4175	34.2391	26.6185	 0.97	 42.29	0.040	  164.03	 99.91
 334.00	 331.34	 8.4158	34.2390	26.6188	 0.98	 42.47	0.040	  164.01	 99.91
 335.00	 332.33	 8.4146	34.2387	26.6187	 0.97	 42.28	0.040	  163.99	 99.91
 336.00	 333.32	 8.4048	34.2381	26.6198	 0.96	 41.84	0.040	  164.01	 99.91
 337.00	 334.31	 8.3886	34.2373	26.6216	 0.96	 41.63	0.040	  163.98	 99.91
 338.00	 335.31	 8.3756	34.2392	26.6251	 0.96	 41.60	0.040	  163.97	 99.91
 339.00	 336.30	 8.3745	34.2391	26.6252	 0.96	 41.55	0.040	  163.99	 99.90
 340.00	 337.29	 8.3750	34.2390	26.6251	 0.95	 41.34	0.040	  163.98	 99.91
 341.00	 338.28	 8.3724	34.2387	26.6252	 0.95	 41.38	0.040	  163.98	 99.91
 342.00	 339.27	 8.3717	34.2378	26.6246	 0.95	 41.52	0.040	  163.85	 99.91
 343.00	 340.26	 8.3678	34.2377	26.6252	 0.95	 41.32	0.040	  163.92	 99.92
 344.00	 341.25	 8.3678	34.2386	26.6259	 0.94	 41.03	0.040	  163.89	 99.92
 345.00	 342.24	 8.3648	34.2399	26.6274	 0.94	 40.71	0.040	  163.93	 99.92
 346.00	 343.23	 8.3579	34.2427	26.6306	 0.93	 40.37	0.040	  163.88	 99.92
 347.00	 344.23	 8.3457	34.2431	26.6328	 0.93	 40.25	0.040	  163.88	 99.92
 348.00	 345.22	 8.3384	34.2439	26.6346	 0.92	 40.13	0.040	  163.90	 99.92
 349.00	 346.21	 8.3371	34.2442	26.6350	 0.92	 40.02	0.040	  163.86	 99.93
 350.00	 347.20	 8.3323	34.2443	26.6359	 0.92	 39.95	0.040	  163.91	 99.92
 351.00	 348.19	 8.3290	34.2444	26.6364	 0.92	 40.00	0.040	  163.90	 99.92
 352.00	 349.18	 8.3247	34.2446	26.6373	 0.92	 40.00	0.040	  163.88	 99.92
 353.00	 350.17	 8.3213	34.2437	26.6371	 0.91	 39.72	0.040	  163.86	 99.93
 354.00	 351.16	 8.2917	34.2402	26.6389	 0.91	 39.60	0.040	  163.83	 99.93
 355.00	 352.16	 8.2592	34.2385	26.6424	 0.90	 39.36	0.040	  163.88	 99.93
 356.00	 353.15	 8.2402	34.2376	26.6446	 0.89	 38.65	0.040	  163.84	 99.92
 357.00	 354.14	 8.2216	34.2356	26.6458	 0.87	 38.03	0.040	  163.88	 99.93
 358.00	 355.13	 8.1915	34.2324	26.6479	 0.87	 37.65	0.040	  163.86	 99.93
 359.00	 356.12	 8.1144	34.2267	26.6549	 0.86	 37.48	0.040	  163.88	 99.93
 360.00	 357.11	 8.0963	34.2267	26.6576	 0.85	 37.00	0.040	  163.89	 99.93
 361.00	 358.10	 8.0893	34.2261	26.6582	 0.85	 36.79	0.040	  163.85	 99.93
 362.00	 359.09	 8.0729	34.2304	26.6641	 0.85	 36.95	0.040	  163.89	 99.93
 363.00	 360.08	 8.0837	34.2344	26.6656	 0.84	 36.69	0.041	  163.81	 99.93
 364.00	 361.08	 8.0909	34.2370	26.6666	 0.84	 36.58	0.042	  163.91	 99.93
 365.00	 362.07	 8.0853	34.2366	26.6671	 0.84	 36.69	0.041	  163.84	 99.93
 366.00	 363.06	 8.0745	34.2364	26.6686	 0.84	 36.72	0.040	  163.90	 99.93
 367.00	 364.05	 8.0658	34.2355	26.6692	 0.83	 36.29	0.040	  163.84	 99.93
 368.00	 365.04	 8.0593	34.2352	26.6699	 0.82	 35.83	0.040	  163.83	 99.93
 369.00	 366.03	 8.0498	34.2338	26.6702	 0.81	 35.22	0.040	  163.84	 99.93
 370.00	 367.02	 8.0477	34.2333	26.6702	 0.79	 34.48	0.040	  163.87	 99.93
 371.00	 368.01	 8.0336	34.2309	26.6704	 0.78	 34.11	0.040	  163.82	 99.93
 372.00	 369.00	 8.0264	34.2301	26.6709	 0.78	 33.91	0.040	  163.84	 99.93
 373.00	 369.99	 8.0174	34.2295	26.6717	 0.77	 33.66	0.040	  163.89	 99.93
 374.00	 370.99	 8.0128	34.2293	26.6722	 0.77	 33.46	0.041	  163.82	 99.93
 375.00	 371.98	 8.0085	34.2293	26.6729	 0.77	 33.31	0.041	  163.84	 99.94
 376.00	 372.97	 8.0002	34.2289	26.6739	 0.76	 33.18	0.040	  163.79	 99.94
 377.00	 373.96	 7.9951	34.2294	26.6750	 0.75	 32.81	0.040	  163.81	 99.94
 378.00	 374.95	 7.9896	34.2292	26.6757	 0.76	 32.85	0.040	  163.84	 99.94
 379.00	 375.94	 7.9814	34.2292	26.6769	 0.75	 32.75	0.040	  163.84	 99.94
 380.00	 376.93	 7.9744	34.2293	26.6780	 0.75	 32.53	0.040	  163.80	 99.94
 381.00	 377.92	 7.9651	34.2295	26.6796	 0.74	 32.19	0.040	  163.79	 99.94
 382.00	 378.91	 7.9510	34.2292	26.6814	 0.73	 31.95	0.040	  163.84	 99.95
 383.00	 379.91	 7.9352	34.2295	26.6840	 0.73	 31.57	0.040	  163.75	 99.94
 384.00	 380.90	 7.9257	34.2294	26.6853	 0.71	 31.09	0.041	  163.75	 99.95
 385.00	 381.89	 7.9164	34.2293	26.6866	 0.71	 30.67	0.041	  163.79	 99.95
 386.00	 382.88	 7.9048	34.2287	26.6879	 0.70	 30.34	0.040	  163.84	 99.95
 387.00	 383.87	 7.8836	34.2274	26.6899	 0.69	 30.01	0.041	  163.82	 99.94
 388.00	 384.86	 7.8483	34.2261	26.6942	 0.69	 29.81	0.041	  163.81	 99.95
 389.00	 385.85	 7.8334	34.2274	26.6974	 0.69	 29.95	0.040	  163.87	 99.95
 390.00	 386.84	 7.8323	34.2276	26.6977	 0.68	 29.60	0.041	  163.79	 99.95
 391.00	 387.83	 7.8296	34.2273	26.6978	 0.67	 29.09	0.040	  163.86	 99.95
 392.00	 388.82	 7.8125	34.2256	26.6990	 0.65	 28.36	0.042	  163.85	 99.95
 393.00	 389.81	 7.7830	34.2245	26.7024	 0.65	 28.09	0.042	  163.76	 99.95
 394.00	 390.81	 7.7635	34.2249	26.7056	 0.64	 27.94	0.041	  163.88	 99.95
 395.00	 391.80	 7.7546	34.2249	26.7069	 0.64	 27.72	0.040	  163.83	 99.95
 396.00	 392.79	 7.7351	34.2232	26.7084	 0.63	 27.54	0.040	  163.81	 99.95
 397.00	 393.78	 7.7096	34.2243	26.7130	 0.63	 27.34	0.040	  163.77	 99.95
 398.00	 394.77	 7.7027	34.2245	26.7141	 0.63	 27.22	0.041	  163.82	 99.95
 399.00	 395.76	 7.6994	34.2246	26.7147	 0.62	 26.91	0.040	  163.82	 99.95
 400.00	 396.75	 7.6962	34.2245	26.7151	 0.61	 26.45	0.040	  163.83	 99.95
 401.00	 397.74	 7.6921	34.2247	26.7159	 0.61	 26.63	0.040	  163.85	 99.95
 402.00	 398.73	 7.6788	34.2245	26.7177	 0.62	 26.78	0.040	  163.88	 99.95
 403.00	 399.72	 7.6718	34.2269	26.7206	 0.62	 26.78	0.040	  163.79	 99.95
 404.00	 400.72	 7.6723	34.2322	26.7247	 0.62	 26.91	0.040	  163.80	 99.96
 405.00	 401.71	 7.6762	34.2343	26.7258	 0.62	 27.14	0.040	  163.87	 99.95
 406.00	 402.70	 7.6778	34.2349	26.7261	 0.63	 27.33	0.040	  163.78	 99.95
 407.00	 403.69	 7.6792	34.2354	26.7263	 0.65	 28.41	0.040	  163.81	 99.96
 408.00	 404.68	 7.6874	34.2390	26.7279	 0.68	 29.39	0.040	  163.79	 99.96
 409.00	 405.67	 7.7012	34.2448	26.7305	 0.68	 29.51	0.040	  163.75	 99.96
 410.00	 406.66	 7.7176	34.2519	26.7337	 0.68	 29.54	0.040	  163.75	 99.96
 411.00	 407.65	 7.7118	34.2531	26.7355	 0.68	 29.67	0.040	  163.70	 99.96
 412.00	 408.64	 7.7078	34.2542	26.7370	 0.68	 29.37	0.041	  163.70	 99.96
 413.00	 409.63	 7.7061	34.2543	26.7373	 0.67	 29.16	0.041	  163.68	 99.95
 414.00	 410.62	 7.7040	34.2545	26.7378	 0.67	 29.23	0.041	  163.68	 99.95
 415.00	 411.61	 7.6990	34.2551	26.7390	 0.67	 29.20	0.041	  163.70	 99.95
 416.00	 412.61	 7.6992	34.2550	26.7390	 0.67	 29.05	0.040	  163.75	 99.95
 417.00	 413.60	 7.6994	34.2551	26.7390	 0.67	 29.09	0.040	  163.69	 99.95
 418.00	 414.59	 7.6989	34.2550	26.7390	 0.67	 29.16	0.042	  163.62	 99.95
 419.00	 415.58	 7.6983	34.2548	26.7389	 0.67	 29.27	0.040	  163.66	 99.95
 420.00	 416.57	 7.6988	34.2564	26.7401	 0.68	 29.37	0.040	  163.65	 99.95
 421.00	 417.56	 7.6992	34.2573	26.7408	 0.67	 29.34	0.040	  163.65	 99.95
 422.00	 418.55	 7.6997	34.2575	26.7409	 0.67	 29.31	0.040	  163.70	 99.95
 423.00	 419.54	 7.7005	34.2577	26.7410	 0.68	 29.54	0.040	  163.58	 99.95
 424.00	 420.53	 7.7058	34.2600	26.7420	 0.68	 29.50	0.040	  163.60	 99.95
 425.00	 421.52	 7.7072	34.2603	26.7421	 0.67	 29.15	0.040	  163.60	 99.95
 426.00	 422.51	 7.7059	34.2607	26.7426	 0.67	 29.19	0.040	  163.58	 99.95
 427.00	 423.50	 7.6948	34.2635	26.7464	 0.67	 29.02	0.040	  163.59	 99.95
 428.00	 424.50	 7.6929	34.2636	26.7468	 0.66	 28.62	0.040	  163.57	 99.95
 429.00	 425.49	 7.6787	34.2634	26.7487	 0.66	 28.60	0.040	  163.60	 99.95
 430.00	 426.48	 7.6611	34.2647	26.7522	 0.66	 28.68	0.040	  163.65	 99.95
 431.00	 427.47	 7.6573	34.2651	26.7532	 0.66	 28.56	0.041	  163.60	 99.95
 432.00	 428.46	 7.6570	34.2649	26.7530	 0.65	 28.44	0.041	  163.54	 99.95
 433.00	 429.45	 7.6566	34.2647	26.7530	 0.65	 28.34	0.040	  163.60	 99.95
 434.00	 430.44	 7.6468	34.2649	26.7545	 0.65	 28.39	0.040	  163.58	 99.95
 435.00	 431.43	 7.6384	34.2658	26.7564	 0.65	 28.35	0.040	  163.54	 99.95
 436.00	 432.42	 7.6320	34.2647	26.7566	 0.65	 28.32	0.040	  163.52	 99.95
 437.00	 433.41	 7.6163	34.2650	26.7591	 0.65	 28.10	0.040	  163.50	 99.95
 438.00	 434.40	 7.6026	34.2648	26.7609	 0.65	 28.13	0.040	  163.52	 99.95
 439.00	 435.39	 7.5918	34.2649	26.7625	 0.65	 28.19	0.040	  163.59	 99.95
 440.00	 436.38	 7.5771	34.2645	26.7643	 0.64	 28.03	0.040	  163.52	 99.95
 441.00	 437.38	 7.5746	34.2645	26.7647	 0.64	 27.96	0.041	  163.48	 99.95
 442.00	 438.37	 7.5724	34.2641	26.7647	 0.65	 28.15	0.041	  163.47	 99.95
 443.00	 439.36	 7.5536	34.2620	26.7657	 0.65	 28.07	0.040	  163.48	 99.96
 444.00	 440.35	 7.5286	34.2624	26.7697	 0.64	 27.91	0.040	  163.51	 99.95
 445.00	 441.34	 7.5251	34.2629	26.7705	 0.64	 27.92	0.040	  163.55	 99.96
 446.00	 442.33	 7.5127	34.2614	26.7711	 0.64	 27.91	0.040	  163.51	 99.96
 447.00	 443.32	 7.4957	34.2603	26.7727	 0.64	 27.81	0.041	  163.47	 99.96
 448.00	 444.31	 7.4879	34.2605	26.7740	 0.64	 27.86	0.041	  163.51	 99.96
 449.00	 445.30	 7.4857	34.2605	26.7744	 0.64	 27.79	0.040	  163.53	 99.95
 450.00	 446.29	 7.4807	34.2602	26.7748	 0.64	 27.65	0.040	  163.50	 99.96
 451.00	 447.28	 7.4749	34.2607	26.7760	 0.63	 27.58	0.040	  163.46	 99.96
 452.00	 448.27	 7.4729	34.2610	26.7766	 0.63	 27.28	0.040	  163.46	 99.96
 453.00	 449.26	 7.4700	34.2621	26.7779	 0.62	 27.11	0.040	  163.50	 99.96
 454.00	 450.25	 7.4650	34.2628	26.7791	 0.62	 27.08	0.041	  163.44	 99.96
 455.00	 451.25	 7.4466	34.2614	26.7807	 0.61	 26.67	0.042	  163.42	 99.96
 456.00	 452.24	 7.4305	34.2634	26.7845	 0.60	 26.25	0.042	  163.47	 99.96
 457.00	 453.23	 7.4309	34.2657	26.7863	 0.60	 26.15	0.040	  163.47	 99.96
 458.00	 454.22	 7.4202	34.2665	26.7884	 0.60	 26.01	0.040	  163.42	 99.97
 459.00	 455.21	 7.4021	34.2663	26.7908	 0.59	 25.83	0.040	  163.43	 99.96
 460.00	 456.20	 7.4070	34.2692	26.7925	 0.60	 25.96	0.040	  163.44	 99.96
 461.00	 457.19	 7.4088	34.2695	26.7925	 0.60	 26.20	0.040	  163.40	 99.96
 462.00	 458.18	 7.3910	34.2658	26.7921	 0.61	 26.35	0.040	  163.45	 99.97
 463.00	 459.17	 7.3720	34.2633	26.7928	 0.61	 26.48	0.040	  163.35	 99.98
 464.00	 460.16	 7.3615	34.2623	26.7935	 0.61	 26.33	0.040	  163.42	 99.97
 465.00	 461.15	 7.3567	34.2633	26.7950	 0.60	 26.24	0.040	  163.45	 99.97
 466.00	 462.14	 7.3500	34.2631	26.7958	 0.60	 26.27	0.041	  163.38	 99.96
 467.00	 463.13	 7.3476	34.2629	26.7960	 0.60	 26.18	0.041	  163.38	 99.97
 468.00	 464.12	 7.3478	34.2633	26.7963	 0.59	 25.82	0.040	  163.35	 99.97
 469.00	 465.11	 7.3495	34.2644	26.7969	 0.59	 25.68	0.041	  163.43	 99.97
 470.00	 466.10	 7.3494	34.2653	26.7976	 0.59	 25.78	0.042	  163.34	 99.97
 471.00	 467.10	 7.3510	34.2660	26.7980	 0.59	 25.60	0.041	  163.38	 99.97
 472.00	 468.09	 7.3541	34.2667	26.7981	 0.58	 25.41	0.040	  163.35	 99.97
 473.00	 469.08	 7.3525	34.2672	26.7988	 0.58	 25.43	0.040	  163.37	 99.97
 474.00	 470.07	 7.3513	34.2675	26.7992	 0.59	 25.57	0.040	  163.36	 99.97
 475.00	 471.06	 7.3503	34.2672	26.7991	 0.59	 25.68	0.041	  163.33	 99.98
 476.00	 472.05	 7.3495	34.2673	26.7993	 0.59	 25.46	0.040	  163.44	 75.59
 477.00	 473.04	 7.3503	34.2675	26.7993	 0.58	 25.15	0.040	  163.31	100.08
 478.00	 474.03	 7.3493	34.2674	26.7994	 0.58	 25.36	0.040	  163.42	 99.97
 479.00	 475.02	 7.3547	34.2692	26.8001	 0.58	 25.32	0.040	  163.37	 99.97
 480.00	 476.01	 7.3624	34.2697	26.7995	 0.58	 25.13	0.040	  163.33	 99.97
 481.00	 477.00	 7.3642	34.2705	26.7999	 0.58	 25.10	0.040	  163.31	 99.98
 482.00	 477.99	 7.3631	34.2700	26.7996	 0.58	 25.03	0.041	  163.32	 99.98
 483.00	 478.98	 7.3621	34.2697	26.7995	 0.57	 24.62	0.041	  163.31	 99.97
 484.00	 479.97	 7.3509	34.2706	26.8018	 0.56	 24.30	0.040	  163.26	 99.98
 485.00	 480.96	 7.3383	34.2705	26.8035	 0.55	 24.01	0.041	  163.32	 99.97
 486.00	 481.95	 7.3297	34.2705	26.8047	 0.53	 23.24	0.042	  163.26	 99.98
 487.00	 482.94	 7.3026	34.2653	26.8044	 0.52	 22.52	0.040	  163.27	 99.98
 488.00	 483.93	 7.2594	34.2603	26.8065	 0.51	 22.28	0.040	  163.35	 99.98
 489.00	 484.92	 7.2351	34.2582	26.8083	 0.50	 21.75	0.040	  163.30	 99.98
 490.00	 485.92	 7.2182	34.2562	26.8091	 0.49	 21.22	0.041	  163.35	 99.98
 491.00	 486.91	 7.1579	34.2526	26.8147	 0.49	 21.27	0.041	  163.30	 99.98
 492.00	 487.90	 7.1490	34.2557	26.8183	 0.49	 21.22	0.040	  163.28	 99.98
 493.00	 488.89	 7.1478	34.2559	26.8187	 0.49	 21.39	0.041	  163.30	 99.98
 494.00	 489.88	 7.1459	34.2563	26.8193	 0.50	 21.78	0.041	  163.34	 99.98
 495.00	 490.87	 7.1406	34.2573	26.8208	 0.50	 21.76	0.040	  163.26	 99.98
 496.00	 491.86	 7.1408	34.2591	26.8222	 0.50	 21.67	0.040	  163.31	 99.98
 497.00	 492.85	 7.1358	34.2602	26.8238	 0.50	 21.76	0.040	  163.34	 99.98
 498.00	 493.84	 7.1314	34.2619	26.8257	 0.50	 21.60	0.041	  163.27	 99.98
 499.00	 494.83	 7.1281	34.2621	26.8264	 0.49	 21.36	0.041	  163.26	 99.98
 500.00	 495.82	 7.1190	34.2625	26.8279	 0.49	 21.40	0.040	  163.25	 99.98
 501.00	 496.81	 7.1131	34.2629	26.8291	 0.49	 21.28	0.040	  163.25	 99.98
 502.00	 497.80	 7.1126	34.2631	26.8294	 0.49	 21.16	0.041	  163.27	 99.98
 503.00	 498.79	 7.1124	34.2631	26.8294	 0.49	 21.18	0.041	  163.28	 99.98
 504.00	 499.78	 7.1102	34.2633	26.8299	 0.48	 20.98	0.040	  163.25	 99.98
 505.00	 500.77	 7.1084	34.2636	26.8304	 0.49	 21.17	0.040	  163.27	 99.98
 506.00	 501.76	 7.1072	34.2634	26.8304	 0.49	 21.10	0.040	  163.15	 99.98
 507.00	 502.75	 7.1029	34.2639	26.8314	 0.48	 20.89	0.040	  163.26	 99.98
 508.00	 503.74	 7.1007	34.2638	26.8316	 0.48	 20.91	0.040	  163.24	 99.98
 509.00	 504.73	 7.0963	34.2641	26.8325	 0.49	 21.15	0.040	  163.22	 99.98
 510.00	 505.72	 7.0902	34.2654	26.8343	 0.48	 21.06	0.041	  163.25	 99.98
 511.00	 506.71	 7.0880	34.2667	26.8357	 0.48	 21.06	0.041	  163.17	 99.98
 512.00	 507.70	 7.0870	34.2671	26.8362	 0.49	 21.44	0.040	  163.18	 99.98
 513.00	 508.70	 7.0862	34.2678	26.8368	 0.49	 21.30	0.040	  163.17	 99.98
 514.00	 509.69	 7.0873	34.2685	26.8372	 0.48	 20.98	0.040	  163.24	 99.98
 515.00	 510.68	 7.0881	34.2691	26.8376	 0.49	 21.25	0.040	  163.18	 99.98
 516.00	 511.67	 7.0885	34.2691	26.8376	 0.49	 21.33	0.040	  163.14	 99.98
 517.00	 512.66	 7.0890	34.2696	26.8379	 0.49	 21.43	0.040	  163.17	 99.98
 518.00	 513.65	 7.0883	34.2708	26.8390	 0.50	 21.75	0.040	  163.10	 99.98
 519.00	 514.64	 7.0923	34.2731	26.8402	 0.50	 21.65	0.041	  163.11	 99.98
 520.00	 515.63	 7.0907	34.2727	26.8402	 0.50	 21.55	0.041	  163.10	 99.98
 521.00	 516.62	 7.0876	34.2725	26.8405	 0.50	 21.89	0.040	  163.10	 99.98
 522.00	 517.61	 7.0845	34.2730	26.8412	 0.50	 21.76	0.040	  163.15	 99.98
 523.00	 518.60	 7.0814	34.2740	26.8425	 0.50	 21.66	0.042	  163.10	 99.98
 524.00	 519.59	 7.0807	34.2744	26.8430	 0.50	 21.66	0.041	  163.14	 99.98
 525.00	 520.58	 7.0545	34.2744	26.8465	 0.49	 21.47	0.040	  163.08	 99.98
 526.00	 521.57	 7.0294	34.2764	26.8516	 0.49	 21.33	0.040	  163.06	 99.98
 527.00	 522.56	 7.0189	34.2759	26.8526	 0.49	 21.42	0.040	  163.14	 99.98
 528.00	 523.55	 7.0058	34.2760	26.8545	 0.48	 21.04	0.042	  163.12	 99.98
 529.00	 524.54	 7.0051	34.2760	26.8547	 0.47	 20.52	0.041	  163.08	 99.98
 530.00	 525.53	 6.9708	34.2737	26.8575	 0.47	 20.56	0.041	  163.11	 99.98
 531.00	 526.52	 6.9368	34.2753	26.8634	 0.47	 20.40	0.041	  163.13	 99.98
 532.00	 527.51	 6.9098	34.2758	26.8675	 0.47	 20.23	0.040	  163.09	 99.98
 533.00	 528.50	 6.8984	34.2774	26.8703	 0.47	 20.32	0.040	  163.11	 99.98
 534.00	 529.49	 6.8905	34.2771	26.8712	 0.46	 20.18	0.041	  163.13	 99.98
 535.00	 530.48	 6.8805	34.2762	26.8718	 0.46	 20.00	0.041	  163.07	 99.98
 536.00	 531.47	 6.8699	34.2758	26.8729	 0.46	 20.13	0.041	  163.06	 99.98
 537.00	 532.46	 6.8588	34.2754	26.8742	 0.47	 20.25	0.040	  163.09	 99.98
 538.00	 533.45	 6.8534	34.2760	26.8754	 0.47	 20.25	0.041	  163.06	 99.98
 539.00	 534.44	 6.8502	34.2756	26.8755	 0.47	 20.30	0.041	  163.11	 99.98
 540.00	 535.43	 6.8463	34.2753	26.8758	 0.47	 20.25	0.040	  163.06	 99.98
 541.00	 536.42	 6.8398	34.2748	26.8763	 0.47	 20.23	0.041	  163.02	 99.98
 542.00	 537.41	 6.8316	34.2748	26.8774	 0.47	 20.26	0.041	  163.11	 99.99
 543.00	 538.40	 6.8294	34.2749	26.8778	 0.46	 20.05	0.040	  163.03	 99.98
 544.00	 539.40	 6.8269	34.2747	26.8780	 0.46	 19.89	0.040	  163.05	 99.98
 545.00	 540.39	 6.8236	34.2750	26.8786	 0.46	 20.11	0.040	  163.09	 99.99
 546.00	 541.38	 6.8208	34.2747	26.8788	 0.46	 20.15	0.042	  163.05	 99.98
 547.00	 542.37	 6.8121	34.2745	26.8798	 0.46	 20.03	0.041	  163.00	 99.98
 548.00	 543.36	 6.8046	34.2743	26.8807	 0.46	 19.99	0.041	  163.08	 99.98
 549.00	 544.35	 6.7961	34.2738	26.8815	 0.46	 20.03	0.042	  162.98	 99.99
 550.00	 545.34	 6.7906	34.2739	26.8823	 0.46	 19.86	0.041	  162.99	 99.98
 551.00	 546.33	 6.7905	34.2742	26.8826	 0.46	 19.89	0.040	  162.90	 99.99
 552.00	 547.32	 6.7842	34.2739	26.8832	 0.46	 19.82	0.040	  162.94	 99.99
 553.00	 548.31	 6.7776	34.2750	26.8849	 0.45	 19.48	0.040	  162.98	 99.98
 554.00	 549.30	 6.7723	34.2759	26.8864	 0.44	 19.35	0.040	  162.94	 99.99
 555.00	 550.29	 6.7712	34.2777	26.8880	 0.44	 19.30	0.040	  162.92	 99.99
 556.00	 551.28	 6.7718	34.2781	26.8882	 0.44	 19.24	0.040	  162.97	 99.99
 557.00	 552.27	 6.7679	34.2786	26.8891	 0.44	 19.24	0.040	  162.91	 99.99
 558.00	 553.26	 6.7593	34.2786	26.8903	 0.44	 19.14	0.040	  162.90	 99.99
 559.00	 554.25	 6.7538	34.2790	26.8914	 0.43	 18.81	0.040	  162.93	 99.99
 560.00	 555.24	 6.7385	34.2788	26.8933	 0.43	 18.77	0.040	  162.93	 99.99
 561.00	 556.23	 6.7216	34.2800	26.8965	 0.43	 18.81	0.040	  162.95	 99.99
 562.00	 557.22	 6.7095	34.2801	26.8982	 0.43	 18.67	0.040	  162.92	 99.99
 563.00	 558.21	 6.6939	34.2804	26.9005	 0.43	 18.68	0.041	  162.96	 99.99
 564.00	 559.20	 6.6825	34.2798	26.9016	 0.43	 18.74	0.041	  162.90	 99.99
 565.00	 560.19	 6.6739	34.2797	26.9027	 0.43	 18.53	0.041	  162.91	 99.99
 566.00	 561.18	 6.6588	34.2790	26.9041	 0.43	 18.57	0.042	  162.96	 99.99
 567.00	 562.17	 6.6430	34.2799	26.9070	 0.43	 18.55	0.041	  162.87	 99.99
 568.00	 563.16	 6.6405	34.2802	26.9075	 0.42	 18.30	0.040	  162.89	 99.99
 569.00	 564.15	 6.6397	34.2803	26.9077	 0.42	 18.33	0.040	  162.94	 99.99
 570.00	 565.14	 6.6387	34.2803	26.9079	 0.42	 18.25	0.040	  162.94	 99.99
 571.00	 566.13	 6.6330	34.2804	26.9087	 0.42	 18.17	0.040	  162.91	 99.99
 572.00	 567.12	 6.6235	34.2808	26.9103	 0.42	 18.15	0.042	  162.96	 99.99
 573.00	 568.11	 6.6110	34.2805	26.9118	 0.42	 18.13	0.040	  162.88	 99.99
 574.00	 569.10	 6.5987	34.2798	26.9128	 0.42	 18.12	0.040	  162.92	 99.99
 575.00	 570.09	 6.5670	34.2798	26.9170	 0.41	 17.93	0.040	  162.95	 99.99
 576.00	 571.08	 6.5545	34.2812	26.9198	 0.41	 17.98	0.041	  162.89	 99.99
 577.00	 572.07	 6.5534	34.2812	26.9200	 0.41	 17.87	0.041	  162.91	 99.99
 578.00	 573.06	 6.5521	34.2814	26.9203	 0.40	 17.54	0.040	  162.92	 99.99
 579.00	 574.05	 6.5498	34.2816	26.9208	 0.41	 17.64	0.041	  162.90	 99.99
 580.00	 575.04	 6.5450	34.2817	26.9215	 0.41	 17.62	0.041	  162.89	 99.99
 581.00	 576.03	 6.5289	34.2827	26.9244	 0.40	 17.46	0.040	  162.82	100.00
 582.00	 577.02	 6.5240	34.2832	26.9255	 0.40	 17.60	0.040	  162.86	100.00
 583.00	 578.01	 6.5212	34.2833	26.9259	 0.40	 17.46	0.040	  162.85	100.00
 584.00	 579.00	 6.5154	34.2836	26.9269	 0.40	 17.21	0.041	  162.80	100.00
 585.00	 579.99	 6.5113	34.2840	26.9278	 0.40	 17.43	0.041	  162.83	100.00
 586.00	 580.98	 6.5058	34.2843	26.9287	 0.40	 17.37	0.040	  162.85	100.00
 587.00	 581.97	 6.4943	34.2848	26.9306	 0.39	 17.01	0.041	  162.84	100.00
 588.00	 582.96	 6.4869	34.2855	26.9322	 0.39	 16.81	0.041	  162.87	100.00
 589.00	 583.95	 6.4759	34.2865	26.9344	 0.39	 16.95	0.040	  162.85	100.00
 590.00	 584.94	 6.4693	34.2867	26.9355	 0.39	 16.81	0.040	  162.77	 99.99
 591.00	 585.93	 6.4608	34.2871	26.9369	 0.39	 16.74	0.041	  162.83	100.00
 592.00	 586.92	 6.4554	34.2874	26.9378	 0.39	 16.86	0.041	  162.85	100.00
 593.00	 587.91	 6.4513	34.2876	26.9386	 0.38	 16.67	0.040	  162.77	100.00
 594.00	 588.90	 6.4468	34.2878	26.9393	 0.38	 16.60	0.041	  162.85	100.00
 595.00	 589.89	 6.4439	34.2880	26.9399	 0.38	 16.72	0.041	  162.82	100.00
 596.00	 590.88	 6.4413	34.2880	26.9402	 0.38	 16.56	0.040	  162.81	100.00
 597.00	 591.87	 6.4292	34.2876	26.9415	 0.38	 16.39	0.042	  162.73	100.00
 598.00	 592.86	 6.4140	34.2890	26.9446	 0.38	 16.53	0.042	  162.74	100.00
 599.00	 593.85	 6.4088	34.2892	26.9455	 0.38	 16.36	0.040	  162.72	100.00
 600.00	 594.84	 6.4039	34.2895	26.9463	 0.37	 16.20	0.040	  162.77	100.00
 601.00	 595.83	 6.4015	34.2897	26.9468	 0.38	 16.37	0.040	  162.68	100.00
 602.00	 596.82	 6.3989	34.2898	26.9472	 0.38	 16.33	0.040	  162.71	100.00
 603.00	 597.81	 6.3956	34.2900	26.9478	 0.37	 16.26	0.040	  162.72	100.00
 604.00	 598.80	 6.3942	34.2902	26.9482	 0.38	 16.36	0.040	  162.68	100.00
 605.00	 599.79	 6.3913	34.2903	26.9486	 0.37	 16.20	0.041	  162.65	100.00
 606.00	 600.78	 6.3887	34.2903	26.9490	 0.37	 15.88	0.042	  162.65	100.00
 607.00	 601.77	 6.3565	34.2899	26.9529	 0.37	 15.97	0.040	  162.68	100.00
 608.00	 602.76	 6.3312	34.2911	26.9571	 0.37	 15.92	0.040	  162.67	100.00
 609.00	 603.75	 6.3036	34.2915	26.9610	 0.36	 15.75	0.040	  162.65	100.00
 610.00	 604.74	 6.2756	34.2943	26.9668	 0.35	 15.43	0.040	  162.70	100.00
 611.00	 605.73	 6.2545	34.2947	26.9698	 0.35	 15.28	0.040	  162.66	100.00
 612.00	 606.72	 6.2274	34.2965	26.9747	 0.35	 15.03	0.041	  162.64	100.00
 613.00	 607.71	 6.2010	34.2998	26.9807	 0.34	 14.71	0.041	  162.66	100.00
 614.00	 608.70	 6.1918	34.3009	26.9828	 0.34	 14.81	0.040	  162.62	100.00
 615.00	 609.69	 6.1859	34.3007	26.9834	 0.34	 14.68	0.041	  162.62	100.00
 616.00	 610.68	 6.1783	34.3024	26.9857	 0.33	 14.53	0.040	  162.62	100.00
 617.00	 611.67	 6.1675	34.3032	26.9878	 0.33	 14.46	0.040	  162.63	100.00
 618.00	 612.66	 6.1521	34.3043	26.9906	 0.33	 14.18	0.040	  162.63	100.00
 619.00	 613.65	 6.1370	34.3054	26.9934	 0.33	 14.21	0.041	  162.62	100.00
 620.00	 614.64	 6.1291	34.3065	26.9952	 0.33	 14.22	0.042	  162.60	100.00
 621.00	 615.63	 6.1241	34.3071	26.9963	 0.33	 14.18	0.042	  162.62	100.00
 622.00	 616.62	 6.1190	34.3075	26.9973	 0.32	 14.08	0.041	  162.59	100.00
 623.00	 617.61	 6.1148	34.3081	26.9983	 0.32	 14.03	0.041	  162.62	100.00
 624.00	 618.60	 6.1136	34.3083	26.9987	 0.32	 14.07	0.041	  162.61	100.00
 625.00	 619.59	 6.1128	34.3085	26.9989	 0.32	 13.77	0.041	  162.58	100.00
 626.00	 620.58	 6.1093	34.3086	26.9995	 0.32	 13.96	0.041	  162.57	100.00
 627.00	 621.57	 6.1033	34.3090	27.0006	 0.32	 14.07	0.040	  162.65	100.00
 628.00	 622.56	 6.0991	34.3098	27.0017	 0.32	 13.87	0.041	  162.59	100.00
 629.00	 623.55	 6.0759	34.3092	27.0042	 0.31	 13.70	0.042	  162.55	100.00
 630.00	 624.54	 6.0482	34.3121	27.0100	 0.32	 13.78	0.041	  162.63	100.00
 631.00	 625.53	 6.0432	34.3123	27.0108	 0.32	 13.80	0.041	  162.55	100.00
 632.00	 626.52	 6.0412	34.3126	27.0113	 0.32	 13.75	0.042	  162.56	100.00
 633.00	 627.51	 6.0389	34.3127	27.0117	 0.32	 13.94	0.042	  162.59	100.00
 634.00	 628.50	 6.0368	34.3126	27.0119	 0.31	 13.46	0.041	  162.51	100.00
 635.00	 629.49	 6.0297	34.3131	27.0132	 0.30	 12.99	0.040	  162.50	100.00
 636.00	 630.48	 5.9821	34.3123	27.0185	 0.31	 13.37	0.040	  162.53	100.00
 637.00	 631.47	 5.9426	34.3181	27.0280	 0.31	 13.43	0.041	  162.50	100.00
 638.00	 632.46	 5.9291	34.3197	27.0310	 0.30	 13.21	0.042	  162.53	100.00
 639.00	 633.45	 5.9156	34.3206	27.0334	 0.30	 13.06	0.041	  162.49	100.00
 640.00	 634.44	 5.9038	34.3216	27.0357	 0.30	 13.10	0.041	  162.51	100.00
 641.00	 635.43	 5.8954	34.3223	27.0373	 0.30	 12.94	0.042	  162.51	100.00
 642.00	 636.42	 5.8855	34.3232	27.0393	 0.30	 13.11	0.041	  162.37	100.00
 643.00	 637.41	 5.8822	34.3236	27.0400	 0.30	 13.10	0.040	  162.48	100.00
 644.00	 638.40	 5.8804	34.3240	27.0406	 0.29	 12.83	0.042	  162.46	100.00
 645.00	 639.38	 5.8772	34.3240	27.0410	 0.29	 12.71	0.041	  162.48	100.00
 646.00	 640.37	 5.8719	34.3245	27.0420	 0.30	 12.85	0.040	  162.45	100.00
 647.00	 641.36	 5.8665	34.3251	27.0432	 0.29	 12.78	0.040	  162.44	100.00
 648.00	 642.35	 5.8615	34.3254	27.0440	 0.29	 12.64	0.040	  162.44	100.00
 649.00	 643.34	 5.8572	34.3261	27.0451	 0.29	 12.70	0.041	  162.39	100.00
 650.00	 644.33	 5.8485	34.3266	27.0466	 0.29	 12.69	0.042	  162.42	100.00
 651.00	 645.32	 5.8423	34.3272	27.0479	 0.29	 12.61	0.042	  162.43	100.00
 652.00	 646.31	 5.8382	34.3277	27.0488	 0.29	 12.75	0.041	  162.40	100.00
 653.00	 647.30	 5.8324	34.3277	27.0495	 0.29	 12.72	0.040	  162.37	100.00
 654.00	 648.29	 5.8271	34.3286	27.0509	 0.29	 12.69	0.041	  162.37	100.00
 655.00	 649.28	 5.8242	34.3284	27.0511	 0.29	 12.45	0.042	  162.35	100.00
 656.00	 650.27	 5.8123	34.3295	27.0534	 0.29	 12.51	0.041	  162.39	100.00
 657.00	 651.26	 5.8094	34.3298	27.0541	 0.29	 12.64	0.041	  162.35	100.00
 658.00	 652.25	 5.7986	34.3306	27.0560	 0.29	 12.51	0.041	  162.34	100.00
 659.00	 653.24	 5.7910	34.3310	27.0573	 0.29	 12.53	0.040	  162.37	100.00
 660.00	 654.23	 5.7803	34.3324	27.0597	 0.29	 12.60	0.041	  162.35	100.00
 661.00	 655.22	 5.7752	34.3323	27.0603	 0.28	 12.26	0.042	  162.28	100.00
 662.00	 656.21	 5.7652	34.3336	27.0625	 0.28	 12.24	0.042	  162.31	100.00
 663.00	 657.20	 5.7617	34.3335	27.0629	 0.29	 12.47	0.042	  162.35	100.00
 664.00	 658.19	 5.7517	34.3346	27.0650	 0.29	 12.44	0.041	  162.30	100.00
 665.00	 659.18	 5.7354	34.3355	27.0677	 0.28	 12.36	0.040	  162.26	100.00
 666.00	 660.17	 5.7241	34.3369	27.0702	 0.28	 12.29	0.040	  162.35	100.00
 667.00	 661.16	 5.7177	34.3374	27.0714	 0.28	 12.27	0.040	  162.24	100.00
 668.00	 662.15	 5.7069	34.3386	27.0737	 0.28	 12.25	0.040	  162.24	100.00
 669.00	 663.14	 5.7099	34.3383	27.0731	 0.28	 12.25	0.040	  162.21	100.00
 670.00	 664.13	 5.7122	34.3377	27.0724	 0.28	 12.35	0.041	  162.22	100.00
 671.00	 665.12	 5.7015	34.3389	27.0747	 0.28	 12.33	0.041	  162.26	100.00
 672.00	 666.11	 5.7022	34.3391	27.0747	 0.28	 12.25	0.041	  162.22	100.00
 673.00	 667.10	 5.6882	34.3398	27.0770	 0.28	 12.31	0.042	  162.12	100.00
 674.00	 668.09	 5.6183	34.3425	27.0876	 0.29	 12.43	0.040	  162.18	100.00
 675.00	 669.08	 5.5824	34.3487	27.0969	 0.28	 12.36	0.040	  162.21	100.00
 676.00	 670.07	 5.5846	34.3484	27.0964	 0.28	 12.24	0.040	  162.17	100.00
 677.00	 671.05	 5.5813	34.3488	27.0971	 0.28	 12.31	0.041	  162.16	100.00
 678.00	 672.04	 5.5785	34.3488	27.0974	 0.28	 12.15	0.042	  162.20	100.00
 679.00	 673.03	 5.5548	34.3504	27.1015	 0.27	 11.90	0.042	  162.18	100.00
 680.00	 674.02	 5.5379	34.3526	27.1054	 0.28	 12.15	0.041	  162.14	100.00
 681.00	 675.01	 5.5369	34.3527	27.1056	 0.28	 12.23	0.040	  162.17	100.00
 682.00	 676.00	 5.5312	34.3533	27.1068	 0.28	 12.16	0.041	  162.14	100.00
 683.00	 676.99	 5.5138	34.3545	27.1098	 0.28	 12.14	0.040	  162.08	100.00
 684.00	 677.98	 5.5066	34.3556	27.1115	 0.28	 12.18	0.041	  162.09	100.00
 685.00	 678.97	 5.5052	34.3558	27.1119	 0.28	 12.13	0.041	  162.10	100.00
 686.00	 679.96	 5.5056	34.3556	27.1117	 0.28	 12.09	0.041	  162.11	100.00
 687.00	 680.95	 5.5043	34.3561	27.1122	 0.28	 12.19	0.041	  162.08	100.00
 688.00	 681.94	 5.5032	34.3562	27.1124	 0.28	 12.21	0.040	  162.11	100.00
 689.00	 682.93	 5.5012	34.3566	27.1130	 0.28	 12.07	0.041	  162.01	100.00
 690.00	 683.92	 5.5039	34.3563	27.1124	 0.27	 11.74	0.041	  162.05	100.00
 691.00	 684.91	 5.5047	34.3563	27.1124	 0.27	 11.83	0.041	  162.00	100.00
 692.00	 685.90	 5.5090	34.3560	27.1117	 0.28	 12.05	0.041	  162.00	100.00
 693.00	 686.89	 5.5092	34.3560	27.1117	 0.28	 12.02	0.040	  161.96	100.00
 694.00	 687.88	 5.5084	34.3564	27.1120	 0.28	 12.05	0.041	  161.89	100.00
 695.00	 688.87	 5.5010	34.3554	27.1121	 0.28	 12.18	0.041	  161.94	100.00
 696.00	 689.86	 5.4916	34.3573	27.1148	 0.28	 12.33	0.040	  161.96	100.00
 697.00	 690.85	 5.4807	34.3583	27.1169	 0.28	 12.07	0.040	  161.93	100.00
 698.00	 691.84	 5.4793	34.3585	27.1172	 0.27	 11.93	0.041	  161.89	100.00
 699.00	 692.83	 5.4770	34.3586	27.1176	 0.28	 12.19	0.042	  161.89	100.00
 700.00	 693.81	 5.4770	34.3587	27.1177	 0.28	 12.08	0.041	  161.85	100.00
 701.00	 694.80	 5.4750	34.3589	27.1181	 0.27	 11.95	0.040	  161.86	100.00
 702.00	 695.79	 5.4747	34.3590	27.1183	 0.27	 11.89	0.041	  161.88	100.00
 703.00	 696.78	 5.4753	34.3591	27.1183	 0.28	 12.01	0.040	  161.81	100.00
 704.00	 697.77	 5.4760	34.3590	27.1181	 0.27	 11.88	0.042	  161.77	100.00
 705.00	 698.76	 5.4756	34.3590	27.1181	 0.27	 11.88	0.042	  161.82	100.00
 706.00	 699.75	 5.4771	34.3589	27.1179	 0.28	 12.07	0.041	  161.76	100.00
 707.00	 700.74	 5.4782	34.3588	27.1177	 0.28	 12.00	0.040	  161.69	100.00
 708.00	 701.73	 5.4780	34.3589	27.1178	 0.27	 11.94	0.041	  161.78	100.00
 709.00	 702.72	 5.4784	34.3584	27.1174	 0.28	 12.00	0.041	  161.74	100.00
 710.00	 703.71	 5.4745	34.3589	27.1182	 0.28	 12.11	0.040	  161.67	100.00
 711.00	 704.70	 5.4696	34.3596	27.1194	 0.28	 12.07	0.040	  161.69	100.00
 712.00	 705.69	 5.4664	34.3598	27.1200	 0.27	 11.76	0.041	  161.73	100.00
 713.00	 706.68	 5.4664	34.3598	27.1200	 0.27	 11.82	0.041	  161.67	100.00
 714.00	 707.67	 5.4668	34.3599	27.1200	 0.28	 12.07	0.041	  161.66	100.00
 715.00	 708.66	 5.4664	34.3597	27.1199	 0.27	 11.91	0.041	  161.66	100.00
 716.00	 709.65	 5.4659	34.3600	27.1202	 0.27	 11.90	0.040	  161.63	100.00
 717.00	 710.64	 5.4655	34.3599	27.1202	 0.27	 11.92	0.040	  161.65	100.00
 718.00	 711.62	 5.4645	34.3600	27.1204	 0.28	 12.04	0.041	  161.66	100.00
 719.00	 712.61	 5.4645	34.3601	27.1205	 0.28	 12.01	0.042	  161.56	100.00
 720.00	 713.60	 5.4646	34.3601	27.1205	 0.27	 11.69	0.041	  161.61	100.00
 721.00	 714.59	 5.4649	34.3599	27.1203	 0.27	 11.80	0.040	  161.61	100.00
 722.00	 715.58	 5.4652	34.3600	27.1204	 0.28	 11.99	0.040	  161.56	100.00
 723.00	 716.57	 5.4639	34.3600	27.1206	 0.28	 12.00	0.041	  161.54	100.00
 724.00	 717.56	 5.4585	34.3604	27.1215	 0.27	 11.79	0.042	  161.52	100.00
 725.00	 718.55	 5.4572	34.3605	27.1217	 0.27	 11.81	0.041	  161.49	100.00
 726.00	 719.54	 5.4535	34.3607	27.1224	 0.28	 12.04	0.041	  161.48	100.00
 727.00	 720.53	 5.4521	34.3610	27.1227	 0.28	 12.13	0.042	  161.45	100.00
 728.00	 721.52	 5.4504	34.3610	27.1230	 0.27	 11.85	0.042	  161.51	100.00
 729.00	 722.51	 5.4505	34.3612	27.1232	 0.27	 11.72	0.041	  161.44	100.00
 730.00	 723.50	 5.4518	34.3611	27.1229	 0.27	 11.93	0.042	  161.43	100.00
 731.00	 724.49	 5.4530	34.3609	27.1226	 0.27	 11.94	0.042	  161.38	100.00
 732.00	 725.48	 5.4519	34.3611	27.1229	 0.27	 11.78	0.042	  161.43	100.00
 733.00	 726.47	 5.4550	34.3613	27.1228	 0.27	 11.89	0.042	  161.35	100.00
 734.00	 727.46	 5.4507	34.3612	27.1232	 0.27	 11.87	0.041	  161.36	100.00
 735.00	 728.44	 5.4464	34.3611	27.1236	 0.27	 11.93	0.040	  161.34	100.00
 736.00	 729.43	 5.4377	34.3621	27.1254	 0.27	 11.87	0.040	  161.34	100.00
 737.00	 730.42	 5.4379	34.3620	27.1253	 0.27	 11.86	0.040	  161.33	100.00
 738.00	 731.41	 5.4364	34.3623	27.1258	 0.27	 11.92	0.041	  161.28	100.00
 739.00	 732.40	 5.4372	34.3623	27.1257	 0.27	 11.91	0.042	  161.29	100.00
 740.00	 733.39	 5.4377	34.3623	27.1257	 0.27	 11.89	0.042	  161.29	100.00
 741.00	 734.38	 5.4387	34.3619	27.1253	 0.27	 11.91	0.042	  161.27	100.00
 742.00	 735.37	 5.4378	34.3621	27.1255	 0.27	 11.86	0.041	  161.18	100.00
 743.00	 736.36	 5.4387	34.3621	27.1254	 0.27	 11.92	0.041	  161.25	100.00
 744.00	 737.35	 5.4382	34.3621	27.1255	 0.27	 11.91	0.041	  161.22	 80.13
 745.00	 738.34	 5.4362	34.3623	27.1259	 0.27	 11.87	0.041	  161.15	100.13
 746.00	 739.33	 5.4338	34.3621	27.1260	 0.27	 11.90	0.041	  161.17	 95.62
 747.00	 740.32	 5.4277	34.3629	27.1274	 0.27	 11.91	0.041	  161.10	 95.42
 748.00	 741.31	 5.4288	34.3628	27.1272	 0.27	 11.91	0.042	  161.12	 94.83
 749.00	 742.29	 5.4274	34.3627	27.1273	 0.27	 11.91	0.041	  161.12	 96.82
 750.00	 743.28	 5.4237	34.3631	27.1281	 0.27	 11.88	0.041	  161.09	100.05
 751.00	 744.27	 5.4255	34.3634	27.1281	 0.27	 11.90	0.041	  161.06	 98.70
 752.00	 745.26	 5.4276	34.3630	27.1275	 0.27	 11.95	0.040	  161.05	 95.05
 753.00	 746.25	 5.4304	34.3627	27.1270	 0.27	 11.88	0.041	  161.00	 96.74
 754.00	 747.24	 5.4310	34.3627	27.1269	 0.27	 11.78	0.042	  161.03	 99.97
 755.00	 748.23	 5.4309	34.3626	27.1269	 0.27	 11.85	0.042	  161.04	 95.63
 756.00	 749.22	 5.4311	34.3627	27.1269	 0.28	 12.00	0.042	  160.96	 88.01
 757.00	 750.21	 5.4315	34.3627	27.1269	 0.27	 11.88	0.041	  160.95	 79.97
 758.00	 751.20	 5.4311	34.3627	27.1269	 0.27	 11.73	0.041	  160.96	 83.24
 759.00	 752.19	 5.4307	34.3628	27.1271	 0.27	 11.83	0.041	  160.95	 87.29
 760.00	 753.18	 5.4306	34.3629	27.1272	 0.28	 12.01	0.041	  160.96	 76.98
 761.00	 754.17	 5.4307	34.3627	27.1271	 0.27	 11.91	0.040	  160.94	 81.08
 762.00	 755.15	 5.4306	34.3629	27.1272	 0.27	 11.80	0.041	  160.90	 79.18
 763.00	 756.14	 5.4306	34.3628	27.1271	 0.27	 11.90	0.041	  160.90	 87.65
 764.00	 757.13	 5.4296	34.3629	27.1274	 0.28	 12.03	0.040	  160.86	 72.70
 765.00	 758.12	 5.4292	34.3628	27.1274	 0.28	 12.01	0.042	  160.82	 72.10
 766.00	 759.11	 5.4303	34.3629	27.1273	 0.27	 11.90	0.042	  160.82	 71.14
 767.00	 760.10	 5.4308	34.3629	27.1273	 0.27	 11.72	0.041	  160.85	 70.14
 768.00	 761.09	 5.4297	34.3628	27.1273	 0.27	 11.66	0.040	  160.82	 69.12
 769.00	 762.08	 5.4301	34.3628	27.1273	 0.27	 11.89	0.041	  160.75	 67.99
 770.00	 763.07	 5.4294	34.3628	27.1274	 0.28	 11.98	0.042	  160.78	 71.13
 771.00	 764.06	 5.4306	34.3628	27.1272	 0.27	 11.82	0.041	  160.73	 65.90
 772.00	 765.05	 5.4308	34.3628	27.1272	 0.27	 11.72	0.040	  160.72	 76.04
 773.00	 766.04	 5.4308	34.3628	27.1272	 0.27	 11.87	0.040	  160.68	 74.56
 774.00	 767.02	 5.4296	34.3628	27.1274	 0.28	 12.11	0.041	  160.64	 63.19
 775.00	 768.01	 5.4283	34.3629	27.1276	 0.27	 11.91	0.042	  160.60	 62.13
 776.00	 769.00	 5.4236	34.3633	27.1285	 0.27	 11.63	0.042	  160.63	 61.09
 777.00	 769.99	 5.4236	34.3633	27.1285	 0.27	 11.67	0.042	  160.63	 59.98
 778.00	 770.98	 5.4231	34.3633	27.1286	 0.27	 11.89	0.042	  160.58	 58.98
 779.00	 771.97	 5.4227	34.3634	27.1287	 0.28	 11.96	0.042	  160.55	 58.10
 780.00	 772.96	 5.4220	34.3635	27.1289	 0.27	 11.86	0.040	  160.54	 57.24
 781.00	 773.95	 5.4211	34.3636	27.1291	 0.27	 11.58	0.040	  160.49	 56.31
 782.00	 774.94	 5.4215	34.3636	27.1290	 0.27	 11.59	0.040	  160.47	 55.25
 783.00	 775.93	 5.4216	34.3634	27.1289	 0.27	 11.83	0.041	  160.42	 54.27
 784.00	 776.92	 5.4210	34.3635	27.1290	 0.27	 11.81	0.042	  160.43	 53.17
 785.00	 777.91	 5.4207	34.3635	27.1291	 0.27	 11.77	0.041	  160.44	 51.90
 786.00	 778.89	 5.4212	34.3636	27.1291	 0.27	 11.64	0.040	  160.44	 51.07
 787.00	 779.88	 5.4213	34.3635	27.1291	 0.27	 11.65	0.041	  160.41	 49.97
 788.00	 780.87	 5.4212	34.3635	27.1291	 0.27	 11.65	0.042	  160.40	 48.83
 789.00	 781.86	 5.4211	34.3635	27.1291	 0.27	 11.58	0.042	  160.33	 47.81
 790.00	 782.85	 5.4212	34.3635	27.1291	 0.27	 11.58	0.040	  160.33	 46.73
 791.00	 783.84	 5.4198	34.3636	27.1294	 0.27	 11.64	0.041	  160.24	 45.65
 792.00	 784.83	 5.4195	34.3636	27.1294	 0.27	 11.60	0.041	  160.23	 44.44
 793.00	 785.82	 5.4198	34.3637	27.1294	 0.27	 11.63	0.041	  160.16	 43.38
 794.00	 786.81	 5.4193	34.3638	27.1296	 0.27	 11.61	0.041	  160.15	 42.48
 795.00	 787.80	 5.4193	34.3637	27.1296	 0.27	 11.58	0.041	  160.07	 41.34
 796.00	 788.78	 5.4198	34.3637	27.1295	 0.27	 11.60	0.041	  159.94	 40.32
 797.00	 789.77	 5.4193	34.3637	27.1296	 0.27	 11.63	0.041	  159.87	 39.34
 798.00	 790.76	 5.4192	34.3637	27.1296	 0.27	 11.58	0.041	  159.79	 38.39
 799.00	 791.75	 5.4190	34.3637	27.1296	 0.27	 11.62	0.041	  159.81	 37.35
 800.00	 792.74	 5.4146	34.3641	27.1305	 0.27	 11.63	0.041	  159.79	 36.30
 801.00	 793.73	 5.4097	34.3646	27.1315	 0.27	 11.63	0.041	  159.81	 35.31
 802.00	 794.72	 5.4119	34.3644	27.1311	 0.27	 11.72	0.041	  159.71	 34.41
 803.00	 795.71	 5.4130	34.3643	27.1308	 0.27	 11.62	0.041	  159.70	 33.40
 804.00	 796.70	 5.4135	34.3642	27.1307	 0.27	 11.62	0.041	  159.73	 32.31
 805.00	 797.69	 5.4097	34.3644	27.1314	 0.27	 11.74	0.042	  159.72	 31.42
 806.00	 798.68	 5.4051	34.3649	27.1323	 0.27	 11.67	0.041	  159.72	 30.50
 807.00	 799.66	 5.4006	34.3651	27.1330	 0.27	 11.54	0.041	  159.67	 29.38
 808.00	 800.65	 5.3944	34.3655	27.1341	 0.27	 11.63	0.041	  159.67	 28.31
 809.00	 801.64	 5.3890	34.3660	27.1351	 0.27	 11.72	0.042	  159.66	 27.41
 810.00	 802.63	 5.3871	34.3662	27.1355	 0.27	 11.66	0.042	  159.68	 26.37
 811.00	 803.62	 5.3834	34.3664	27.1361	 0.27	 11.64	0.042	  159.62	 25.37
 812.00	 804.61	 5.3424	34.3691	27.1431	 0.27	 11.93	0.041	  159.62	 24.35
 813.00	 805.60	 5.3228	34.3690	27.1453	 0.28	 12.12	0.041	  159.64	 23.38
 814.00	 806.59	 5.2306	34.3769	27.1624	 0.28	 12.04	0.042	  159.61	 22.38
 815.00	 807.58	 5.2253	34.3778	27.1637	 0.27	 11.87	0.042	  159.56	 21.29
 816.00	 808.57	 5.2176	34.3784	27.1651	 0.28	 11.98	0.041	  159.49	 20.38
 817.00	 809.55	 5.2151	34.3789	27.1658	 0.28	 12.06	0.041	  159.45	 19.37
 818.00	 810.54	 5.2124	34.3792	27.1664	 0.27	 11.90	0.040	  159.45	 18.35
 819.00	 811.53	 5.2076	34.3797	27.1673	 0.27	 11.81	0.041	  159.46	 17.41
 820.00	 812.52	 5.2075	34.3799	27.1675	 0.27	 11.83	0.041	  159.42	 16.30
 821.00	 813.51	 5.2048	34.3806	27.1684	 0.27	 11.81	0.041	  159.31	 15.18
 822.00	 814.50	 5.2054	34.3804	27.1682	 0.27	 11.85	0.042	  159.23	 14.20
 823.00	 815.49	 5.2060	34.3802	27.1680	 0.27	 11.79	0.041	  159.23	 13.30
 824.00	 816.48	 5.2029	34.3803	27.1684	 0.27	 11.81	0.041	  159.12	 12.23
 825.00	 817.47	 5.1896	34.3813	27.1707	 0.27	 11.93	0.041	  158.99	 11.27
 826.00	 818.45	 5.1788	34.3821	27.1726	 0.27	 11.84	0.041	  158.33	 10.28
