* Sea-Bird SBE 9 Data:
* Software Version Seasave V 7.26.7.107
* Vessel: NOAA Ship Ronald H. Brown
* Cruise: RB2102, West Coast Ocean Acidification (WCOA) 2021
* Dates: 20210622 to 20210723
* Region: NE Pacific, USA West Coast
* Ports: San Diego, CA to Port Angeles, WA to San Diego, CA
* Chief Scientists: R. Feely, NOAA PMEL; D. Greeley, NOAA PMEL; B. Carter, NOAA PMEL / UW CICOES
* Contacts: R. Feely, richard.a.feely@noaa.gov; D. Greeley, dana.greeley@noaa.gov; B. Carter, brendan.carter@noaa.gov
* Station: 079
* Cast: 1
* Cast Date-Time [GMT]: 10-Jul-2021 20:14:51
* Longitude: -123.3195 W
* Latitude: 37.7491 N
* Water Depth [m]: 1150.2
**********
* Column  1: Pressure [decibar]
* Column  2: Depth [m]
* Column  3: Temperature ITS-90 [degree C]
* Column  4: Salinity PSS-78 [psu]
* Column  5: Sigma-theta EOS-80 [kg/m^3 - 1000]
* Column  6: Oxygen [ml/L]
* Column  7: Oxygen [umol/kg]
* Column  8: Fluorescence [volts]
* Column  9: Oxygen Reduction Potential [mV]
* Column 10: Altimeter [m]
**********
*END*
   4.00	   3.97	13.1154	33.7588	25.4085	 6.71	292.12	0.112	  154.08	 99.80
   5.00	   4.96	13.1139	33.7590	25.4090	 6.73	292.98	0.116	  154.03	 99.80
   6.00	   5.96	13.1148	33.7590	25.4089	 6.74	293.45	0.126	  153.97	 99.80
   7.00	   6.95	13.1105	33.7592	25.4099	 6.75	294.13	0.129	  153.96	 99.80
   8.00	   7.94	13.1148	33.7591	25.4090	 6.76	294.60	0.129	  153.94	 99.80
   9.00	   8.93	13.1167	33.7593	25.4087	 6.78	295.29	0.130	  153.88	 99.80
  10.00	   9.93	13.1207	33.7592	25.4079	 6.81	296.46	0.129	  153.86	 99.80
  11.00	  10.92	13.1189	33.7593	25.4084	 6.82	296.85	0.129	  153.88	 99.81
  12.00	  11.91	13.1194	33.7590	25.4081	 6.81	296.64	0.128	  153.81	 99.81
  13.00	  12.90	13.1197	33.7591	25.4081	 6.80	296.12	0.127	  153.84	 99.82
  14.00	  13.90	13.1186	33.7593	25.4085	 6.79	295.65	0.123	  153.85	 99.82
  15.00	  14.89	13.1189	33.7592	25.4084	 6.80	296.30	0.121	  153.85	 99.82
  16.00	  15.88	13.1116	33.7593	25.4100	 6.82	296.87	0.119	  153.81	 99.81
  17.00	  16.87	13.1160	33.7592	25.4090	 6.81	296.68	0.117	  153.81	 99.81
  18.00	  17.86	13.1190	33.7594	25.4086	 6.81	296.56	0.117	  153.79	 99.82
  19.00	  18.86	13.1096	33.7594	25.4105	 6.78	295.26	0.114	  153.74	 99.83
  20.00	  19.85	13.0895	33.7606	25.4155	 6.75	293.98	0.111	  153.76	 99.82
  21.00	  20.84	13.0769	33.7607	25.4181	 6.73	292.93	0.111	  153.74	 99.81
  22.00	  21.83	13.0304	33.7583	25.4255	 6.62	288.17	0.116	  153.68	 99.80
  23.00	  22.83	12.8809	33.7524	25.4506	 6.37	277.48	0.119	  153.80	 99.79
  24.00	  23.82	12.7313	33.7450	25.4743	 6.16	268.31	0.112	  153.88	 99.78
  25.00	  24.81	12.5612	33.7376	25.5018	 5.83	253.88	0.097	  154.00	 99.74
  26.00	  25.80	12.1962	33.7250	25.5623	 5.31	231.05	0.078	  154.22	 99.66
  27.00	  26.80	11.7215	33.7399	25.6633	 5.09	221.68	0.059	  154.58	 99.54
  28.00	  27.79	11.6907	33.7427	25.6712	 4.94	215.16	0.053	  154.63	 99.38
  29.00	  28.78	11.6686	33.7465	25.6783	 4.84	210.62	0.052	  154.64	 99.32
  30.00	  29.77	11.6124	33.7489	25.6906	 4.79	208.64	0.051	  154.66	 99.32
  31.00	  30.77	11.4984	33.7493	25.7119	 4.77	207.68	0.050	  154.77	 99.32
  32.00	  31.76	11.4348	33.7530	25.7265	 4.71	205.02	0.050	  154.84	 99.31
  33.00	  32.75	11.3682	33.7593	25.7436	 4.69	204.03	0.049	  154.91	 99.30
  34.00	  33.74	11.3652	33.7696	25.7522	 4.69	204.05	0.049	  154.86	 99.30
  35.00	  34.74	11.3538	33.7806	25.7629	 4.68	203.71	0.047	  154.96	 97.39
  36.00	  35.73	11.3524	33.7853	25.7667	 4.63	201.60	0.047	  154.98	 99.42
  37.00	  36.72	11.2740	33.7924	25.7866	 4.56	198.36	0.047	  155.07	 99.31
  38.00	  37.71	11.2101	33.8014	25.8052	 4.52	196.90	0.046	  155.12	 99.31
  39.00	  38.71	11.1740	33.8086	25.8173	 4.50	195.97	0.046	  155.12	 99.31
  40.00	  39.70	11.1408	33.8136	25.8272	 4.47	194.80	0.046	  155.12	 99.32
  41.00	  40.69	11.0778	33.8203	25.8438	 4.40	191.55	0.046	  155.27	 99.32
  42.00	  41.68	11.0339	33.8253	25.8556	 4.38	190.79	0.044	  155.23	 98.30
  43.00	  42.67	11.0100	33.8292	25.8630	 4.36	189.92	0.044	  155.26	 98.14
  44.00	  43.67	10.9917	33.8320	25.8684	 4.35	189.53	0.043	  155.31	 99.34
  45.00	  44.66	10.9853	33.8329	25.8703	 4.35	189.41	0.043	  155.32	 99.32
  46.00	  45.65	10.9827	33.8333	25.8711	 4.34	188.76	0.043	  155.28	 93.89
  47.00	  46.64	10.9794	33.8338	25.8721	 4.33	188.58	0.043	  155.29	 92.16
  48.00	  47.64	10.9717	33.8341	25.8737	 4.32	187.99	0.043	  155.33	 98.97
  49.00	  48.63	10.9367	33.8340	25.8799	 4.27	186.01	0.043	  155.33	 98.53
  50.00	  49.62	10.8436	33.8337	25.8962	 4.16	181.11	0.043	  155.32	 99.41
  51.00	  50.61	10.7895	33.8312	25.9039	 4.11	179.05	0.043	  155.42	 99.34
  52.00	  51.61	10.7491	33.8267	25.9075	 4.09	178.11	0.042	  155.41	 99.34
  53.00	  52.60	10.7128	33.8248	25.9125	 4.06	176.81	0.042	  155.43	 99.35
  54.00	  53.59	10.6973	33.8258	25.9160	 4.00	174.14	0.042	  155.42	 93.42
  55.00	  54.58	10.6402	33.8343	25.9327	 3.95	172.03	0.042	  155.44	 99.52
  56.00	  55.57	10.6155	33.8421	25.9431	 3.94	171.31	0.042	  155.50	 99.38
  57.00	  56.57	10.6011	33.8486	25.9507	 3.92	170.45	0.042	  155.50	 99.39
  58.00	  57.56	10.5890	33.8579	25.9601	 3.90	169.70	0.042	  155.50	 99.39
  59.00	  58.55	10.5707	33.8602	25.9651	 3.87	168.47	0.042	  155.49	 99.26
  60.00	  59.54	10.5414	33.8644	25.9735	 3.82	166.44	0.042	  155.50	 88.13
  61.00	  60.54	10.5151	33.8632	25.9772	 3.77	164.17	0.042	  155.50	 99.73
  62.00	  61.53	10.5000	33.8624	25.9792	 3.74	162.61	0.042	  155.55	 99.39
  63.00	  62.52	10.4524	33.8689	25.9926	 3.72	162.13	0.042	  155.54	 99.40
  64.00	  63.51	10.4342	33.8748	26.0003	 3.72	161.94	0.042	  155.54	 97.29
  65.00	  64.50	10.4307	33.8766	26.0024	 3.71	161.40	0.042	  155.52	 98.24
  66.00	  65.50	10.4273	33.8793	26.0051	 3.69	160.65	0.042	  155.55	 99.56
  67.00	  66.49	10.4233	33.8821	26.0080	 3.68	160.33	0.042	  155.56	 99.43
  68.00	  67.48	10.4212	33.8832	26.0092	 3.68	160.06	0.042	  155.53	 99.44
  69.00	  68.47	10.4209	33.8836	26.0096	 3.68	159.98	0.042	  155.60	 99.44
  70.00	  69.47	10.4198	33.8838	26.0099	 3.67	159.61	0.042	  155.61	 99.43
  71.00	  70.46	10.4143	33.8846	26.0116	 3.65	158.97	0.042	  155.55	 99.44
  72.00	  71.45	10.4049	33.8861	26.0144	 3.62	157.51	0.042	  155.55	 99.44
  73.00	  72.44	10.3820	33.8894	26.0209	 3.59	156.45	0.042	  155.56	 99.44
  74.00	  73.43	10.3553	33.8930	26.0283	 3.57	155.25	0.042	  155.52	 99.44
  75.00	  74.43	10.3333	33.8954	26.0340	 3.54	154.06	0.042	  155.55	 99.44
  76.00	  75.42	10.3199	33.8966	26.0373	 3.52	153.18	0.041	  155.55	 99.44
  77.00	  76.41	10.3030	33.8979	26.0413	 3.51	152.81	0.040	  155.58	 99.44
  78.00	  77.40	10.2851	33.9006	26.0464	 3.50	152.51	0.041	  155.62	 99.45
  79.00	  78.40	10.2729	33.9021	26.0497	 3.48	151.51	0.042	  155.58	 99.46
  80.00	  79.39	10.2577	33.9042	26.0540	 3.44	149.75	0.042	  155.58	 99.46
  81.00	  80.38	10.2509	33.9040	26.0550	 3.41	148.31	0.042	  155.59	 99.46
  82.00	  81.37	10.2159	33.9079	26.0641	 3.39	147.70	0.040	  155.72	 99.47
  83.00	  82.36	10.2041	33.9081	26.0663	 3.37	146.76	0.042	  155.63	 99.47
  84.00	  83.36	10.1882	33.9096	26.0702	 3.34	145.57	0.042	  155.52	 99.48
  85.00	  84.35	10.1460	33.9109	26.0784	 3.30	143.82	0.041	  155.59	 99.49
  86.00	  85.34	10.1118	33.9114	26.0846	 3.25	141.25	0.041	  155.61	 99.50
  87.00	  86.33	10.0821	33.9111	26.0895	 3.22	140.03	0.042	  155.62	 99.51
  88.00	  87.32	10.0634	33.9124	26.0937	 3.20	139.14	0.041	  155.60	 99.51
  89.00	  88.32	10.0564	33.9126	26.0951	 3.18	138.43	0.041	  155.60	 99.51
  90.00	  89.31	10.0416	33.9135	26.0982	 3.17	137.76	0.042	  155.60	 99.51
  91.00	  90.30	10.0287	33.9144	26.1012	 3.15	137.31	0.042	  155.64	 99.52
  92.00	  91.29	10.0166	33.9151	26.1038	 3.13	136.43	0.041	  155.59	 99.54
  93.00	  92.29	10.0022	33.9160	26.1069	 3.09	134.60	0.042	  155.63	 99.54
  94.00	  93.28	 9.9917	33.9163	26.1089	 3.05	132.93	0.041	  155.59	 99.54
  95.00	  94.27	 9.9752	33.9169	26.1122	 3.02	131.39	0.041	  155.59	 99.54
  96.00	  95.26	 9.9586	33.9179	26.1158	 2.99	130.12	0.042	  155.60	 99.54
  97.00	  96.25	 9.9227	33.9221	26.1251	 2.97	129.19	0.041	  155.62	 99.55
  98.00	  97.25	 9.8908	33.9278	26.1350	 2.95	128.41	0.041	  155.67	 99.55
  99.00	  98.24	 9.8837	33.9286	26.1368	 2.92	126.95	0.041	  155.63	 99.57
 100.00	  99.23	 9.8829	33.9290	26.1373	 2.87	124.83	0.041	  155.61	 99.58
 101.00	 100.22	 9.8619	33.9352	26.1456	 2.83	123.31	0.040	  155.59	 99.58
 102.00	 101.21	 9.8411	33.9381	26.1514	 2.82	122.59	0.041	  155.63	 99.58
 103.00	 102.21	 9.8118	33.9409	26.1585	 2.80	122.01	0.041	  155.64	 99.58
 104.00	 103.20	 9.8028	33.9417	26.1607	 2.78	120.95	0.041	  155.63	 99.59
 105.00	 104.19	 9.7872	33.9431	26.1644	 2.74	119.36	0.041	  155.67	 99.61
 106.00	 105.18	 9.7657	33.9453	26.1697	 2.71	117.98	0.041	  155.65	 99.61
 107.00	 106.17	 9.7440	33.9486	26.1759	 2.69	117.21	0.041	  155.64	 99.62
 108.00	 107.17	 9.7298	33.9503	26.1796	 2.67	116.30	0.041	  155.63	 99.62
 109.00	 108.16	 9.7218	33.9517	26.1821	 2.64	114.82	0.040	  155.69	 99.63
 110.00	 109.15	 9.7095	33.9530	26.1851	 2.58	112.49	0.041	  155.63	 99.63
 111.00	 110.14	 9.6716	33.9600	26.1968	 2.53	110.17	0.041	  155.68	 99.63
 112.00	 111.13	 9.6100	33.9702	26.2150	 2.47	107.69	0.041	  155.72	 99.63
 113.00	 112.13	 9.5693	33.9781	26.2280	 2.42	105.18	0.041	  155.69	 99.66
 114.00	 113.12	 9.5313	33.9825	26.2376	 2.39	103.88	0.041	  155.79	 99.67
 115.00	 114.11	 9.5169	33.9845	26.2416	 2.37	103.04	0.041	  155.72	 99.68
 116.00	 115.10	 9.5047	33.9864	26.2451	 2.35	102.32	0.040	  155.75	 99.68
 117.00	 116.09	 9.4986	33.9871	26.2467	 2.34	101.84	0.040	  155.69	 99.68
 118.00	 117.09	 9.4945	33.9878	26.2479	 2.33	101.54	0.041	  155.71	 99.69
 119.00	 118.08	 9.4917	33.9883	26.2487	 2.32	101.16	0.041	  155.72	 99.70
 120.00	 119.07	 9.4798	33.9904	26.2523	 2.31	100.57	0.041	  155.73	 99.71
 121.00	 120.06	 9.4685	33.9923	26.2557	 2.29	 99.56	0.041	  155.71	 99.71
 122.00	 121.05	 9.4514	33.9961	26.2615	 2.27	 98.99	0.041	  155.83	 99.71
 123.00	 122.05	 9.4375	34.0005	26.2672	 2.27	 98.95	0.041	  155.71	 99.71
 124.00	 123.04	 9.4318	34.0009	26.2685	 2.27	 98.81	0.040	  155.76	 99.71
 125.00	 124.03	 9.4232	34.0014	26.2703	 2.27	 98.78	0.041	  155.71	 99.72
 126.00	 125.02	 9.4139	34.0020	26.2723	 2.27	 98.72	0.041	  155.77	 99.72
 127.00	 126.01	 9.4100	34.0027	26.2735	 2.27	 98.59	0.041	  155.69	 99.72
 128.00	 127.01	 9.4030	34.0028	26.2747	 2.26	 98.44	0.040	  155.75	 99.72
 129.00	 128.00	 9.3842	34.0040	26.2787	 2.25	 98.02	0.040	  155.66	 99.72
 130.00	 128.99	 9.3735	34.0050	26.2813	 2.24	 97.31	0.041	  155.74	 99.72
 131.00	 129.98	 9.3512	34.0075	26.2868	 2.22	 96.78	0.041	  155.73	 99.72
 132.00	 130.97	 9.3174	34.0135	26.2971	 2.21	 96.03	0.041	  155.70	 99.72
 133.00	 131.97	 9.2982	34.0179	26.3036	 2.19	 95.16	0.041	  155.69	 99.73
 134.00	 132.96	 9.2930	34.0191	26.3054	 2.17	 94.63	0.041	  155.66	 99.73
 135.00	 133.95	 9.2892	34.0199	26.3067	 2.16	 94.20	0.040	  155.70	 99.73
 136.00	 134.94	 9.2844	34.0211	26.3084	 2.15	 93.69	0.040	  155.76	 99.73
 137.00	 135.93	 9.2690	34.0221	26.3117	 2.14	 93.30	0.040	  155.79	 99.73
 138.00	 136.92	 9.2450	34.0258	26.3184	 2.14	 93.03	0.040	  155.75	 99.73
 139.00	 137.92	 9.2317	34.0282	26.3225	 2.13	 92.79	0.041	  155.66	 99.73
 140.00	 138.91	 9.2245	34.0285	26.3239	 2.12	 92.26	0.041	  155.67	 99.74
 141.00	 139.90	 9.1979	34.0311	26.3302	 2.11	 91.88	0.041	  155.62	 99.75
 142.00	 140.89	 9.1838	34.0333	26.3343	 2.10	 91.54	0.041	  155.67	 99.74
 143.00	 141.88	 9.1724	34.0357	26.3380	 2.10	 91.29	0.041	  155.64	 99.74
 144.00	 142.88	 9.1682	34.0368	26.3395	 2.09	 90.99	0.041	  155.58	 99.75
 145.00	 143.87	 9.1603	34.0380	26.3417	 2.08	 90.67	0.041	  155.65	 99.75
 146.00	 144.86	 9.1449	34.0401	26.3458	 2.07	 90.29	0.041	  155.71	 99.76
 147.00	 145.85	 9.1390	34.0419	26.3482	 2.06	 89.62	0.041	  155.68	 99.76
 148.00	 146.84	 9.1300	34.0447	26.3519	 2.05	 89.30	0.040	  155.69	 99.76
 149.00	 147.84	 9.1224	34.0467	26.3547	 2.05	 89.08	0.040	  155.67	 99.76
 150.00	 148.83	 9.1200	34.0470	26.3553	 2.04	 88.93	0.041	  155.64	 99.76
 151.00	 149.82	 9.1193	34.0474	26.3557	 2.04	 88.87	0.041	  155.61	 99.76
 152.00	 150.81	 9.1164	34.0476	26.3564	 2.04	 88.72	0.041	  155.61	 99.76
 153.00	 151.80	 9.1095	34.0482	26.3580	 2.04	 88.61	0.040	  155.61	 99.76
 154.00	 152.79	 9.1039	34.0488	26.3594	 2.03	 88.36	0.040	  155.62	 99.76
 155.00	 153.79	 9.0998	34.0495	26.3606	 2.03	 88.23	0.040	  155.60	 99.76
 156.00	 154.78	 9.0956	34.0503	26.3619	 2.02	 87.99	0.041	  155.63	 99.76
 157.00	 155.77	 9.0895	34.0512	26.3636	 2.02	 87.68	0.041	  155.58	 99.76
 158.00	 156.76	 9.0829	34.0524	26.3656	 2.01	 87.60	0.041	  155.59	 99.77
 159.00	 157.75	 9.0769	34.0530	26.3670	 2.01	 87.40	0.041	  155.61	 99.76
 160.00	 158.74	 9.0724	34.0540	26.3686	 2.00	 87.23	0.040	  155.58	 99.76
 161.00	 159.74	 9.0684	34.0547	26.3697	 2.00	 86.93	0.040	  155.56	 99.76
 162.00	 160.73	 9.0589	34.0566	26.3728	 1.99	 86.64	0.041	  155.56	 99.77
 163.00	 161.72	 9.0529	34.0578	26.3747	 1.99	 86.42	0.041	  155.61	 99.77
 164.00	 162.71	 9.0517	34.0578	26.3749	 1.98	 86.10	0.041	  155.58	 99.77
 165.00	 163.70	 9.0449	34.0588	26.3768	 1.97	 85.86	0.040	  155.58	 99.77
 166.00	 164.70	 9.0405	34.0594	26.3780	 1.97	 85.83	0.040	  155.53	 99.78
 167.00	 165.69	 9.0365	34.0600	26.3791	 1.97	 85.70	0.040	  155.56	 99.78
 168.00	 166.68	 9.0335	34.0603	26.3799	 1.95	 85.06	0.040	  155.50	 99.78
 169.00	 167.67	 9.0252	34.0618	26.3823	 1.93	 83.86	0.040	  155.56	 99.78
 170.00	 168.66	 9.0194	34.0665	26.3869	 1.92	 83.52	0.040	  155.58	 99.78
 171.00	 169.65	 9.0124	34.0699	26.3907	 1.92	 83.46	0.040	  155.60	 99.78
 172.00	 170.65	 8.9899	34.0724	26.3963	 1.92	 83.47	0.041	  155.54	 99.78
 173.00	 171.64	 8.9642	34.0710	26.3993	 1.92	 83.44	0.041	  155.58	 99.78
 174.00	 172.63	 8.9467	34.0713	26.4023	 1.91	 83.22	0.040	  155.57	 99.78
 175.00	 173.62	 8.9332	34.0705	26.4038	 1.91	 83.05	0.040	  155.50	 99.78
 176.00	 174.61	 8.9227	34.0715	26.4062	 1.91	 83.12	0.041	  155.48	 99.78
 177.00	 175.60	 8.9197	34.0718	26.4070	 1.91	 83.10	0.041	  155.48	 99.78
 178.00	 176.60	 8.9131	34.0719	26.4081	 1.91	 82.98	0.041	  155.59	 99.78
 179.00	 177.59	 8.9059	34.0724	26.4096	 1.90	 82.81	0.040	  155.56	 99.78
 180.00	 178.58	 8.8963	34.0732	26.4118	 1.90	 82.66	0.041	  155.46	 99.78
 181.00	 179.57	 8.8887	34.0743	26.4139	 1.89	 82.33	0.041	  155.54	 99.78
 182.00	 180.56	 8.8799	34.0757	26.4164	 1.88	 81.99	0.040	  155.53	 99.78
 183.00	 181.55	 8.8763	34.0764	26.4176	 1.88	 81.77	0.041	  155.44	 99.78
 184.00	 182.55	 8.8703	34.0778	26.4196	 1.87	 81.34	0.041	  155.48	 99.78
 185.00	 183.54	 8.8621	34.0795	26.4222	 1.86	 81.07	0.040	  155.57	 99.78
 186.00	 184.53	 8.8428	34.0817	26.4270	 1.86	 80.83	0.040	  155.47	 99.78
 187.00	 185.52	 8.8383	34.0822	26.4281	 1.85	 80.69	0.040	  155.51	 99.79
 188.00	 186.51	 8.8365	34.0826	26.4287	 1.85	 80.64	0.041	  155.46	 99.79
 189.00	 187.50	 8.8358	34.0829	26.4291	 1.85	 80.55	0.041	  155.45	 99.80
 190.00	 188.50	 8.8351	34.0830	26.4293	 1.85	 80.46	0.040	  155.48	 99.80
 191.00	 189.49	 8.8338	34.0830	26.4295	 1.85	 80.44	0.040	  155.49	 99.79
 192.00	 190.48	 8.8324	34.0832	26.4299	 1.85	 80.42	0.040	  155.42	 99.79
 193.00	 191.47	 8.8291	34.0837	26.4309	 1.85	 80.29	0.040	  155.46	 99.79
 194.00	 192.46	 8.8263	34.0840	26.4315	 1.84	 80.15	0.040	  155.43	 99.79
 195.00	 193.45	 8.8259	34.0843	26.4318	 1.84	 80.14	0.040	  155.41	 99.80
 196.00	 194.45	 8.8250	34.0846	26.4322	 1.84	 80.05	0.041	  155.43	 99.80
 197.00	 195.44	 8.8229	34.0851	26.4329	 1.83	 79.83	0.040	  155.43	 99.80
 198.00	 196.43	 8.8197	34.0855	26.4338	 1.83	 79.81	0.040	  155.42	 99.80
 199.00	 197.42	 8.8160	34.0858	26.4346	 1.83	 79.71	0.040	  155.41	 99.80
 200.00	 198.41	 8.8113	34.0863	26.4358	 1.83	 79.50	0.040	  155.35	 99.80
 201.00	 199.40	 8.8036	34.0868	26.4373	 1.82	 79.28	0.041	  155.42	 99.80
 202.00	 200.39	 8.7892	34.0879	26.4405	 1.82	 79.31	0.040	  155.42	 99.80
 203.00	 201.39	 8.7818	34.0883	26.4420	 1.82	 79.26	0.040	  155.37	 99.80
 204.00	 202.38	 8.7709	34.0875	26.4431	 1.82	 79.08	0.040	  155.30	 99.80
 205.00	 203.37	 8.7522	34.0881	26.4465	 1.81	 78.88	0.041	  155.40	 99.80
 206.00	 204.36	 8.7434	34.0891	26.4487	 1.81	 78.81	0.041	  155.39	 99.80
 207.00	 205.35	 8.7368	34.0914	26.4515	 1.81	 78.82	0.040	  155.37	 99.80
 208.00	 206.34	 8.7209	34.0902	26.4530	 1.81	 78.72	0.040	  155.34	 99.80
 209.00	 207.34	 8.7076	34.0902	26.4551	 1.80	 78.45	0.040	  155.32	 99.80
 210.00	 208.33	 8.7004	34.0919	26.4576	 1.79	 77.91	0.040	  155.37	 99.80
 211.00	 209.32	 8.6856	34.0948	26.4622	 1.78	 77.24	0.040	  155.34	 99.80
 212.00	 210.31	 8.6622	34.0974	26.4678	 1.76	 76.39	0.041	  155.36	 99.80
 213.00	 211.30	 8.6498	34.0998	26.4717	 1.74	 75.69	0.041	  155.39	 99.80
 214.00	 212.29	 8.6398	34.1029	26.4756	 1.73	 75.21	0.040	  155.35	 99.80
 215.00	 213.28	 8.6335	34.1051	26.4784	 1.72	 74.88	0.040	  155.39	 99.80
 216.00	 214.28	 8.6321	34.1055	26.4790	 1.71	 74.50	0.040	  155.38	 99.81
 217.00	 215.27	 8.6280	34.1067	26.4805	 1.70	 73.98	0.040	  155.34	 99.81
 218.00	 216.26	 8.6255	34.1072	26.4814	 1.69	 73.70	0.041	  155.35	 99.83
 219.00	 217.25	 8.6219	34.1076	26.4822	 1.69	 73.47	0.041	  155.36	 99.83
 220.00	 218.24	 8.6142	34.1078	26.4836	 1.69	 73.37	0.040	  155.34	 99.83
 221.00	 219.23	 8.6006	34.1093	26.4868	 1.69	 73.31	0.041	  155.36	 99.83
 222.00	 220.23	 8.5935	34.1099	26.4885	 1.68	 73.15	0.041	  155.34	 99.83
 223.00	 221.22	 8.5893	34.1102	26.4893	 1.68	 72.98	0.040	  155.32	 99.83
 224.00	 222.21	 8.5824	34.1102	26.4904	 1.67	 72.80	0.040	  155.31	 99.83
 225.00	 223.20	 8.5627	34.1112	26.4943	 1.66	 72.30	0.040	  155.32	 99.83
 226.00	 224.19	 8.5177	34.1141	26.5035	 1.65	 71.98	0.040	  155.36	 99.83
 227.00	 225.18	 8.4986	34.1133	26.5058	 1.66	 72.05	0.040	  155.31	 99.83
 228.00	 226.17	 8.4753	34.1119	26.5082	 1.66	 72.06	0.040	  155.27	 99.83
 229.00	 227.17	 8.4693	34.1121	26.5093	 1.66	 72.01	0.040	  155.29	 99.83
 230.00	 228.16	 8.4665	34.1120	26.5097	 1.65	 71.98	0.040	  155.30	 99.83
 231.00	 229.15	 8.4618	34.1128	26.5111	 1.65	 71.87	0.040	  155.34	 99.83
 232.00	 230.14	 8.4588	34.1135	26.5121	 1.65	 71.65	0.040	  155.31	 99.83
 233.00	 231.13	 8.4577	34.1149	26.5134	 1.64	 71.27	0.040	  155.32	 99.83
 234.00	 232.12	 8.4380	34.1127	26.5146	 1.63	 70.88	0.041	  155.23	 99.83
 235.00	 233.11	 8.4215	34.1161	26.5199	 1.62	 70.52	0.040	  155.29	 99.83
 236.00	 234.11	 8.4269	34.1181	26.5207	 1.61	 70.11	0.040	  155.28	 99.83
 237.00	 235.10	 8.4286	34.1192	26.5213	 1.61	 69.99	0.040	  155.31	 99.83
 238.00	 236.09	 8.3975	34.1172	26.5244	 1.62	 70.36	0.040	  155.32	 99.83
 239.00	 237.08	 8.3677	34.1153	26.5275	 1.62	 70.54	0.040	  155.31	 99.83
 240.00	 238.07	 8.3584	34.1135	26.5275	 1.62	 70.33	0.040	  155.25	 99.84
 241.00	 239.06	 8.3314	34.1152	26.5330	 1.61	 70.23	0.041	  155.28	 99.84
 242.00	 240.05	 8.3197	34.1169	26.5361	 1.61	 70.05	0.040	  155.29	 99.84
 243.00	 241.05	 8.3102	34.1185	26.5388	 1.60	 69.82	0.040	  155.31	 99.84
 244.00	 242.04	 8.3000	34.1189	26.5407	 1.60	 69.74	0.041	  155.30	 99.83
 245.00	 243.03	 8.2925	34.1175	26.5407	 1.60	 69.78	0.041	  155.27	 99.84
 246.00	 244.02	 8.2873	34.1170	26.5411	 1.60	 69.45	0.040	  155.25	 99.83
 247.00	 245.01	 8.2817	34.1167	26.5417	 1.59	 69.11	0.041	  155.25	 99.84
 248.00	 246.00	 8.2725	34.1176	26.5438	 1.59	 68.96	0.040	  155.29	 99.84
 249.00	 246.99	 8.2611	34.1210	26.5482	 1.58	 68.64	0.040	  155.32	 99.84
 250.00	 247.98	 8.2588	34.1218	26.5493	 1.57	 68.34	0.040	  155.32	 99.84
 251.00	 248.98	 8.2567	34.1222	26.5498	 1.57	 68.15	0.040	  155.30	 99.84
 252.00	 249.97	 8.2560	34.1225	26.5502	 1.56	 68.01	0.041	  155.24	 99.84
 253.00	 250.96	 8.2556	34.1228	26.5505	 1.55	 67.54	0.041	  155.26	 99.85
 254.00	 251.95	 8.2504	34.1249	26.5530	 1.54	 66.84	0.040	  155.29	 99.85
 255.00	 252.94	 8.2476	34.1276	26.5556	 1.52	 66.23	0.040	  155.30	 99.85
 256.00	 253.93	 8.2491	34.1293	26.5567	 1.51	 65.86	0.040	  155.27	 99.85
 257.00	 254.92	 8.2502	34.1305	26.5575	 1.51	 65.51	0.041	  155.28	 99.85
 258.00	 255.92	 8.2503	34.1326	26.5591	 1.50	 65.21	0.040	  155.24	 99.85
 259.00	 256.91	 8.2505	34.1334	26.5597	 1.49	 64.66	0.041	  155.23	 99.85
 260.00	 257.90	 8.2503	34.1346	26.5607	 1.47	 63.94	0.041	  155.27	 99.85
 261.00	 258.89	 8.2438	34.1379	26.5643	 1.46	 63.37	0.040	  155.29	 99.85
 262.00	 259.88	 8.2384	34.1412	26.5677	 1.45	 63.04	0.040	  155.33	 99.85
 263.00	 260.87	 8.2367	34.1417	26.5684	 1.44	 62.70	0.041	  155.23	 99.85
 264.00	 261.86	 8.2353	34.1421	26.5689	 1.43	 62.40	0.040	  155.25	 99.85
 265.00	 262.85	 8.2338	34.1424	26.5694	 1.43	 62.25	0.041	  155.29	 99.85
 266.00	 263.85	 8.2312	34.1437	26.5708	 1.42	 61.86	0.040	  155.27	 99.86
 267.00	 264.84	 8.2301	34.1443	26.5715	 1.41	 61.22	0.041	  155.25	 99.87
 268.00	 265.83	 8.2304	34.1479	26.5742	 1.40	 60.93	0.041	  155.29	 99.87
 269.00	 266.82	 8.2326	34.1494	26.5751	 1.39	 60.65	0.040	  155.24	 99.87
 270.00	 267.81	 8.2332	34.1500	26.5756	 1.39	 60.34	0.040	  155.23	 99.88
 271.00	 268.80	 8.2349	34.1510	26.5761	 1.38	 60.11	0.040	  155.23	 99.88
 272.00	 269.79	 8.2358	34.1516	26.5764	 1.38	 60.03	0.041	  155.21	 99.87
 273.00	 270.78	 8.2365	34.1514	26.5762	 1.38	 59.94	0.040	  155.20	 99.88
 274.00	 271.78	 8.2358	34.1517	26.5765	 1.38	 59.85	0.041	  155.23	 99.88
 275.00	 272.77	 8.2334	34.1517	26.5769	 1.38	 59.83	0.040	  155.21	 99.88
 276.00	 273.76	 8.2314	34.1518	26.5773	 1.38	 59.83	0.040	  155.23	 99.88
 277.00	 274.75	 8.2325	34.1518	26.5771	 1.37	 59.73	0.040	  155.26	 99.88
 278.00	 275.74	 8.2246	34.1513	26.5780	 1.37	 59.68	0.040	  155.30	 99.88
 279.00	 276.73	 8.2144	34.1511	26.5793	 1.37	 59.50	0.041	  155.21	 99.88
 280.00	 277.72	 8.1877	34.1515	26.5837	 1.36	 59.14	0.043	  155.19	 99.88
 281.00	 278.71	 8.1747	34.1539	26.5875	 1.35	 58.72	0.041	  155.19	 99.88
 282.00	 279.71	 8.1700	34.1556	26.5896	 1.34	 58.40	0.041	  155.19	 99.88
 283.00	 280.70	 8.1690	34.1567	26.5906	 1.34	 58.21	0.040	  155.24	 99.88
 284.00	 281.69	 8.1672	34.1563	26.5906	 1.33	 57.91	0.041	  155.16	 99.88
 285.00	 282.68	 8.1637	34.1568	26.5915	 1.33	 57.79	0.042	  155.11	 99.88
 286.00	 283.67	 8.1577	34.1583	26.5936	 1.32	 57.64	0.041	  155.20	 99.88
 287.00	 284.66	 8.1517	34.1592	26.5952	 1.32	 57.52	0.040	  155.14	 99.88
 288.00	 285.65	 8.1419	34.1588	26.5964	 1.32	 57.35	0.040	  155.20	 99.88
 289.00	 286.64	 8.1381	34.1589	26.5971	 1.32	 57.21	0.040	  155.16	 99.88
 290.00	 287.63	 8.1322	34.1591	26.5981	 1.31	 57.18	0.040	  155.08	 99.88
 291.00	 288.63	 8.1309	34.1590	26.5982	 1.31	 57.05	0.040	  155.15	 99.88
 292.00	 289.62	 8.1170	34.1581	26.5996	 1.31	 57.07	0.040	  155.10	 99.88
 293.00	 290.61	 8.0968	34.1590	26.6033	 1.31	 57.03	0.040	  155.09	 99.88
 294.00	 291.60	 8.0940	34.1592	26.6039	 1.31	 57.03	0.040	  155.14	 99.88
 295.00	 292.59	 8.0919	34.1592	26.6042	 1.31	 57.03	0.040	  155.10	 99.88
 296.00	 293.58	 8.0880	34.1591	26.6047	 1.31	 57.04	0.040	  155.09	 99.89
 297.00	 294.57	 8.0819	34.1589	26.6055	 1.31	 57.07	0.040	  155.07	 99.89
 298.00	 295.56	 8.0798	34.1587	26.6057	 1.31	 57.12	0.040	  155.09	 99.88
 299.00	 296.55	 8.0779	34.1584	26.6058	 1.31	 57.18	0.041	  155.14	 99.88
 300.00	 297.55	 8.0761	34.1585	26.6062	 1.32	 57.26	0.040	  155.06	 99.88
 301.00	 298.54	 8.0740	34.1582	26.6062	 1.32	 57.35	0.041	  155.07	 99.88
 302.00	 299.53	 8.0687	34.1573	26.6063	 1.32	 57.41	0.040	  155.08	 99.89
 303.00	 300.52	 8.0642	34.1569	26.6067	 1.32	 57.36	0.041	  155.04	 99.89
 304.00	 301.51	 8.0477	34.1567	26.6090	 1.31	 56.87	0.041	  155.09	 99.88
 305.00	 302.50	 8.0331	34.1605	26.6141	 1.28	 55.82	0.040	  155.07	 99.89
 306.00	 303.49	 8.0364	34.1674	26.6191	 1.26	 54.61	0.041	  155.04	 99.89
 307.00	 304.48	 8.0217	34.1700	26.6233	 1.24	 53.98	0.041	  155.08	 99.88
 308.00	 305.47	 8.0025	34.1710	26.6270	 1.23	 53.70	0.040	  155.18	 99.89
 309.00	 306.47	 7.9865	34.1730	26.6309	 1.23	 53.52	0.041	  155.16	 99.89
 310.00	 307.46	 7.9838	34.1740	26.6321	 1.23	 53.33	0.040	  155.21	 99.89
 311.00	 308.45	 7.9838	34.1740	26.6322	 1.22	 53.15	0.040	  155.10	 99.89
 312.00	 309.44	 7.9837	34.1744	26.6325	 1.22	 53.07	0.040	  155.05	 99.90
 313.00	 310.43	 7.9833	34.1749	26.6330	 1.21	 52.78	0.041	  155.06	 99.90
 314.00	 311.42	 7.9832	34.1753	26.6333	 1.20	 52.35	0.040	  155.04	 99.90
 315.00	 312.41	 7.9848	34.1772	26.6346	 1.20	 51.99	0.040	  155.10	 99.90
 316.00	 313.40	 7.9851	34.1807	26.6373	 1.19	 51.71	0.040	  155.11	 99.90
 317.00	 314.39	 7.9844	34.1813	26.6379	 1.18	 51.52	0.040	  155.08	 99.90
 318.00	 315.38	 7.9827	34.1817	26.6385	 1.18	 51.41	0.040	  155.05	 99.90
 319.00	 316.38	 7.9778	34.1816	26.6391	 1.18	 51.36	0.040	  155.02	 99.90
 320.00	 317.37	 7.9519	34.1795	26.6413	 1.18	 51.37	0.041	  155.09	 99.90
 321.00	 318.36	 7.9430	34.1792	26.6424	 1.18	 51.41	0.041	  155.05	 99.90
 322.00	 319.35	 7.9391	34.1790	26.6428	 1.18	 51.35	0.042	  155.05	 99.90
 323.00	 320.34	 7.9390	34.1792	26.6430	 1.18	 51.16	0.041	  155.05	 99.90
 324.00	 321.33	 7.9384	34.1800	26.6437	 1.17	 51.03	0.040	  154.98	 99.90
 325.00	 322.32	 7.9378	34.1805	26.6442	 1.17	 50.91	0.040	  154.97	 99.90
 326.00	 323.31	 7.9361	34.1807	26.6447	 1.17	 50.75	0.040	  155.06	 99.90
 327.00	 324.30	 7.9323	34.1808	26.6453	 1.17	 50.76	0.040	  154.98	 99.90
 328.00	 325.29	 7.9261	34.1813	26.6466	 1.17	 51.01	0.040	  155.00	 99.90
 329.00	 326.29	 7.8955	34.1774	26.6481	 1.18	 51.30	0.040	  155.03	 99.90
 330.00	 327.28	 7.8618	34.1738	26.6502	 1.19	 51.70	0.040	  155.04	 99.90
 331.00	 328.27	 7.8620	34.1734	26.6499	 1.20	 52.29	0.040	  155.06	 99.90
 332.00	 329.26	 7.8400	34.1680	26.6488	 1.21	 52.80	0.040	  155.06	 99.90
 333.00	 330.25	 7.8178	34.1660	26.6505	 1.22	 53.18	0.040	  155.04	 99.90
 334.00	 331.24	 7.7942	34.1609	26.6500	 1.23	 53.64	0.041	  155.04	 99.90
 335.00	 332.23	 7.7670	34.1572	26.6511	 1.25	 54.21	0.041	  155.08	 99.90
 336.00	 333.22	 7.7415	34.1528	26.6513	 1.26	 54.91	0.040	  155.08	 99.90
 337.00	 334.21	 7.7154	34.1492	26.6522	 1.27	 55.42	0.041	  155.06	 99.90
 338.00	 335.20	 7.7091	34.1480	26.6522	 1.28	 55.88	0.040	  155.07	 99.90
 339.00	 336.20	 7.6629	34.1400	26.6526	 1.29	 56.21	0.040	  155.04	 99.90
 340.00	 337.19	 7.6269	34.1393	26.6572	 1.30	 56.53	0.040	  155.03	 99.90
 341.00	 338.18	 7.6134	34.1370	26.6574	 1.31	 56.83	0.041	  155.04	 99.90
 342.00	 339.17	 7.5940	34.1351	26.6587	 1.31	 57.05	0.040	  155.06	 99.90
 343.00	 340.16	 7.5800	34.1338	26.6597	 1.32	 57.24	0.040	  155.04	 99.90
 344.00	 341.15	 7.5717	34.1322	26.6597	 1.32	 57.39	0.040	  154.98	 99.89
 345.00	 342.14	 7.5548	34.1307	26.6609	 1.32	 57.46	0.040	  155.01	 99.89
 346.00	 343.13	 7.5536	34.1308	26.6612	 1.32	 57.61	0.041	  155.02	 99.89
 347.00	 344.12	 7.5480	34.1295	26.6610	 1.33	 57.65	0.042	  154.98	 99.89
 348.00	 345.11	 7.5243	34.1271	26.6625	 1.33	 57.78	0.041	  154.99	 99.89
 349.00	 346.10	 7.4888	34.1242	26.6652	 1.33	 57.90	0.040	  154.97	 99.89
 350.00	 347.09	 7.4442	34.1205	26.6687	 1.33	 57.92	0.040	  155.00	 99.88
 351.00	 348.09	 7.4030	34.1168	26.6716	 1.32	 57.53	0.041	  154.99	 99.89
 352.00	 349.08	 7.3753	34.1176	26.6762	 1.31	 56.99	0.042	  155.04	 99.88
 353.00	 350.07	 7.3589	34.1214	26.6814	 1.30	 56.34	0.041	  155.07	 99.88
 354.00	 351.06	 7.3527	34.1243	26.6846	 1.27	 55.38	0.040	  155.05	 99.89
 355.00	 352.05	 7.3508	34.1256	26.6859	 1.25	 54.35	0.040	  155.04	 99.89
 356.00	 353.04	 7.3408	34.1335	26.6935	 1.23	 53.70	0.040	  155.09	 99.89
 357.00	 354.03	 7.3353	34.1355	26.6959	 1.22	 53.05	0.040	  155.04	 99.89
 358.00	 355.02	 7.3340	34.1360	26.6965	 1.20	 52.36	0.040	  155.04	 99.90
 359.00	 356.01	 7.3332	34.1372	26.6976	 1.20	 51.98	0.040	  155.06	 99.90
 360.00	 357.00	 7.3350	34.1405	26.7000	 1.19	 51.77	0.040	  155.05	 99.90
 361.00	 357.99	 7.3363	34.1414	26.7004	 1.18	 51.49	0.040	  155.06	 99.90
 362.00	 358.98	 7.3368	34.1417	26.7006	 1.18	 51.29	0.040	  155.06	 99.90
 363.00	 359.98	 7.3387	34.1426	26.7011	 1.17	 50.96	0.041	  155.04	 99.90
 364.00	 360.97	 7.3422	34.1444	26.7020	 1.16	 50.40	0.041	  155.05	 99.90
 365.00	 361.96	 7.3511	34.1482	26.7038	 1.14	 49.58	0.040	  155.07	 99.90
 366.00	 362.95	 7.3642	34.1544	26.7068	 1.12	 48.87	0.040	  155.08	 99.90
 367.00	 363.94	 7.3636	34.1559	26.7081	 1.12	 48.56	0.040	  155.12	 99.91
 368.00	 364.93	 7.3565	34.1553	26.7087	 1.11	 48.27	0.040	  155.07	 99.91
 369.00	 365.92	 7.3512	34.1556	26.7097	 1.10	 47.81	0.040	  155.08	 99.92
 370.00	 366.91	 7.3561	34.1601	26.7125	 1.09	 47.34	0.040	  155.01	 99.92
 371.00	 367.90	 7.3646	34.1631	26.7137	 1.07	 46.75	0.040	  155.00	 99.92
 372.00	 368.89	 7.3735	34.1668	26.7154	 1.06	 45.93	0.040	  155.03	 99.93
 373.00	 369.88	 7.3757	34.1717	26.7189	 1.04	 45.08	0.040	  155.01	 99.93
 374.00	 370.87	 7.3543	34.1732	26.7232	 1.02	 44.48	0.040	  155.03	 99.93
 375.00	 371.87	 7.3288	34.1743	26.7276	 1.02	 44.15	0.040	  155.03	 99.93
 376.00	 372.86	 7.3197	34.1767	26.7308	 1.01	 43.91	0.041	  155.05	 99.93
 377.00	 373.85	 7.3190	34.1770	26.7311	 1.00	 43.67	0.041	  155.01	 99.93
 378.00	 374.84	 7.3152	34.1772	26.7319	 1.00	 43.48	0.040	  155.04	 99.93
 379.00	 375.83	 7.3132	34.1778	26.7326	 1.00	 43.32	0.040	  154.98	 99.93
 380.00	 376.82	 7.3126	34.1779	26.7327	 0.99	 43.11	0.040	  154.96	 99.93
 381.00	 377.81	 7.3113	34.1783	26.7333	 0.99	 42.86	0.040	  154.89	 99.93
 382.00	 378.80	 7.3109	34.1800	26.7347	 0.98	 42.70	0.041	  154.92	 99.93
 383.00	 379.79	 7.3096	34.1810	26.7357	 0.98	 42.55	0.041	  154.99	 99.93
 384.00	 380.78	 7.3075	34.1813	26.7362	 0.98	 42.46	0.042	  154.99	 99.93
 385.00	 381.77	 7.2979	34.1809	26.7373	 0.97	 42.29	0.041	  154.96	 99.93
 386.00	 382.76	 7.2859	34.1817	26.7396	 0.97	 42.17	0.040	  154.95	 99.94
 387.00	 383.75	 7.2721	34.1801	26.7402	 0.97	 42.17	0.040	  154.98	 99.94
 388.00	 384.74	 7.2518	34.1786	26.7420	 0.97	 42.06	0.041	  154.83	 99.94
 389.00	 385.73	 7.2388	34.1787	26.7438	 0.97	 42.10	0.040	  155.03	 99.94
 390.00	 386.73	 7.2347	34.1787	26.7444	 0.97	 42.04	0.040	  155.02	 99.94
 391.00	 387.72	 7.2208	34.1777	26.7456	 0.96	 41.92	0.041	  154.94	 99.94
 392.00	 388.71	 7.1903	34.1756	26.7482	 0.96	 41.88	0.041	  154.90	 99.94
 393.00	 389.70	 7.1826	34.1763	26.7498	 0.96	 41.62	0.040	  154.92	 99.94
 394.00	 390.69	 7.1610	34.1760	26.7526	 0.95	 41.44	0.040	  154.93	 99.94
 395.00	 391.68	 7.1134	34.1732	26.7569	 0.95	 41.36	0.040	  154.95	 99.94
 396.00	 392.67	 7.0621	34.1695	26.7611	 0.95	 41.25	0.040	  155.02	 99.94
 397.00	 393.66	 7.0418	34.1708	26.7650	 0.94	 41.02	0.041	  154.95	 99.94
 398.00	 394.65	 7.0411	34.1723	26.7663	 0.94	 40.84	0.041	  154.99	 99.94
 399.00	 395.64	 7.0402	34.1729	26.7669	 0.93	 40.65	0.040	  154.99	 99.94
 400.00	 396.63	 7.0362	34.1732	26.7677	 0.93	 40.49	0.040	  154.93	 99.94
 401.00	 397.62	 7.0277	34.1733	26.7689	 0.93	 40.32	0.042	  154.88	 99.95
 402.00	 398.61	 7.0237	34.1738	26.7698	 0.92	 40.04	0.040	  154.89	 99.95
 403.00	 399.60	 7.0159	34.1741	26.7712	 0.91	 39.73	0.040	  154.93	 99.95
 404.00	 400.59	 7.0098	34.1775	26.7747	 0.91	 39.40	0.040	  154.94	 99.95
 405.00	 401.59	 7.0060	34.1788	26.7762	 0.90	 39.08	0.040	  154.95	 99.95
 406.00	 402.58	 7.0043	34.1802	26.7776	 0.89	 38.78	0.040	  154.90	 99.95
 407.00	 403.57	 7.0041	34.1814	26.7786	 0.88	 38.45	0.040	  154.95	 99.95
 408.00	 404.56	 7.0016	34.1833	26.7805	 0.88	 38.06	0.040	  154.91	 99.95
 409.00	 405.55	 6.9958	34.1865	26.7838	 0.87	 37.79	0.040	  154.89	 99.95
 410.00	 406.54	 6.9895	34.1871	26.7851	 0.86	 37.61	0.040	  154.94	 99.95
 411.00	 407.53	 6.9843	34.1871	26.7858	 0.86	 37.51	0.041	  154.82	 99.95
 412.00	 408.52	 6.9768	34.1869	26.7867	 0.86	 37.46	0.041	  154.88	 99.95
 413.00	 409.51	 6.9738	34.1868	26.7870	 0.86	 37.37	0.040	  154.81	 99.95
 414.00	 410.50	 6.9737	34.1868	26.7871	 0.86	 37.39	0.040	  154.88	 99.95
 415.00	 411.49	 6.9729	34.1869	26.7873	 0.86	 37.28	0.040	  154.89	 99.95
 416.00	 412.48	 6.9711	34.1870	26.7877	 0.85	 36.89	0.040	  154.91	 99.95
 417.00	 413.47	 6.9670	34.1883	26.7892	 0.84	 36.42	0.040	  154.85	 99.95
 418.00	 414.46	 6.9626	34.1922	26.7929	 0.83	 35.95	0.041	  154.85	 99.95
 419.00	 415.45	 6.9587	34.1973	26.7975	 0.82	 35.69	0.040	  154.91	 99.95
 420.00	 416.44	 6.9559	34.1994	26.7995	 0.81	 35.21	0.040	  154.86	 99.95
 421.00	 417.43	 6.9554	34.2012	26.8010	 0.80	 34.76	0.040	  154.83	 99.95
 422.00	 418.42	 6.9564	34.2033	26.8025	 0.80	 34.65	0.041	  154.79	 99.96
 423.00	 419.42	 6.9561	34.2040	26.8032	 0.79	 34.48	0.040	  154.88	 99.96
 424.00	 420.41	 6.9553	34.2047	26.8039	 0.79	 34.25	0.042	  154.86	 99.95
 425.00	 421.40	 6.9529	34.2051	26.8045	 0.78	 34.13	0.041	  154.90	 99.95
 426.00	 422.39	 6.9515	34.2054	26.8049	 0.78	 34.06	0.040	  154.88	 99.96
 427.00	 423.38	 6.9470	34.2060	26.8060	 0.78	 33.91	0.041	  154.82	 99.96
 428.00	 424.37	 6.9430	34.2068	26.8072	 0.77	 33.58	0.041	  154.84	 99.96
 429.00	 425.36	 6.9316	34.2087	26.8103	 0.76	 33.03	0.040	  154.84	 99.96
 430.00	 426.35	 6.9150	34.2119	26.8151	 0.75	 32.71	0.041	  154.83	 99.97
 431.00	 427.34	 6.9099	34.2134	26.8170	 0.75	 32.43	0.042	  154.86	 99.96
 432.00	 428.33	 6.9092	34.2139	26.8174	 0.74	 32.14	0.042	  154.78	 99.97
 433.00	 429.32	 6.9049	34.2151	26.8190	 0.73	 31.92	0.040	  154.86	 99.96
 434.00	 430.31	 6.8950	34.2170	26.8218	 0.73	 31.74	0.040	  154.92	 99.96
 435.00	 431.30	 6.8880	34.2189	26.8243	 0.73	 31.61	0.040	  154.79	 99.97
 436.00	 432.29	 6.8865	34.2193	26.8248	 0.72	 31.33	0.040	  154.83	 99.98
 437.00	 433.28	 6.8842	34.2197	26.8255	 0.72	 31.16	0.040	  154.82	 99.98
 438.00	 434.27	 6.8804	34.2201	26.8263	 0.72	 31.12	0.040	  154.83	 99.98
 439.00	 435.26	 6.8752	34.2207	26.8275	 0.71	 31.03	0.040	  154.78	 99.98
 440.00	 436.25	 6.8727	34.2210	26.8281	 0.71	 30.86	0.041	  154.82	 99.97
 441.00	 437.24	 6.8689	34.2210	26.8286	 0.71	 30.86	0.040	  154.81	 99.98
 442.00	 438.23	 6.8619	34.2212	26.8298	 0.71	 30.77	0.040	  154.83	 99.98
 443.00	 439.22	 6.8491	34.2211	26.8314	 0.71	 30.71	0.040	  154.81	 99.98
 444.00	 440.21	 6.8285	34.2218	26.8347	 0.70	 30.60	0.040	  154.78	 99.98
 445.00	 441.21	 6.8197	34.2222	26.8362	 0.70	 30.53	0.040	  154.81	 99.98
 446.00	 442.20	 6.8152	34.2221	26.8368	 0.70	 30.52	0.040	  154.78	 99.98
 447.00	 443.19	 6.8121	34.2220	26.8372	 0.70	 30.46	0.040	  154.75	 99.98
 448.00	 444.18	 6.8093	34.2221	26.8377	 0.70	 30.41	0.040	  154.71	 99.98
 449.00	 445.17	 6.8081	34.2221	26.8378	 0.70	 30.33	0.041	  154.73	 99.98
 450.00	 446.16	 6.8065	34.2220	26.8380	 0.70	 30.34	0.041	  154.77	 99.98
 451.00	 447.15	 6.8056	34.2220	26.8381	 0.70	 30.32	0.040	  154.75	 99.98
 452.00	 448.14	 6.8044	34.2221	26.8384	 0.70	 30.30	0.040	  154.74	 99.98
 453.00	 449.13	 6.8022	34.2219	26.8385	 0.70	 30.25	0.041	  154.75	 99.98
 454.00	 450.12	 6.7955	34.2217	26.8392	 0.69	 30.16	0.041	  154.77	 99.98
 455.00	 451.11	 6.7893	34.2213	26.8398	 0.70	 30.26	0.040	  154.81	 99.98
 456.00	 452.10	 6.7803	34.2200	26.8400	 0.70	 30.33	0.040	  154.76	 99.98
 457.00	 453.09	 6.7226	34.2177	26.8459	 0.70	 30.38	0.041	  154.76	 99.98
 458.00	 454.08	 6.7215	34.2182	26.8465	 0.70	 30.30	0.040	  154.71	 99.98
 459.00	 455.07	 6.7231	34.2186	26.8466	 0.69	 30.16	0.041	  154.75	 99.98
 460.00	 456.06	 6.7237	34.2188	26.8467	 0.69	 30.20	0.040	  154.73	 99.98
 461.00	 457.05	 6.7242	34.2188	26.8466	 0.69	 30.14	0.040	  154.76	 99.98
 462.00	 458.04	 6.7221	34.2191	26.8471	 0.69	 30.05	0.040	  154.74	 99.98
 463.00	 459.03	 6.7209	34.2194	26.8476	 0.69	 29.95	0.040	  154.73	 99.98
 464.00	 460.02	 6.7185	34.2197	26.8481	 0.68	 29.72	0.041	  154.71	 99.98
 465.00	 461.01	 6.7028	34.2208	26.8511	 0.68	 29.54	0.041	  154.75	 99.98
 466.00	 462.00	 6.6904	34.2212	26.8530	 0.68	 29.44	0.041	  154.72	 99.98
 467.00	 462.99	 6.6765	34.2207	26.8545	 0.68	 29.39	0.042	  154.69	 99.98
 468.00	 463.98	 6.6577	34.2215	26.8576	 0.67	 29.21	0.041	  154.73	 99.98
 469.00	 464.97	 6.6536	34.2215	26.8582	 0.67	 29.17	0.040	  154.67	 99.98
 470.00	 465.96	 6.6504	34.2213	26.8585	 0.67	 29.13	0.040	  154.71	 99.98
 471.00	 466.95	 6.6494	34.2214	26.8587	 0.67	 29.09	0.041	  154.65	 99.98
 472.00	 467.94	 6.6481	34.2217	26.8591	 0.67	 28.96	0.041	  154.66	 99.98
 473.00	 468.94	 6.6439	34.2218	26.8598	 0.66	 28.87	0.040	  154.70	 99.98
 474.00	 469.93	 6.6339	34.2215	26.8609	 0.66	 28.80	0.040	  154.69	 99.98
 475.00	 470.92	 6.6272	34.2216	26.8618	 0.66	 28.65	0.040	  154.69	 99.98
 476.00	 471.91	 6.6212	34.2219	26.8629	 0.66	 28.58	0.040	  154.67	 99.98
 477.00	 472.90	 6.6156	34.2218	26.8636	 0.66	 28.58	0.041	  154.69	 99.98
 478.00	 473.89	 6.6054	34.2219	26.8650	 0.66	 28.53	0.040	  154.70	 99.98
 479.00	 474.88	 6.6036	34.2220	26.8654	 0.66	 28.50	0.041	  154.70	 99.98
 480.00	 475.87	 6.6043	34.2220	26.8653	 0.65	 28.46	0.041	  154.67	 99.98
 481.00	 476.86	 6.5989	34.2218	26.8658	 0.65	 28.38	0.041	  154.70	 99.98
 482.00	 477.85	 6.5912	34.2215	26.8667	 0.65	 28.42	0.040	  154.61	 99.98
 483.00	 478.84	 6.5813	34.2213	26.8678	 0.65	 28.37	0.040	  154.65	 99.98
 484.00	 479.83	 6.5702	34.2212	26.8692	 0.65	 28.37	0.041	  154.58	 99.98
 485.00	 480.82	 6.5611	34.2208	26.8701	 0.65	 28.27	0.042	  154.62	 99.98
 486.00	 481.81	 6.5236	34.2180	26.8728	 0.65	 28.18	0.041	  154.59	 99.98
 487.00	 482.80	 6.5051	34.2188	26.8759	 0.65	 28.21	0.040	  154.56	 99.98
 488.00	 483.79	 6.5097	34.2186	26.8752	 0.65	 28.08	0.040	  154.58	 99.98
 489.00	 484.78	 6.5077	34.2187	26.8755	 0.64	 28.02	0.041	  154.55	 99.98
 490.00	 485.77	 6.5047	34.2185	26.8758	 0.64	 28.01	0.041	  154.56	 99.98
 491.00	 486.76	 6.5112	34.2191	26.8754	 0.65	 28.13	0.040	  154.58	 99.98
 492.00	 487.75	 6.5178	34.2196	26.8749	 0.65	 28.39	0.040	  154.59	 99.98
 493.00	 488.74	 6.4214	34.2029	26.8744	 0.65	 28.48	0.040	  154.64	 99.98
 494.00	 489.73	 6.3966	34.2075	26.8813	 0.66	 28.59	0.040	  154.64	 99.98
 495.00	 490.72	 6.3756	34.2039	26.8811	 0.66	 28.57	0.040	  154.59	 99.99
 496.00	 491.71	 6.3354	34.2025	26.8852	 0.65	 28.47	0.042	  154.61	 99.98
 497.00	 492.70	 6.3249	34.2023	26.8864	 0.65	 28.36	0.041	  154.65	 99.98
 498.00	 493.69	 6.3256	34.2030	26.8869	 0.65	 28.30	0.040	  154.65	 99.98
 499.00	 494.68	 6.3249	34.2029	26.8870	 0.65	 28.20	0.040	  154.69	 99.98
 500.00	 495.67	 6.3242	34.2029	26.8870	 0.65	 28.15	0.040	  154.59	 99.98
 501.00	 496.66	 6.3252	34.2031	26.8871	 0.65	 28.10	0.040	  154.63	 99.98
 502.00	 497.65	 6.3224	34.2021	26.8866	 0.65	 28.06	0.040	  154.66	 99.98
 503.00	 498.64	 6.3178	34.2032	26.8882	 0.65	 28.06	0.040	  154.60	 99.98
 504.00	 499.63	 6.3113	34.2033	26.8891	 0.65	 28.06	0.040	  154.56	 99.98
 505.00	 500.62	 6.3084	34.2019	26.8883	 0.65	 28.07	0.040	  154.54	 99.98
 506.00	 501.61	 6.2792	34.1993	26.8900	 0.65	 28.08	0.040	  154.63	 99.98
 507.00	 502.60	 6.2714	34.2005	26.8920	 0.65	 28.07	0.041	  154.60	 99.98
 508.00	 503.59	 6.2598	34.1987	26.8921	 0.65	 28.07	0.042	  154.56	 99.98
 509.00	 504.58	 6.2510	34.1992	26.8936	 0.64	 27.97	0.042	  154.60	 99.98
 510.00	 505.57	 6.2405	34.1989	26.8947	 0.64	 27.90	0.042	  154.54	 99.98
 511.00	 506.56	 6.2375	34.1995	26.8956	 0.64	 27.90	0.041	  154.58	 99.98
 512.00	 507.55	 6.2410	34.1992	26.8950	 0.64	 27.78	0.040	  154.56	 99.98
 513.00	 508.54	 6.2310	34.1999	26.8968	 0.64	 27.71	0.040	  154.56	 99.98
 514.00	 509.53	 6.2279	34.2002	26.8974	 0.63	 27.50	0.041	  154.55	 99.99
 515.00	 510.52	 6.2208	34.2011	26.8990	 0.63	 27.32	0.042	  154.47	 99.99
 516.00	 511.51	 6.2183	34.2020	26.9001	 0.63	 27.32	0.041	  154.54	 99.98
 517.00	 512.50	 6.2165	34.2021	26.9004	 0.63	 27.30	0.041	  154.51	 99.98
 518.00	 513.49	 6.2155	34.2021	26.9006	 0.63	 27.21	0.041	  154.51	 99.99
 519.00	 514.48	 6.2154	34.2021	26.9006	 0.63	 27.22	0.040	  154.54	 99.99
 520.00	 515.47	 6.2145	34.2021	26.9007	 0.63	 27.24	0.040	  154.61	 99.98
 521.00	 516.46	 6.2126	34.2023	26.9011	 0.62	 27.17	0.040	  154.63	 99.98
 522.00	 517.45	 6.2113	34.2023	26.9013	 0.62	 26.99	0.040	  154.66	 99.98
 523.00	 518.44	 6.2092	34.2026	26.9019	 0.62	 27.03	0.040	  154.59	 99.99
 524.00	 519.43	 6.2077	34.2028	26.9022	 0.62	 27.08	0.040	  154.59	 99.99
 525.00	 520.42	 6.2059	34.2030	26.9026	 0.62	 27.08	0.041	  154.61	 99.98
 526.00	 521.41	 6.2042	34.2034	26.9031	 0.62	 27.02	0.040	  154.56	 99.99
 527.00	 522.40	 6.2027	34.2033	26.9032	 0.62	 26.86	0.040	  154.51	 99.99
 528.00	 523.39	 6.2018	34.2034	26.9034	 0.62	 26.85	0.041	  154.49	 99.99
 529.00	 524.38	 6.1960	34.2044	26.9050	 0.61	 26.71	0.041	  154.48	 99.98
 530.00	 525.37	 6.1896	34.2051	26.9064	 0.61	 26.51	0.041	  154.49	 99.99
 531.00	 526.36	 6.1659	34.2060	26.9101	 0.60	 26.24	0.040	  154.46	 99.99
 532.00	 527.35	 6.1427	34.2102	26.9164	 0.60	 25.95	0.040	  154.46	 99.99
 533.00	 528.34	 6.1347	34.2119	26.9188	 0.59	 25.77	0.040	  154.46	 99.99
 534.00	 529.33	 6.1343	34.2124	26.9192	 0.59	 25.62	0.040	  154.46	 99.99
 535.00	 530.32	 6.1321	34.2134	26.9203	 0.58	 25.42	0.041	  154.46	 99.99
 536.00	 531.31	 6.1294	34.2149	26.9218	 0.58	 25.21	0.041	  154.51	100.00
 537.00	 532.30	 6.1253	34.2159	26.9232	 0.58	 25.18	0.042	  154.43	100.00
 538.00	 533.29	 6.1233	34.2165	26.9239	 0.58	 25.04	0.040	  154.63	 99.99
 539.00	 534.28	 6.1235	34.2165	26.9239	 0.57	 25.00	0.040	  154.48	100.00
 540.00	 535.27	 6.1217	34.2166	26.9242	 0.57	 24.90	0.041	  154.42	100.00
 541.00	 536.26	 6.1203	34.2176	26.9252	 0.57	 24.86	0.042	  154.42	100.00
 542.00	 537.25	 6.1207	34.2178	26.9253	 0.57	 24.90	0.042	  154.40	100.00
 543.00	 538.24	 6.1242	34.2178	26.9249	 0.57	 24.89	0.041	  154.41	100.00
 544.00	 539.23	 6.1231	34.2178	26.9250	 0.57	 24.87	0.041	  154.43	100.00
 545.00	 540.22	 6.1250	34.2184	26.9253	 0.57	 24.87	0.042	  154.44	100.00
 546.00	 541.21	 6.1264	34.2184	26.9251	 0.57	 24.77	0.041	  154.40	100.00
 547.00	 542.20	 6.1255	34.2186	26.9254	 0.57	 24.68	0.040	  154.40	100.00
 548.00	 543.19	 6.1186	34.2181	26.9259	 0.56	 24.55	0.040	  154.42	100.00
 549.00	 544.18	 6.1049	34.2212	26.9301	 0.56	 24.40	0.041	  154.45	100.00
 550.00	 545.17	 6.1060	34.2225	26.9309	 0.56	 24.24	0.040	  154.45	100.00
 551.00	 546.16	 6.1089	34.2240	26.9318	 0.55	 24.06	0.040	  154.43	100.00
 552.00	 547.15	 6.0967	34.2260	26.9349	 0.55	 23.81	0.041	  154.43	100.00
 553.00	 548.14	 6.0912	34.2265	26.9361	 0.55	 23.79	0.040	  154.34	100.00
 554.00	 549.13	 6.0946	34.2283	26.9370	 0.55	 23.82	0.040	  154.36	100.00
 555.00	 550.12	 6.0980	34.2288	26.9370	 0.55	 23.79	0.041	  154.31	100.00
 556.00	 551.11	 6.1004	34.2297	26.9375	 0.54	 23.69	0.040	  154.35	100.00
 557.00	 552.10	 6.1040	34.2310	26.9380	 0.54	 23.59	0.041	  154.32	100.00
 558.00	 553.09	 6.0838	34.2292	26.9392	 0.54	 23.55	0.042	  154.33	100.00
 559.00	 554.08	 6.0730	34.2271	26.9388	 0.54	 23.49	0.041	  154.33	100.00
 560.00	 555.07	 6.0285	34.2235	26.9416	 0.54	 23.47	0.040	  154.34	100.00
 561.00	 556.06	 6.0179	34.2253	26.9444	 0.54	 23.42	0.041	  154.33	100.00
 562.00	 557.05	 6.0168	34.2255	26.9447	 0.54	 23.34	0.041	  154.35	100.00
 563.00	 558.04	 6.0174	34.2262	26.9452	 0.54	 23.27	0.042	  154.33	100.00
 564.00	 559.03	 6.0139	34.2268	26.9462	 0.53	 23.13	0.042	  154.37	100.00
 565.00	 560.02	 6.0062	34.2261	26.9466	 0.53	 23.08	0.042	  154.37	100.00
 566.00	 561.01	 5.9943	34.2261	26.9480	 0.53	 23.07	0.041	  154.38	100.00
 567.00	 562.00	 5.9885	34.2266	26.9492	 0.53	 22.88	0.040	  154.40	100.00
 568.00	 562.99	 5.9837	34.2272	26.9502	 0.52	 22.74	0.040	  154.36	100.00
 569.00	 563.98	 5.9761	34.2301	26.9535	 0.52	 22.50	0.040	  154.36	100.00
 570.00	 564.97	 5.9715	34.2308	26.9547	 0.51	 22.32	0.041	  154.34	100.00
 571.00	 565.96	 5.9729	34.2325	26.9559	 0.51	 22.30	0.041	  154.38	100.00
 572.00	 566.95	 5.9784	34.2351	26.9573	 0.51	 22.14	0.041	  154.36	100.00
 573.00	 567.94	 5.9808	34.2364	26.9579	 0.51	 22.14	0.042	  154.34	100.00
 574.00	 568.93	 5.9822	34.2371	26.9584	 0.51	 22.00	0.041	  154.34	100.00
 575.00	 569.92	 5.9813	34.2375	26.9588	 0.51	 22.01	0.040	  154.34	100.00
 576.00	 570.91	 5.9805	34.2374	26.9588	 0.50	 21.93	0.040	  154.34	100.00
 577.00	 571.90	 5.9818	34.2385	26.9595	 0.50	 21.81	0.040	  154.36	100.00
 578.00	 572.89	 5.9818	34.2389	26.9599	 0.50	 21.79	0.041	  154.30	100.00
 579.00	 573.88	 5.9859	34.2408	26.9608	 0.50	 21.65	0.040	  154.27	100.00
 580.00	 574.87	 5.9912	34.2427	26.9617	 0.50	 21.67	0.040	  154.24	100.00
 581.00	 575.86	 5.9955	34.2439	26.9621	 0.50	 21.63	0.041	  154.29	100.00
 582.00	 576.85	 5.9939	34.2442	26.9626	 0.49	 21.51	0.041	  154.22	100.00
 583.00	 577.84	 5.9973	34.2450	26.9628	 0.49	 21.31	0.040	  154.23	100.00
 584.00	 578.83	 5.9986	34.2454	26.9629	 0.49	 21.22	0.041	  154.22	100.00
 585.00	 579.82	 6.0141	34.2499	26.9646	 0.49	 21.25	0.041	  154.21	100.00
 586.00	 580.81	 6.0131	34.2497	26.9646	 0.49	 21.14	0.040	  154.18	100.00
 587.00	 581.80	 6.0124	34.2501	26.9650	 0.49	 21.10	0.042	  154.21	100.00
 588.00	 582.79	 6.0122	34.2501	26.9650	 0.48	 21.09	0.040	  154.25	100.00
 589.00	 583.78	 6.0146	34.2519	26.9662	 0.48	 21.04	0.041	  154.20	100.00
 590.00	 584.76	 6.0208	34.2539	26.9670	 0.48	 20.89	0.042	  154.09	100.00
 591.00	 585.75	 6.0226	34.2546	26.9673	 0.48	 20.90	0.040	  154.16	100.00
 592.00	 586.74	 6.0187	34.2551	26.9683	 0.48	 20.91	0.040	  154.16	100.00
 593.00	 587.73	 6.0140	34.2562	26.9697	 0.48	 20.82	0.041	  154.10	100.00
 594.00	 588.72	 6.0124	34.2563	26.9700	 0.48	 20.73	0.040	  154.09	100.00
 595.00	 589.71	 6.0044	34.2564	26.9711	 0.48	 20.74	0.040	  154.08	100.00
 596.00	 590.70	 6.0015	34.2567	26.9717	 0.48	 20.75	0.040	  154.10	100.00
 597.00	 591.69	 6.0012	34.2568	26.9718	 0.48	 20.74	0.040	  154.08	100.00
 598.00	 592.68	 5.9996	34.2567	26.9720	 0.47	 20.60	0.040	  154.07	100.00
 599.00	 593.67	 5.9997	34.2577	26.9727	 0.47	 20.53	0.040	  154.11	100.00
 600.00	 594.66	 5.9996	34.2585	26.9734	 0.47	 20.52	0.040	  154.13	100.00
 601.00	 595.65	 5.9948	34.2589	26.9743	 0.47	 20.39	0.040	  154.09	100.00
 602.00	 596.64	 5.9891	34.2583	26.9746	 0.47	 20.39	0.041	  154.04	100.00
 603.00	 597.63	 5.9710	34.2577	26.9764	 0.47	 20.41	0.042	  154.05	100.00
 604.00	 598.62	 5.9570	34.2584	26.9787	 0.47	 20.37	0.042	  154.18	100.00
 605.00	 599.61	 5.9521	34.2584	26.9793	 0.47	 20.31	0.041	  154.16	100.00
 606.00	 600.60	 5.9433	34.2581	26.9802	 0.46	 20.21	0.041	  154.05	100.00
 607.00	 601.59	 5.9321	34.2593	26.9826	 0.46	 20.10	0.042	  154.08	100.00
 608.00	 602.58	 5.9166	34.2620	26.9866	 0.46	 19.97	0.041	  154.08	100.00
 609.00	 603.57	 5.9131	34.2624	26.9874	 0.45	 19.78	0.041	  154.14	100.00
 610.00	 604.56	 5.9019	34.2637	26.9898	 0.45	 19.68	0.040	  154.10	100.00
 611.00	 605.55	 5.8853	34.2655	26.9933	 0.45	 19.52	0.040	  154.07	100.00
 612.00	 606.54	 5.8685	34.2677	26.9971	 0.45	 19.42	0.041	  154.07	100.00
 613.00	 607.53	 5.8636	34.2689	26.9987	 0.45	 19.46	0.042	  154.14	100.00
 614.00	 608.52	 5.8584	34.2686	26.9991	 0.45	 19.37	0.041	  154.06	100.00
 615.00	 609.51	 5.8555	34.2690	26.9998	 0.44	 19.24	0.041	  154.03	100.00
 616.00	 610.50	 5.8490	34.2694	27.0009	 0.44	 19.17	0.042	  154.07	100.00
 617.00	 611.49	 5.8296	34.2700	27.0038	 0.44	 19.06	0.041	  154.06	100.00
 618.00	 612.48	 5.8168	34.2708	27.0060	 0.43	 18.89	0.041	  154.02	100.00
 619.00	 613.46	 5.8127	34.2710	27.0067	 0.43	 18.84	0.041	  154.02	100.00
 620.00	 614.45	 5.8111	34.2712	27.0071	 0.43	 18.77	0.040	  153.99	100.00
 621.00	 615.44	 5.8100	34.2717	27.0076	 0.43	 18.78	0.040	  154.00	100.00
 622.00	 616.43	 5.8087	34.2724	27.0083	 0.43	 18.65	0.040	  154.02	100.00
 623.00	 617.42	 5.7985	34.2728	27.0099	 0.43	 18.51	0.040	  154.04	100.00
 624.00	 618.41	 5.7640	34.2766	27.0172	 0.42	 18.45	0.041	  154.05	100.00
 625.00	 619.40	 5.7594	34.2769	27.0180	 0.42	 18.37	0.040	  154.08	100.00
 626.00	 620.39	 5.7555	34.2773	27.0188	 0.42	 18.35	0.040	  154.06	100.00
 627.00	 621.38	 5.7558	34.2773	27.0188	 0.42	 18.26	0.040	  154.03	100.00
 628.00	 622.37	 5.7557	34.2774	27.0189	 0.42	 18.27	0.042	  154.08	100.00
 629.00	 623.36	 5.7572	34.2774	27.0187	 0.42	 18.29	0.041	  154.06	100.00
 630.00	 624.35	 5.7571	34.2774	27.0187	 0.42	 18.25	0.040	  154.05	100.00
 631.00	 625.34	 5.7574	34.2774	27.0187	 0.42	 18.24	0.041	  154.02	100.00
 632.00	 626.33	 5.7556	34.2774	27.0189	 0.42	 18.18	0.041	  153.99	100.00
 633.00	 627.32	 5.7559	34.2776	27.0191	 0.42	 18.15	0.041	  154.01	100.00
 634.00	 628.31	 5.7565	34.2775	27.0189	 0.42	 18.07	0.042	  153.96	100.00
 635.00	 629.30	 5.7495	34.2780	27.0202	 0.42	 18.07	0.041	  153.98	100.00
 636.00	 630.29	 5.7434	34.2790	27.0217	 0.41	 18.01	0.040	  153.96	100.00
 637.00	 631.28	 5.7423	34.2792	27.0220	 0.41	 17.96	0.041	  153.97	100.00
 638.00	 632.27	 5.7402	34.2790	27.0222	 0.41	 17.94	0.040	  153.96	100.00
 639.00	 633.26	 5.7155	34.2778	27.0242	 0.41	 17.93	0.041	  153.96	100.00
 640.00	 634.25	 5.7039	34.2785	27.0262	 0.41	 17.94	0.042	  153.99	100.00
 641.00	 635.23	 5.6983	34.2779	27.0264	 0.41	 17.91	0.041	  153.94	100.00
 642.00	 636.22	 5.6909	34.2775	27.0270	 0.41	 17.93	0.041	  153.92	100.00
 643.00	 637.21	 5.6868	34.2769	27.0270	 0.41	 17.88	0.041	  153.86	100.00
 644.00	 638.20	 5.6777	34.2767	27.0280	 0.41	 17.79	0.041	  153.88	100.00
 645.00	 639.19	 5.6764	34.2765	27.0280	 0.41	 17.76	0.041	  153.86	100.00
 646.00	 640.18	 5.6729	34.2762	27.0282	 0.41	 17.76	0.041	  153.84	100.00
 647.00	 641.17	 5.6715	34.2760	27.0283	 0.41	 17.84	0.041	  153.92	100.00
 648.00	 642.16	 5.6712	34.2762	27.0284	 0.41	 17.93	0.040	  153.87	100.00
 649.00	 643.15	 5.6627	34.2744	27.0281	 0.42	 18.07	0.042	  153.92	100.00
 650.00	 644.14	 5.6510	34.2742	27.0293	 0.42	 18.30	0.041	  153.90	100.00
 651.00	 645.13	 5.5612	34.2591	27.0283	 0.42	 18.40	0.041	  153.92	100.00
 652.00	 646.12	 5.4937	34.2570	27.0346	 0.43	 18.57	0.041	  153.95	100.00
 653.00	 647.11	 5.4764	34.2563	27.0362	 0.43	 18.55	0.040	  153.93	100.00
 654.00	 648.10	 5.4617	34.2555	27.0373	 0.42	 18.46	0.040	  153.96	100.00
 655.00	 649.09	 5.4485	34.2556	27.0390	 0.43	 18.56	0.041	  153.95	100.00
 656.00	 650.08	 5.4451	34.2546	27.0386	 0.42	 18.45	0.041	  153.95	100.00
 657.00	 651.07	 5.4329	34.2532	27.0390	 0.42	 18.45	0.040	  153.94	100.00
 658.00	 652.06	 5.4289	34.2537	27.0398	 0.42	 18.38	0.040	  153.98	100.00
 659.00	 653.04	 5.4255	34.2538	27.0403	 0.42	 18.32	0.041	  153.90	100.00
 660.00	 654.03	 5.4231	34.2549	27.0414	 0.42	 18.27	0.040	  153.90	100.00
 661.00	 655.02	 5.4209	34.2555	27.0422	 0.42	 18.28	0.040	  153.85	100.00
 662.00	 656.01	 5.4212	34.2556	27.0422	 0.42	 18.29	0.040	  153.87	100.00
 663.00	 657.00	 5.4123	34.2549	27.0428	 0.42	 18.29	0.040	  153.85	100.00
 664.00	 657.99	 5.3942	34.2546	27.0447	 0.42	 18.21	0.040	  153.79	100.00
 665.00	 658.98	 5.3848	34.2555	27.0465	 0.42	 18.11	0.041	  153.84	100.00
 666.00	 659.97	 5.3835	34.2555	27.0467	 0.42	 18.16	0.040	  153.82	100.00
 667.00	 660.96	 5.3851	34.2556	27.0466	 0.42	 18.12	0.041	  153.85	100.00
 668.00	 661.95	 5.3855	34.2559	27.0468	 0.41	 18.03	0.041	  153.88	100.00
 669.00	 662.94	 5.3820	34.2560	27.0473	 0.41	 17.95	0.042	  153.86	100.00
 670.00	 663.93	 5.3766	34.2560	27.0479	 0.41	 17.93	0.041	  153.87	100.00
 671.00	 664.92	 5.3709	34.2572	27.0496	 0.41	 17.89	0.040	  153.88	100.00
 672.00	 665.91	 5.3683	34.2588	27.0512	 0.41	 17.78	0.040	  153.84	100.00
 673.00	 666.90	 5.3549	34.2608	27.0543	 0.40	 17.56	0.041	  153.88	100.00
 674.00	 667.88	 5.3422	34.2625	27.0572	 0.40	 17.51	0.041	  153.81	100.00
 675.00	 668.87	 5.3398	34.2632	27.0581	 0.40	 17.38	0.041	  153.84	100.00
 676.00	 669.86	 5.3355	34.2641	27.0593	 0.40	 17.29	0.041	  153.83	100.00
 677.00	 670.85	 5.3303	34.2646	27.0603	 0.40	 17.18	0.040	  153.85	100.00
 678.00	 671.84	 5.3237	34.2641	27.0607	 0.39	 17.13	0.041	  153.86	100.00
 679.00	 672.83	 5.3260	34.2646	27.0608	 0.40	 17.18	0.042	  153.85	100.00
 680.00	 673.82	 5.3258	34.2641	27.0605	 0.40	 17.18	0.041	  153.80	100.00
 681.00	 674.81	 5.3205	34.2641	27.0611	 0.39	 17.15	0.041	  153.86	100.00
 682.00	 675.80	 5.3185	34.2644	27.0615	 0.39	 17.08	0.041	  153.84	100.00
 683.00	 676.79	 5.3151	34.2651	27.0625	 0.39	 16.90	0.040	  153.84	100.00
 684.00	 677.78	 5.3105	34.2690	27.0662	 0.39	 16.78	0.041	  153.80	100.00
 685.00	 678.77	 5.3343	34.2768	27.0695	 0.38	 16.73	0.040	  153.80	100.00
 686.00	 679.76	 5.3488	34.2808	27.0711	 0.38	 16.63	0.041	  153.80	100.00
 687.00	 680.75	 5.3254	34.2817	27.0745	 0.38	 16.44	0.041	  153.84	100.00
 688.00	 681.74	 5.3205	34.2867	27.0791	 0.38	 16.38	0.041	  153.81	100.00
 689.00	 682.72	 5.3165	34.2879	27.0805	 0.38	 16.36	0.042	  153.79	100.00
 690.00	 683.71	 5.3159	34.2882	27.0808	 0.37	 16.24	0.041	  153.79	100.00
 691.00	 684.70	 5.3154	34.2897	27.0821	 0.37	 16.22	0.041	  153.77	100.00
 692.00	 685.69	 5.3169	34.2918	27.0836	 0.37	 16.24	0.041	  153.81	100.00
 693.00	 686.68	 5.3012	34.2921	27.0857	 0.37	 16.18	0.041	  153.77	100.00
 694.00	 687.67	 5.2812	34.2940	27.0895	 0.37	 15.98	0.040	  153.74	100.00
 695.00	 688.66	 5.3006	34.3001	27.0921	 0.37	 15.98	0.041	  153.74	100.00
 696.00	 689.65	 5.3032	34.3020	27.0933	 0.37	 15.89	0.042	  153.75	100.00
 697.00	 690.64	 5.3029	34.3026	27.0938	 0.36	 15.79	0.042	  153.72	100.00
 698.00	 691.63	 5.2996	34.3033	27.0947	 0.36	 15.72	0.041	  153.70	100.00
 699.00	 692.62	 5.2907	34.3044	27.0967	 0.36	 15.66	0.042	  153.74	100.00
 700.00	 693.61	 5.2855	34.3049	27.0977	 0.36	 15.60	0.042	  153.72	100.00
 701.00	 694.60	 5.2808	34.3054	27.0987	 0.36	 15.46	0.041	  153.73	100.00
 702.00	 695.58	 5.2796	34.3059	27.0992	 0.36	 15.45	0.041	  153.74	100.00
 703.00	 696.57	 5.2780	34.3062	27.0997	 0.35	 15.42	0.041	  153.72	100.00
 704.00	 697.56	 5.2783	34.3062	27.0997	 0.35	 15.40	0.041	  153.72	100.00
 705.00	 698.55	 5.2784	34.3069	27.1002	 0.35	 15.42	0.042	  153.69	100.00
 706.00	 699.54	 5.2768	34.3075	27.1008	 0.35	 15.33	0.041	  153.65	100.00
 707.00	 700.53	 5.2733	34.3083	27.1019	 0.35	 15.26	0.040	  153.68	100.00
 708.00	 701.52	 5.2659	34.3077	27.1023	 0.35	 15.30	0.041	  153.70	100.00
 709.00	 702.51	 5.2585	34.3075	27.1030	 0.35	 15.32	0.041	  153.61	100.00
 710.00	 703.50	 5.2448	34.3066	27.1039	 0.35	 15.32	0.041	  153.63	100.00
 711.00	 704.49	 5.2257	34.3055	27.1053	 0.35	 15.33	0.041	  153.70	100.00
 712.00	 705.48	 5.2057	34.3067	27.1085	 0.35	 15.34	0.041	  153.66	100.00
 713.00	 706.47	 5.2035	34.3076	27.1096	 0.35	 15.32	0.041	  153.69	100.00
 714.00	 707.45	 5.2036	34.3083	27.1101	 0.35	 15.23	0.040	  153.68	100.00
 715.00	 708.44	 5.2040	34.3084	27.1102	 0.35	 15.19	0.040	  153.61	100.00
 716.00	 709.43	 5.2029	34.3085	27.1104	 0.35	 15.19	0.040	  153.61	100.00
 717.00	 710.42	 5.1990	34.3084	27.1108	 0.35	 15.16	0.041	  153.59	100.00
 718.00	 711.41	 5.1986	34.3086	27.1110	 0.35	 15.19	0.042	  153.58	100.00
 719.00	 712.40	 5.1923	34.3086	27.1117	 0.35	 15.15	0.042	  153.59	100.00
 720.00	 713.39	 5.1817	34.3092	27.1134	 0.35	 15.15	0.042	  153.59	100.00
 721.00	 714.38	 5.1719	34.3093	27.1146	 0.35	 15.20	0.041	  153.57	100.00
 722.00	 715.37	 5.1291	34.3120	27.1217	 0.35	 15.16	0.040	  153.64	100.00
 723.00	 716.36	 5.1214	34.3130	27.1234	 0.35	 15.11	0.040	  153.61	100.00
 724.00	 717.35	 5.1224	34.3129	27.1232	 0.35	 15.05	0.040	  153.63	100.00
 725.00	 718.33	 5.1167	34.3131	27.1240	 0.34	 14.99	0.040	  153.56	100.00
 726.00	 719.32	 5.1165	34.3133	27.1242	 0.35	 15.02	0.040	  153.62	100.00
 727.00	 720.31	 5.1120	34.3128	27.1243	 0.35	 15.00	0.040	  153.60	100.00
 728.00	 721.30	 5.1104	34.3127	27.1245	 0.35	 15.02	0.040	  153.59	100.00
 729.00	 722.29	 5.1100	34.3126	27.1245	 0.35	 15.02	0.040	  153.59	100.00
 730.00	 723.28	 5.1102	34.3129	27.1247	 0.35	 15.02	0.040	  153.59	100.00
 731.00	 724.27	 5.1114	34.3130	27.1246	 0.35	 15.02	0.041	  153.65	100.00
 732.00	 725.26	 5.1083	34.3128	27.1249	 0.35	 15.02	0.040	  153.64	100.00
 733.00	 726.25	 5.1030	34.3133	27.1259	 0.35	 15.01	0.040	  153.61	100.00
 734.00	 727.24	 5.1013	34.3136	27.1263	 0.35	 15.03	0.041	  153.56	100.00
 735.00	 728.23	 5.1010	34.3137	27.1264	 0.35	 15.00	0.041	  153.62	100.00
 736.00	 729.21	 5.0944	34.3143	27.1277	 0.35	 15.01	0.040	  153.53	100.00
 737.00	 730.20	 5.0925	34.3144	27.1280	 0.34	 14.94	0.042	  153.52	100.00
 738.00	 731.19	 5.0904	34.3149	27.1287	 0.34	 14.84	0.041	  153.54	100.00
 739.00	 732.18	 5.0881	34.3157	27.1296	 0.34	 14.81	0.040	  153.52	100.00
 740.00	 733.17	 5.0870	34.3162	27.1301	 0.34	 14.86	0.040	  153.50	100.00
 741.00	 734.16	 5.0877	34.3163	27.1301	 0.34	 14.89	0.040	  153.52	100.00
 742.00	 735.15	 5.0866	34.3163	27.1302	 0.34	 14.81	0.041	  153.49	100.00
 743.00	 736.14	 5.0797	34.3171	27.1316	 0.34	 14.83	0.042	  153.50	100.00
 744.00	 737.13	 5.0714	34.3181	27.1334	 0.34	 14.83	0.040	  153.49	100.00
 745.00	 738.12	 5.0643	34.3196	27.1354	 0.34	 14.85	0.040	  153.48	100.00
 746.00	 739.10	 5.0601	34.3211	27.1371	 0.34	 14.83	0.041	  153.50	100.00
 747.00	 740.09	 5.0556	34.3233	27.1394	 0.34	 14.84	0.040	  153.49	100.00
 748.00	 741.08	 5.0501	34.3253	27.1416	 0.34	 14.77	0.040	  153.49	100.00
 749.00	 742.07	 5.0470	34.3280	27.1441	 0.34	 14.67	0.040	  153.48	100.00
 750.00	 743.06	 5.0453	34.3324	27.1478	 0.34	 14.67	0.040	  153.50	100.00
 751.00	 744.05	 5.0471	34.3343	27.1491	 0.34	 14.65	0.041	  153.48	100.00
 752.00	 745.04	 5.0475	34.3348	27.1495	 0.34	 14.68	0.041	  153.48	100.00
 753.00	 746.03	 5.0475	34.3352	27.1498	 0.34	 14.67	0.040	  153.50	100.00
 754.00	 747.02	 5.0475	34.3363	27.1506	 0.34	 14.66	0.040	  153.48	100.00
 755.00	 748.00	 5.0475	34.3368	27.1511	 0.34	 14.68	0.042	  153.48	100.00
 756.00	 748.99	 5.0450	34.3367	27.1513	 0.34	 14.67	0.041	  153.48	100.00
 757.00	 749.98	 5.0404	34.3373	27.1523	 0.34	 14.70	0.040	  153.48	100.00
 758.00	 750.97	 5.0219	34.3403	27.1568	 0.34	 14.70	0.040	  153.45	100.00
 759.00	 751.96	 4.9977	34.3406	27.1598	 0.34	 14.72	0.041	  153.47	100.00
 760.00	 752.95	 4.9933	34.3406	27.1603	 0.34	 14.70	0.040	  153.47	100.00
 761.00	 753.94	 4.9914	34.3405	27.1605	 0.34	 14.71	0.040	  153.48	100.00
 762.00	 754.93	 4.9893	34.3406	27.1608	 0.34	 14.71	0.040	  153.47	100.00
 763.00	 755.92	 4.9852	34.3406	27.1613	 0.34	 14.72	0.041	  153.44	100.00
 764.00	 756.91	 4.9789	34.3408	27.1621	 0.34	 14.72	0.041	  153.43	100.00
 765.00	 757.89	 4.9747	34.3411	27.1628	 0.34	 14.71	0.041	  153.43	100.00
 766.00	 758.88	 4.9706	34.3412	27.1634	 0.34	 14.75	0.040	  153.46	100.00
 767.00	 759.87	 4.9657	34.3415	27.1642	 0.34	 14.72	0.041	  153.42	100.00
 768.00	 760.86	 4.9636	34.3418	27.1647	 0.34	 14.73	0.042	  153.42	100.00
 769.00	 761.85	 4.9610	34.3418	27.1650	 0.34	 14.74	0.042	  153.45	100.00
 770.00	 762.84	 4.9560	34.3422	27.1659	 0.34	 14.74	0.041	  153.42	100.00
 771.00	 763.83	 4.9533	34.3425	27.1664	 0.34	 14.74	0.040	  153.43	100.00
 772.00	 764.82	 4.9530	34.3425	27.1665	 0.34	 14.72	0.041	  153.42	100.00
 773.00	 765.81	 4.9523	34.3429	27.1669	 0.34	 14.74	0.041	  153.45	100.00
 774.00	 766.79	 4.9503	34.3433	27.1674	 0.34	 14.76	0.042	  153.37	100.00
 775.00	 767.78	 4.9496	34.3433	27.1675	 0.34	 14.75	0.041	  153.45	100.00
 776.00	 768.77	 4.9449	34.3438	27.1684	 0.34	 14.76	0.041	  153.41	100.00
 777.00	 769.76	 4.9379	34.3445	27.1698	 0.34	 14.76	0.042	  153.37	100.00
 778.00	 770.75	 4.9330	34.3451	27.1709	 0.34	 14.76	0.041	  153.33	100.00
 779.00	 771.74	 4.9305	34.3452	27.1712	 0.34	 14.77	0.041	  153.36	100.00
 780.00	 772.73	 4.9243	34.3457	27.1724	 0.34	 14.76	0.040	  153.39	100.00
 781.00	 773.72	 4.9212	34.3461	27.1731	 0.34	 14.75	0.041	  153.39	100.00
 782.00	 774.70	 4.9205	34.3463	27.1733	 0.34	 14.77	0.042	  153.40	100.00
 783.00	 775.69	 4.9169	34.3466	27.1740	 0.34	 14.79	0.042	  153.31	100.00
 784.00	 776.68	 4.9100	34.3477	27.1756	 0.34	 14.78	0.040	  153.31	100.00
 785.00	 777.67	 4.9058	34.3490	27.1771	 0.34	 14.79	0.042	  153.36	100.00
 786.00	 778.66	 4.9023	34.3499	27.1782	 0.34	 14.79	0.041	  153.37	100.00
 787.00	 779.65	 4.9021	34.3500	27.1783	 0.34	 14.79	0.040	  153.31	100.00
 788.00	 780.64	 4.9021	34.3499	27.1783	 0.34	 14.79	0.041	  153.34	100.00
 789.00	 781.63	 4.9015	34.3502	27.1786	 0.34	 14.80	0.042	  153.31	100.00
 790.00	 782.62	 4.8997	34.3505	27.1790	 0.34	 14.80	0.041	  153.34	100.00
 791.00	 783.60	 4.8988	34.3506	27.1792	 0.34	 14.80	0.040	  153.35	100.00
 792.00	 784.59	 4.8983	34.3509	27.1795	 0.34	 14.80	0.040	  153.35	100.00
 793.00	 785.58	 4.8961	34.3514	27.1802	 0.34	 14.81	0.040	  153.37	100.00
 794.00	 786.57	 4.8911	34.3531	27.1821	 0.34	 14.84	0.041	  153.29	100.00
 795.00	 787.56	 4.8863	34.3544	27.1837	 0.34	 14.89	0.042	  153.34	100.00
 796.00	 788.55	 4.8785	34.3557	27.1856	 0.34	 14.88	0.042	  153.29	100.00
 797.00	 789.54	 4.8749	34.3576	27.1875	 0.34	 14.96	0.042	  153.31	100.00
 798.00	 790.53	 4.8688	34.3576	27.1882	 0.34	 15.00	0.041	  153.31	100.00
 799.00	 791.51	 4.8642	34.3577	27.1888	 0.35	 15.04	0.040	  153.31	100.00
 800.00	 792.50	 4.8639	34.3581	27.1892	 0.35	 15.04	0.040	  153.26	100.00
 801.00	 793.49	 4.8635	34.3582	27.1893	 0.35	 15.03	0.040	  153.29	100.00
 802.00	 794.48	 4.8610	34.3588	27.1901	 0.35	 15.03	0.041	  153.27	100.00
 803.00	 795.47	 4.8602	34.3590	27.1903	 0.35	 15.04	0.041	  153.27	100.00
 804.00	 796.46	 4.8599	34.3590	27.1904	 0.35	 15.04	0.041	  153.29	100.00
 805.00	 797.45	 4.8596	34.3591	27.1905	 0.35	 15.04	0.042	  153.33	100.00
 806.00	 798.43	 4.8591	34.3593	27.1907	 0.35	 15.04	0.042	  153.28	100.00
 807.00	 799.42	 4.8591	34.3593	27.1908	 0.35	 15.04	0.041	  153.27	100.00
 808.00	 800.41	 4.8582	34.3596	27.1911	 0.35	 15.04	0.040	  153.28	100.00
 809.00	 801.40	 4.8582	34.3595	27.1910	 0.35	 15.12	0.041	  153.24	100.00
 810.00	 802.39	 4.8588	34.3595	27.1909	 0.35	 15.22	0.042	  153.21	100.00
 811.00	 803.38	 4.8586	34.3596	27.1911	 0.35	 15.19	0.042	  153.26	100.00
 812.00	 804.37	 4.8578	34.3598	27.1913	 0.35	 15.30	0.041	  153.20	100.00
 813.00	 805.36	 4.8565	34.3599	27.1916	 0.35	 15.29	0.041	  153.20	100.00
 814.00	 806.34	 4.8522	34.3608	27.1928	 0.35	 15.28	0.041	  153.18	100.00
 815.00	 807.33	 4.8466	34.3637	27.1957	 0.35	 15.29	0.042	  153.20	100.00
 816.00	 808.32	 4.8413	34.3660	27.1982	 0.35	 15.30	0.042	  153.22	100.00
 817.00	 809.31	 4.8405	34.3663	27.1985	 0.35	 15.37	0.041	  153.19	100.00
 818.00	 810.30	 4.8377	34.3672	27.1995	 0.36	 15.47	0.041	  153.16	100.00
 819.00	 811.29	 4.8324	34.3679	27.2007	 0.36	 15.54	0.041	  153.17	100.00
 820.00	 812.28	 4.8284	34.3686	27.2016	 0.36	 15.55	0.041	  153.18	100.00
 821.00	 813.26	 4.8231	34.3696	27.2031	 0.36	 15.56	0.041	  153.12	100.00
 822.00	 814.25	 4.8200	34.3700	27.2038	 0.36	 15.48	0.042	  153.11	100.00
 823.00	 815.24	 4.8180	34.3704	27.2043	 0.36	 15.52	0.042	  153.13	100.00
 824.00	 816.23	 4.8174	34.3704	27.2044	 0.36	 15.51	0.041	  153.08	100.00
 825.00	 817.22	 4.8175	34.3703	27.2043	 0.36	 15.52	0.041	  153.12	100.00
 826.00	 818.21	 4.8173	34.3704	27.2044	 0.36	 15.60	0.041	  153.09	100.00
 827.00	 819.20	 4.8130	34.3709	27.2053	 0.36	 15.68	0.042	  153.16	100.00
 828.00	 820.19	 4.8079	34.3720	27.2067	 0.36	 15.81	0.042	  153.05	100.00
 829.00	 821.17	 4.8078	34.3721	27.2068	 0.36	 15.67	0.042	  153.11	100.00
 830.00	 822.16	 4.8049	34.3726	27.2076	 0.36	 15.67	0.042	  153.11	100.00
 831.00	 823.15	 4.8040	34.3728	27.2079	 0.36	 15.72	0.041	  153.13	100.00
 832.00	 824.14	 4.8031	34.3727	27.2078	 0.36	 15.68	0.040	  153.11	100.00
 833.00	 825.13	 4.7988	34.3729	27.2085	 0.36	 15.70	0.041	  153.11	100.00
 834.00	 826.12	 4.8041	34.3724	27.2076	 0.36	 15.74	0.041	  153.02	100.00
 835.00	 827.11	 4.7961	34.3738	27.2095	 0.36	 15.73	0.041	  153.03	100.00
 836.00	 828.09	 4.7941	34.3740	27.2099	 0.36	 15.74	0.042	  153.04	100.00
 837.00	 829.08	 4.7828	34.3752	27.2122	 0.36	 15.74	0.042	  153.03	100.00
 838.00	 830.07	 4.7795	34.3758	27.2130	 0.36	 15.76	0.042	  153.01	100.00
 839.00	 831.06	 4.7719	34.3772	27.2150	 0.36	 15.77	0.041	  153.07	100.00
 840.00	 832.05	 4.7697	34.3775	27.2154	 0.36	 15.75	0.041	  153.06	100.00
 841.00	 833.04	 4.7679	34.3776	27.2158	 0.36	 15.79	0.040	  153.07	100.00
 842.00	 834.03	 4.7662	34.3778	27.2161	 0.37	 15.93	0.042	  153.05	100.00
 843.00	 835.01	 4.7622	34.3787	27.2173	 0.37	 15.94	0.041	  153.11	100.00
 844.00	 836.00	 4.7590	34.3789	27.2178	 0.37	 15.90	0.040	  153.12	100.00
 845.00	 836.99	 4.7534	34.3796	27.2190	 0.37	 16.04	0.040	  153.08	100.00
 846.00	 837.98	 4.7480	34.3801	27.2200	 0.37	 15.92	0.040	  153.11	100.00
 847.00	 838.97	 4.7449	34.3808	27.2209	 0.37	 15.97	0.040	  153.10	100.00
 848.00	 839.96	 4.7449	34.3807	27.2209	 0.37	 15.96	0.040	  153.08	100.00
 849.00	 840.94	 4.7459	34.3806	27.2207	 0.37	 15.98	0.040	  153.11	100.00
 850.00	 841.93	 4.7441	34.3808	27.2210	 0.37	 16.07	0.040	  153.01	100.00
 851.00	 842.92	 4.7371	34.3814	27.2223	 0.37	 16.19	0.041	  152.90	100.00
 852.00	 843.91	 4.7263	34.3825	27.2244	 0.37	 16.29	0.040	  152.99	100.00
 853.00	 844.90	 4.7216	34.3834	27.2256	 0.37	 16.25	0.040	  152.99	100.00
 854.00	 845.89	 4.6990	34.3840	27.2286	 0.37	 16.25	0.042	  153.02	100.00
 855.00	 846.88	 4.6819	34.3870	27.2329	 0.37	 16.29	0.041	  152.99	100.00
 856.00	 847.86	 4.6746	34.3874	27.2340	 0.38	 16.32	0.040	  152.99	100.00
 857.00	 848.85	 4.6727	34.3874	27.2342	 0.38	 16.41	0.041	  152.92	100.00
 858.00	 849.84	 4.6708	34.3877	27.2347	 0.38	 16.42	0.041	  152.91	100.00
 859.00	 850.83	 4.6688	34.3878	27.2350	 0.38	 16.40	0.040	  152.91	100.00
 860.00	 851.82	 4.6670	34.3882	27.2355	 0.38	 16.42	0.042	  152.89	100.00
 861.00	 852.81	 4.6643	34.3879	27.2356	 0.38	 16.40	0.041	  152.90	100.00
 862.00	 853.79	 4.6602	34.3881	27.2362	 0.38	 16.38	0.040	  152.87	100.00
 863.00	 854.78	 4.6596	34.3881	27.2363	 0.38	 16.38	0.041	  152.94	100.00
 864.00	 855.77	 4.6581	34.3881	27.2365	 0.38	 16.49	0.041	  152.96	100.00
 865.00	 856.76	 4.6566	34.3882	27.2367	 0.38	 16.45	0.042	  153.03	100.00
 866.00	 857.75	 4.6541	34.3880	27.2368	 0.38	 16.47	0.040	  153.04	100.00
 867.00	 858.74	 4.6516	34.3882	27.2372	 0.38	 16.48	0.041	  152.96	100.00
 868.00	 859.73	 4.6485	34.3882	27.2376	 0.38	 16.52	0.042	  152.98	100.00
 869.00	 860.71	 4.6334	34.3878	27.2390	 0.38	 16.56	0.040	  152.99	100.00
 870.00	 861.70	 4.6254	34.3886	27.2405	 0.38	 16.58	0.041	  152.96	100.00
 871.00	 862.69	 4.6245	34.3883	27.2404	 0.38	 16.62	0.041	  152.96	100.00
 872.00	 863.68	 4.6241	34.3885	27.2405	 0.38	 16.64	0.040	  152.91	100.00
 873.00	 864.67	 4.6174	34.3885	27.2413	 0.38	 16.71	0.041	  152.89	100.00
 874.00	 865.66	 4.6051	34.3892	27.2432	 0.39	 16.83	0.041	  152.88	100.00
 875.00	 866.64	 4.5954	34.3897	27.2446	 0.39	 16.96	0.042	  152.88	100.00
 876.00	 867.63	 4.5910	34.3897	27.2452	 0.39	 16.95	0.042	  152.92	100.00
 877.00	 868.62	 4.5788	34.3906	27.2472	 0.39	 16.93	0.042	  152.89	100.00
 878.00	 869.61	 4.5648	34.3916	27.2495	 0.39	 16.93	0.041	  152.89	100.00
 879.00	 870.60	 4.5630	34.3920	27.2500	 0.39	 16.93	0.042	  152.90	100.00
 880.00	 871.59	 4.5632	34.3920	27.2500	 0.39	 16.94	0.041	  152.87	100.00
 881.00	 872.57	 4.5605	34.3921	27.2504	 0.39	 16.96	0.041	  152.85	100.00
 882.00	 873.56	 4.5580	34.3926	27.2511	 0.39	 16.96	0.041	  152.83	100.00
 883.00	 874.55	 4.5573	34.3927	27.2513	 0.39	 16.95	0.040	  152.90	100.00
 884.00	 875.54	 4.5594	34.3928	27.2511	 0.39	 16.94	0.040	  152.89	100.00
 885.00	 876.53	 4.5601	34.3924	27.2507	 0.39	 17.00	0.040	  152.86	100.00
 886.00	 877.52	 4.5597	34.3926	27.2509	 0.39	 17.01	0.041	  152.87	100.00
 887.00	 878.50	 4.5592	34.3926	27.2510	 0.39	 17.01	0.042	  152.85	100.00
 888.00	 879.49	 4.5535	34.3929	27.2518	 0.39	 17.01	0.041	  152.80	100.00
 889.00	 880.48	 4.5486	34.3928	27.2524	 0.39	 16.97	0.040	  152.75	100.00
 890.00	 881.47	 4.5383	34.3936	27.2541	 0.39	 17.00	0.040	  152.75	100.00
 891.00	 882.46	 4.5380	34.3938	27.2543	 0.39	 17.00	0.041	  152.75	100.00
 892.00	 883.45	 4.5358	34.3937	27.2545	 0.39	 16.98	0.042	  152.81	100.00
 893.00	 884.43	 4.5326	34.3939	27.2550	 0.39	 16.96	0.042	  152.78	100.00
 894.00	 885.42	 4.5290	34.3943	27.2557	 0.39	 17.01	0.042	  152.80	100.00
 895.00	 886.41	 4.5264	34.3946	27.2562	 0.39	 17.13	0.042	  152.75	100.00
 896.00	 887.40	 4.5226	34.3948	27.2568	 0.40	 17.21	0.042	  152.80	100.00
 897.00	 888.39	 4.5153	34.3950	27.2577	 0.40	 17.19	0.042	  152.71	100.00
 898.00	 889.38	 4.5069	34.3959	27.2594	 0.40	 17.18	0.042	  152.77	100.00
 899.00	 890.36	 4.5060	34.3961	27.2596	 0.40	 17.18	0.040	  152.75	100.00
 900.00	 891.35	 4.5058	34.3962	27.2598	 0.40	 17.19	0.040	  152.72	100.00
 901.00	 892.34	 4.5052	34.3962	27.2598	 0.39	 17.14	0.041	  152.72	100.00
 902.00	 893.33	 4.5048	34.3963	27.2599	 0.39	 17.09	0.042	  152.73	100.00
 903.00	 894.32	 4.5009	34.3967	27.2607	 0.39	 17.14	0.041	  152.71	100.00
 904.00	 895.31	 4.4969	34.3970	27.2614	 0.40	 17.22	0.041	  152.68	100.00
 905.00	 896.29	 4.4958	34.3971	27.2616	 0.40	 17.24	0.042	  152.69	100.00
 906.00	 897.28	 4.4948	34.3973	27.2619	 0.40	 17.22	0.041	  152.64	100.00
 907.00	 898.27	 4.4939	34.3975	27.2621	 0.40	 17.22	0.040	  152.65	100.00
 908.00	 899.26	 4.4907	34.3975	27.2625	 0.40	 17.23	0.040	  152.67	100.00
 909.00	 900.25	 4.4898	34.3978	27.2629	 0.40	 17.23	0.041	  152.59	100.00
 910.00	 901.23	 4.4858	34.3980	27.2634	 0.40	 17.23	0.042	  152.64	100.00
 911.00	 902.22	 4.4857	34.3981	27.2635	 0.40	 17.24	0.041	  152.64	100.00
 912.00	 903.21	 4.4815	34.3984	27.2642	 0.40	 17.27	0.041	  152.62	100.00
 913.00	 904.20	 4.4774	34.3988	27.2650	 0.40	 17.39	0.042	  152.62	100.00
 914.00	 905.19	 4.4730	34.3991	27.2657	 0.40	 17.48	0.042	  152.64	100.00
 915.00	 906.18	 4.4705	34.3994	27.2662	 0.40	 17.42	0.042	  152.66	100.00
 916.00	 907.16	 4.4692	34.3994	27.2664	 0.40	 17.42	0.042	  152.57	100.00
 917.00	 908.15	 4.4680	34.3995	27.2666	 0.40	 17.43	0.042	  152.59	100.00
 918.00	 909.14	 4.4663	34.3999	27.2671	 0.40	 17.41	0.042	  152.57	100.00
 919.00	 910.13	 4.4634	34.3998	27.2673	 0.40	 17.38	0.040	  152.55	100.00
 920.00	 911.12	 4.4610	34.4000	27.2678	 0.40	 17.37	0.040	  152.59	100.00
 921.00	 912.10	 4.4577	34.4000	27.2681	 0.40	 17.42	0.040	  152.62	100.00
 922.00	 913.09	 4.4536	34.4003	27.2689	 0.40	 17.49	0.041	  152.59	100.00
 923.00	 914.08	 4.4454	34.4003	27.2697	 0.40	 17.50	0.041	  152.64	100.00
 924.00	 915.07	 4.4295	34.4007	27.2717	 0.40	 17.53	0.041	  152.51	100.00
 925.00	 916.06	 4.4113	34.4022	27.2748	 0.40	 17.49	0.042	  152.55	100.00
 926.00	 917.05	 4.4065	34.4029	27.2760	 0.40	 17.59	0.042	  152.54	100.00
 927.00	 918.03	 4.4037	34.4035	27.2768	 0.40	 17.60	0.041	  152.53	100.00
 928.00	 919.02	 4.4015	34.4039	27.2773	 0.41	 17.62	0.041	  152.57	100.00
 929.00	 920.01	 4.3999	34.4041	27.2776	 0.41	 17.77	0.041	  152.58	100.00
 930.00	 921.00	 4.3949	34.4045	27.2785	 0.41	 17.73	0.040	  152.52	100.00
 931.00	 921.99	 4.3939	34.4046	27.2787	 0.41	 17.75	0.041	  152.51	100.00
 932.00	 922.97	 4.3923	34.4046	27.2789	 0.41	 17.74	0.041	  152.50	100.00
 933.00	 923.96	 4.3799	34.4046	27.2802	 0.41	 17.75	0.040	  152.50	100.00
 934.00	 924.95	 4.3649	34.4065	27.2833	 0.41	 17.76	0.040	  152.55	100.00
 935.00	 925.94	 4.3631	34.4065	27.2836	 0.41	 17.82	0.041	  152.50	100.00
 936.00	 926.93	 4.3559	34.4066	27.2844	 0.41	 17.90	0.041	  152.51	100.00
 937.00	 927.91	 4.3441	34.4070	27.2859	 0.41	 17.85	0.041	  152.52	100.00
 938.00	 928.90	 4.3305	34.4075	27.2878	 0.41	 17.83	0.042	  152.49	100.00
 939.00	 929.89	 4.3217	34.4073	27.2886	 0.41	 17.87	0.042	  152.50	100.00
 940.00	 930.88	 4.3041	34.4080	27.2910	 0.41	 17.99	0.040	  152.49	100.00
 941.00	 931.87	 4.2793	34.4101	27.2953	 0.41	 18.04	0.041	  152.50	100.00
 942.00	 932.86	 4.2787	34.4103	27.2955	 0.42	 18.12	0.041	  152.47	100.00
 943.00	 933.84	 4.2726	34.4110	27.2967	 0.42	 18.11	0.040	  152.48	100.00
 944.00	 934.83	 4.2706	34.4114	27.2972	 0.42	 18.06	0.041	  152.44	100.00
 945.00	 935.82	 4.2701	34.4115	27.2974	 0.42	 18.04	0.042	  152.42	100.00
 946.00	 936.81	 4.2708	34.4115	27.2973	 0.41	 18.01	0.041	  152.47	100.00
 947.00	 937.80	 4.2705	34.4117	27.2975	 0.41	 18.02	0.041	  152.45	100.00
 948.00	 938.78	 4.2750	34.4118	27.2971	 0.42	 18.07	0.042	  152.43	100.00
 949.00	 939.77	 4.2788	34.4112	27.2962	 0.42	 18.07	0.042	  152.41	100.00
 950.00	 940.76	 4.2804	34.4107	27.2957	 0.41	 17.97	0.042	  152.39	100.00
 951.00	 941.75	 4.2787	34.4111	27.2962	 0.41	 17.96	0.042	  152.40	100.00
 952.00	 942.74	 4.2792	34.4110	27.2961	 0.41	 17.98	0.041	  152.40	100.00
 953.00	 943.72	 4.2734	34.4117	27.2973	 0.41	 18.00	0.042	  152.37	100.00
 954.00	 944.71	 4.2727	34.4116	27.2973	 0.42	 18.14	0.041	  152.38	100.00
 955.00	 945.70	 4.2680	34.4130	27.2989	 0.42	 18.13	0.041	  152.33	100.00
 956.00	 946.69	 4.2687	34.4125	27.2984	 0.42	 18.15	0.041	  152.34	100.00
 957.00	 947.68	 4.2685	34.4125	27.2985	 0.42	 18.26	0.040	  152.37	100.00
 958.00	 948.66	 4.2646	34.4137	27.2998	 0.42	 18.29	0.040	  152.40	100.00
 959.00	 949.65	 4.2629	34.4147	27.3008	 0.42	 18.28	0.040	  152.32	100.00
 960.00	 950.64	 4.2635	34.4144	27.3005	 0.42	 18.30	0.041	  152.38	100.00
 961.00	 951.63	 4.2634	34.4141	27.3003	 0.42	 18.27	0.042	  152.36	100.00
 962.00	 952.62	 4.2647	34.4132	27.2994	 0.42	 18.29	0.041	  152.36	100.00
 963.00	 953.60	 4.2634	34.4141	27.3003	 0.42	 18.34	0.040	  152.35	100.00
 964.00	 954.59	 4.2612	34.4153	27.3016	 0.42	 18.41	0.040	  152.26	100.00
 965.00	 955.58	 4.2585	34.4153	27.3018	 0.42	 18.46	0.040	  152.30	100.00
 966.00	 956.57	 4.2573	34.4154	27.3021	 0.43	 18.67	0.040	  152.38	100.00
 967.00	 957.56	 4.2482	34.4161	27.3035	 0.43	 18.87	0.042	  152.36	100.00
 968.00	 958.54	 4.2354	34.4182	27.3065	 0.43	 18.82	0.042	  152.37	100.00
 969.00	 959.53	 4.2284	34.4197	27.3085	 0.44	 18.93	0.041	  152.34	100.00
 970.00	 960.52	 4.2248	34.4202	27.3093	 0.44	 19.01	0.041	  152.26	100.00
 971.00	 961.51	 4.2206	34.4206	27.3101	 0.44	 19.09	0.042	  152.29	100.00
 972.00	 962.50	 4.2159	34.4211	27.3109	 0.44	 19.23	0.042	  152.32	100.00
 973.00	 963.48	 4.2124	34.4214	27.3115	 0.44	 19.21	0.041	  152.28	100.00
 974.00	 964.47	 4.2104	34.4215	27.3119	 0.44	 19.20	0.040	  152.28	100.00
 975.00	 965.46	 4.2099	34.4215	27.3119	 0.44	 19.15	0.040	  152.26	100.00
 976.00	 966.45	 4.2079	34.4216	27.3122	 0.44	 19.17	0.041	  152.30	100.00
 977.00	 967.43	 4.2074	34.4219	27.3125	 0.44	 19.22	0.041	  152.25	100.00
 978.00	 968.42	 4.2058	34.4221	27.3128	 0.44	 19.33	0.040	  152.24	100.00
 979.00	 969.41	 4.2044	34.4222	27.3131	 0.45	 19.38	0.040	  152.31	100.00
 980.00	 970.40	 4.2029	34.4224	27.3134	 0.44	 19.33	0.040	  152.32	100.00
 981.00	 971.39	 4.1979	34.4228	27.3142	 0.45	 19.42	0.040	  152.28	100.00
 982.00	 972.37	 4.1982	34.4227	27.3141	 0.45	 19.38	0.041	  152.23	100.00
 983.00	 973.36	 4.1960	34.4230	27.3146	 0.45	 19.52	0.042	  152.24	100.00
 984.00	 974.35	 4.1956	34.4231	27.3148	 0.45	 19.65	0.042	  152.27	100.00
 985.00	 975.34	 4.1946	34.4234	27.3151	 0.45	 19.47	0.042	  152.18	100.00
 986.00	 976.33	 4.1907	34.4239	27.3159	 0.45	 19.48	0.042	  152.25	100.00
 987.00	 977.31	 4.1893	34.4241	27.3162	 0.45	 19.52	0.041	  152.24	100.00
 988.00	 978.30	 4.1879	34.4242	27.3165	 0.45	 19.68	0.041	  152.20	100.00
 989.00	 979.29	 4.1862	34.4243	27.3167	 0.45	 19.64	0.041	  152.19	100.00
 990.00	 980.28	 4.1860	34.4245	27.3169	 0.45	 19.61	0.040	  152.16	100.00
 991.00	 981.26	 4.1816	34.4244	27.3173	 0.45	 19.62	0.040	  152.23	100.00
 992.00	 982.25	 4.1753	34.4253	27.3187	 0.45	 19.65	0.041	  152.26	100.00
 993.00	 983.24	 4.1720	34.4257	27.3194	 0.45	 19.66	0.041	  152.21	100.00
 994.00	 984.23	 4.1726	34.4258	27.3193	 0.45	 19.71	0.040	  152.16	100.00
 995.00	 985.22	 4.1712	34.4256	27.3194	 0.45	 19.75	0.040	  152.16	100.00
 996.00	 986.20	 4.1692	34.4261	27.3200	 0.45	 19.74	0.042	  152.20	100.00
 997.00	 987.19	 4.1693	34.4257	27.3196	 0.45	 19.70	0.041	  152.12	100.00
 998.00	 988.18	 4.1549	34.4261	27.3215	 0.46	 19.79	0.040	  152.08	100.00
 999.00	 989.17	 4.1528	34.4270	27.3225	 0.46	 19.93	0.040	  152.12	100.00
1000.00	 990.15	 4.1519	34.4269	27.3225	 0.46	 19.91	0.041	  152.15	100.00
1001.00	 991.14	 4.1499	34.4273	27.3230	 0.46	 19.90	0.042	  152.16	100.00
1002.00	 992.13	 4.1494	34.4275	27.3232	 0.46	 19.91	0.041	  152.18	100.00
1003.00	 993.12	 4.1491	34.4276	27.3233	 0.46	 19.99	0.040	  152.12	100.00
1004.00	 994.11	 4.1487	34.4276	27.3234	 0.46	 19.97	0.040	  152.15	100.00
1005.00	 995.09	 4.1482	34.4280	27.3238	 0.46	 19.99	0.041	  152.14	100.00
1006.00	 996.08	 4.1455	34.4280	27.3240	 0.46	 20.00	0.042	  152.14	100.00
1007.00	 997.07	 4.1438	34.4284	27.3245	 0.46	 20.11	0.042	  152.06	100.00
1008.00	 998.06	 4.1405	34.4283	27.3248	 0.46	 20.21	0.042	  152.07	100.00
1009.00	 999.04	 4.1358	34.4287	27.3257	 0.46	 20.15	0.041	  152.10	100.00
1010.00	1000.03	 4.1350	34.4288	27.3258	 0.46	 20.11	0.041	  152.14	100.00
1011.00	1001.02	 4.1357	34.4286	27.3255	 0.46	 20.07	0.041	  152.12	100.00
1012.00	1002.01	 4.1309	34.4290	27.3264	 0.46	 20.15	0.041	  152.04	100.00
1013.00	1003.00	 4.1238	34.4295	27.3275	 0.47	 20.24	0.041	  152.06	100.00
1014.00	1003.98	 4.1182	34.4300	27.3286	 0.46	 20.21	0.041	  152.14	100.00
1015.00	1004.97	 4.1128	34.4302	27.3292	 0.47	 20.30	0.041	  152.02	100.00
1016.00	1005.96	 4.1074	34.4304	27.3300	 0.47	 20.32	0.042	  152.11	100.00
1017.00	1006.95	 4.1033	34.4304	27.3304	 0.47	 20.43	0.042	  152.03	100.00
1018.00	1007.93	 4.0981	34.4300	27.3306	 0.47	 20.51	0.042	  152.02	100.00
1019.00	1008.92	 4.0781	34.4326	27.3347	 0.47	 20.53	0.041	  152.06	100.00
1020.00	1009.91	 4.0770	34.4329	27.3351	 0.47	 20.64	0.041	  152.06	100.00
1021.00	1010.90	 4.0779	34.4327	27.3349	 0.47	 20.64	0.041	  152.01	100.00
1022.00	1011.89	 4.0797	34.4329	27.3349	 0.47	 20.62	0.040	  151.97	100.00
1023.00	1012.87	 4.0788	34.4330	27.3350	 0.48	 20.66	0.040	  151.96	100.00
1024.00	1013.86	 4.0774	34.4337	27.3357	 0.47	 20.62	0.041	  151.99	100.00
1025.00	1014.85	 4.0767	34.4335	27.3357	 0.48	 20.66	0.041	  152.06	100.00
1026.00	1015.84	 4.0765	34.4337	27.3358	 0.48	 20.76	0.040	  152.00	100.00
1027.00	1016.82	 4.0754	34.4340	27.3362	 0.48	 20.84	0.041	  152.00	100.00
1028.00	1017.81	 4.0744	34.4344	27.3366	 0.48	 20.72	0.042	  151.87	100.00
1029.00	1018.80	 4.0751	34.4342	27.3364	 0.48	 20.75	0.041	  151.92	100.00
1030.00	1019.79	 4.0746	34.4343	27.3366	 0.48	 20.90	0.040	  152.01	100.00
1031.00	1020.77	 4.0757	34.4342	27.3364	 0.48	 20.77	0.040	  151.92	100.00
1032.00	1021.76	 4.0756	34.4342	27.3364	 0.48	 20.68	0.040	  151.89	100.00
1033.00	1022.75	 4.0732	34.4337	27.3362	 0.48	 20.76	0.041	  151.96	100.00
1034.00	1023.74	 4.0675	34.4339	27.3370	 0.48	 20.85	0.040	  151.96	100.00
1035.00	1024.72	 4.0682	34.4341	27.3371	 0.48	 20.81	0.040	  151.91	100.00
1036.00	1025.71	 4.0689	34.4341	27.3370	 0.48	 20.76	0.040	  151.90	100.00
1037.00	1026.70	 4.0680	34.4343	27.3373	 0.48	 20.80	0.040	  151.92	100.00
1038.00	1027.69	 4.0676	34.4345	27.3375	 0.48	 20.88	0.041	  151.96	100.00
1039.00	1028.68	 4.0674	34.4343	27.3374	 0.48	 20.84	0.042	  151.88	100.00
1040.00	1029.66	 4.0630	34.4340	27.3376	 0.48	 20.72	0.040	  151.87	100.00
1041.00	1030.65	 4.0672	34.4345	27.3376	 0.47	 20.64	0.041	  151.86	100.00
1042.00	1031.64	 4.0664	34.4344	27.3376	 0.48	 20.81	0.042	  151.88	100.00
1043.00	1032.63	 4.0665	34.4343	27.3375	 0.48	 20.87	0.042	  151.86	100.00
1044.00	1033.61	 4.0663	34.4342	27.3375	 0.48	 20.71	0.042	  151.86	100.00
1045.00	1034.60	 4.0664	34.4342	27.3375	 0.48	 20.76	0.042	  151.89	100.00
1046.00	1035.59	 4.0626	34.4346	27.3382	 0.48	 20.87	0.042	  151.87	100.00
1047.00	1036.58	 4.0634	34.4346	27.3381	 0.48	 20.72	0.040	  151.88	100.00
1048.00	1037.56	 4.0639	34.4346	27.3381	 0.48	 20.82	0.040	  151.89	100.00
1049.00	1038.55	 4.0643	34.4347	27.3381	 0.48	 20.91	0.041	  151.81	100.00
1050.00	1039.54	 4.0637	34.4347	27.3382	 0.48	 20.87	0.042	  151.83	100.00
1051.00	1040.53	 4.0634	34.4348	27.3383	 0.48	 20.75	0.040	  151.87	100.00
1052.00	1041.51	 4.0613	34.4342	27.3381	 0.48	 20.68	0.041	  151.83	100.00
1053.00	1042.50	 4.0566	34.4341	27.3384	 0.48	 20.73	0.041	  151.84	100.00
1054.00	1043.49	 4.0551	34.4341	27.3386	 0.48	 20.83	0.041	  151.82	100.00
1055.00	1044.48	 4.0386	34.4336	27.3399	 0.48	 20.69	0.041	  151.83	 96.35
1056.00	1045.46	 4.0286	34.4340	27.3413	 0.48	 20.77	0.042	  151.88	 88.18
1057.00	1046.45	 4.0137	34.4341	27.3428	 0.48	 20.89	0.042	  151.77	100.40
1058.00	1047.44	 4.0169	34.4352	27.3434	 0.48	 20.78	0.042	  151.83	100.00
1059.00	1048.43	 4.0080	34.4355	27.3446	 0.48	 20.80	0.042	  151.90	100.00
1060.00	1049.41	 3.9992	34.4357	27.3457	 0.48	 20.79	0.041	  151.84	100.00
1061.00	1050.40	 3.9999	34.4353	27.3453	 0.48	 20.80	0.041	  151.75	100.00
1062.00	1051.39	 4.0013	34.4353	27.3451	 0.48	 20.80	0.041	  151.81	100.00
1063.00	1052.38	 3.9956	34.4353	27.3457	 0.48	 21.02	0.042	  151.77	100.00
1064.00	1053.36	 3.9935	34.4357	27.3462	 0.48	 21.07	0.042	  151.77	 95.21
1065.00	1054.35	 3.9904	34.4356	27.3465	 0.48	 20.96	0.041	  151.74	 94.16
1066.00	1055.34	 3.9818	34.4365	27.3481	 0.48	 21.05	0.040	  151.71	 92.91
1067.00	1056.33	 3.9775	34.4372	27.3491	 0.48	 21.07	0.042	  151.70	 92.35
1068.00	1057.31	 3.9713	34.4373	27.3498	 0.48	 21.04	0.042	  151.73	 91.73
1069.00	1058.30	 3.9641	34.4384	27.3514	 0.49	 21.22	0.042	  151.66	 89.77
1070.00	1059.29	 3.9626	34.4387	27.3518	 0.49	 21.24	0.041	  151.68	 89.12
1071.00	1060.28	 3.9623	34.4385	27.3517	 0.49	 21.22	0.041	  151.59	 88.78
1072.00	1061.26	 3.9620	34.4383	27.3516	 0.49	 21.24	0.042	  151.66	 87.46
1073.00	1062.25	 3.9573	34.4395	27.3531	 0.49	 21.21	0.042	  151.64	 86.44
1074.00	1063.24	 3.9563	34.4397	27.3533	 0.49	 21.35	0.041	  151.62	 85.60
1075.00	1064.23	 3.9570	34.4395	27.3530	 0.49	 21.41	0.040	  151.57	 84.35
1076.00	1065.21	 3.9541	34.4399	27.3537	 0.49	 21.34	0.041	  151.63	 83.20
1077.00	1066.20	 3.9524	34.4401	27.3541	 0.50	 21.54	0.041	  151.57	 82.43
1078.00	1067.19	 3.9521	34.4404	27.3543	 0.49	 21.49	0.042	  151.65	 81.36
1079.00	1068.18	 3.9524	34.4402	27.3541	 0.49	 21.44	0.041	  151.67	 80.12
1080.00	1069.16	 3.9528	34.4405	27.3544	 0.49	 21.51	0.040	  151.67	 79.37
1081.00	1070.15	 3.9539	34.4402	27.3540	 0.50	 21.66	0.042	  151.56	 78.53
1082.00	1071.14	 3.9524	34.4405	27.3544	 0.50	 21.54	0.041	  151.56	 78.23
1083.00	1072.13	 3.9516	34.4406	27.3546	 0.49	 21.41	0.041	  151.58	 76.86
1084.00	1073.11	 3.9515	34.4407	27.3546	 0.49	 21.48	0.041	  151.63	 75.30
1085.00	1074.10	 3.9523	34.4405	27.3544	 0.50	 21.54	0.042	  151.58	 74.00
1086.00	1075.09	 3.9497	34.4410	27.3551	 0.50	 21.65	0.042	  151.63	 73.47
1087.00	1076.08	 3.9473	34.4432	27.3571	 0.50	 21.85	0.042	  151.65	 72.59
1088.00	1077.06	 3.9468	34.4437	27.3575	 0.50	 21.95	0.041	  151.55	 71.73
1089.00	1078.05	 3.9468	34.4439	27.3577	 0.51	 22.01	0.041	  151.55	 70.94
1090.00	1079.04	 3.9447	34.4444	27.3583	 0.51	 22.07	0.040	  151.58	 69.55
1091.00	1080.02	 3.9430	34.4446	27.3587	 0.51	 22.25	0.041	  151.56	 68.72
1092.00	1081.01	 3.9414	34.4447	27.3589	 0.51	 22.20	0.040	  151.57	 67.53
1093.00	1082.00	 3.9348	34.4455	27.3602	 0.51	 22.34	0.040	  151.55	 66.82
1094.00	1082.99	 3.9300	34.4461	27.3612	 0.52	 22.51	0.041	  151.54	 65.90
1095.00	1083.97	 3.9237	34.4462	27.3619	 0.52	 22.59	0.041	  151.56	 64.62
1096.00	1084.96	 3.9158	34.4474	27.3637	 0.52	 22.69	0.040	  151.44	 64.02
1097.00	1085.95	 3.9075	34.4479	27.3649	 0.52	 22.72	0.041	  151.44	 62.86
1098.00	1086.94	 3.8885	34.4482	27.3671	 0.53	 22.87	0.041	  151.46	 61.59
1099.00	1087.92	 3.8870	34.4491	27.3680	 0.53	 22.87	0.041	  151.45	 60.97
1100.00	1088.91	 3.8855	34.4482	27.3674	 0.53	 22.91	0.041	  151.50	 60.17
1101.00	1089.90	 3.8731	34.4478	27.3683	 0.52	 22.81	0.042	  151.40	 58.97
1102.00	1090.89	 3.8663	34.4486	27.3697	 0.52	 22.81	0.041	  151.44	 58.30
1103.00	1091.87	 3.8660	34.4485	27.3696	 0.53	 22.89	0.040	  151.38	 57.26
1104.00	1092.86	 3.8654	34.4490	27.3701	 0.53	 22.88	0.040	  151.44	 56.23
1105.00	1093.85	 3.8653	34.4493	27.3703	 0.53	 22.92	0.041	  151.39	 54.91
1106.00	1094.83	 3.8649	34.4494	27.3705	 0.53	 22.87	0.042	  151.41	 53.79
1107.00	1095.82	 3.8597	34.4491	27.3708	 0.53	 22.90	0.040	  151.36	 52.84
1108.00	1096.81	 3.8586	34.4495	27.3712	 0.53	 22.87	0.040	  151.42	 52.05
1109.00	1097.80	 3.8598	34.4494	27.3710	 0.53	 22.91	0.040	  151.40	 51.26
1110.00	1098.78	 3.8630	34.4497	27.3709	 0.53	 22.91	0.040	  151.39	 50.53
1111.00	1099.77	 3.8650	34.4494	27.3705	 0.53	 22.86	0.040	  151.38	 49.16
1112.00	1100.76	 3.8650	34.4494	27.3705	 0.53	 22.88	0.041	  151.36	 48.10
1113.00	1101.75	 3.8636	34.4496	27.3708	 0.53	 22.90	0.042	  151.42	 47.27
1114.00	1102.73	 3.8640	34.4495	27.3707	 0.53	 22.89	0.041	  151.34	 46.29
1115.00	1103.72	 3.8609	34.4498	27.3713	 0.53	 22.93	0.041	  151.41	 45.18
1116.00	1104.71	 3.8577	34.4499	27.3717	 0.53	 22.94	0.041	  151.31	 44.20
1117.00	1105.69	 3.8531	34.4501	27.3723	 0.53	 22.94	0.040	  151.36	 43.62
1118.00	1106.68	 3.8546	34.4503	27.3723	 0.53	 22.98	0.040	  151.36	 42.48
1119.00	1107.67	 3.8524	34.4501	27.3724	 0.53	 23.01	0.041	  151.34	 41.64
1120.00	1108.66	 3.8473	34.4500	27.3729	 0.53	 22.94	0.042	  151.26	 40.65
1121.00	1109.64	 3.8416	34.4504	27.3737	 0.53	 22.97	0.040	  151.29	 39.65
1122.00	1110.63	 3.8420	34.4504	27.3737	 0.53	 23.08	0.041	  151.33	 38.56
1123.00	1111.62	 3.8423	34.4503	27.3736	 0.53	 23.19	0.041	  151.29	 37.45
1124.00	1112.61	 3.8321	34.4510	27.3752	 0.53	 23.10	0.040	  151.29	 36.55
1125.00	1113.59	 3.8254	34.4515	27.3762	 0.53	 23.21	0.040	  151.35	 35.53
1126.00	1114.58	 3.8173	34.4523	27.3777	 0.54	 23.36	0.041	  151.28	 34.44
1127.00	1115.57	 3.8069	34.4534	27.3796	 0.54	 23.58	0.041	  151.30	 33.44
1128.00	1116.55	 3.8063	34.4536	27.3799	 0.54	 23.56	0.042	  151.29	 32.68
1129.00	1117.54	 3.8074	34.4536	27.3797	 0.54	 23.53	0.041	  151.29	 31.71
1130.00	1118.53	 3.8082	34.4538	27.3798	 0.54	 23.61	0.041	  151.27	 30.85
1131.00	1119.52	 3.8114	34.4534	27.3792	 0.55	 23.73	0.042	  151.26	 29.76
1132.00	1120.50	 3.8114	34.4533	27.3792	 0.54	 23.59	0.041	  151.30	 28.87
1133.00	1121.49	 3.8113	34.4533	27.3791	 0.54	 23.62	0.041	  151.26	 27.68
1134.00	1122.48	 3.8055	34.4541	27.3804	 0.54	 23.67	0.041	  151.23	 26.65
1135.00	1123.46	 3.8003	34.4547	27.3814	 0.54	 23.66	0.040	  151.25	 25.55
1136.00	1124.45	 3.7964	34.4549	27.3819	 0.54	 23.67	0.042	  151.29	 24.60
1137.00	1125.44	 3.7962	34.4548	27.3818	 0.54	 23.68	0.040	  151.23	 23.70
1138.00	1126.43	 3.7966	34.4549	27.3819	 0.54	 23.67	0.042	  151.27	 22.69
1139.00	1127.41	 3.7965	34.4549	27.3819	 0.55	 23.69	0.042	  151.22	 21.59
1140.00	1128.40	 3.7962	34.4550	27.3820	 0.54	 23.69	0.040	  151.27	 20.58
1141.00	1129.39	 3.7971	34.4550	27.3819	 0.54	 23.67	0.041	  151.23	 19.64
1142.00	1130.37	 3.7933	34.4549	27.3823	 0.54	 23.69	0.042	  151.22	 18.76
1143.00	1131.36	 3.7834	34.4557	27.3839	 0.55	 23.71	0.041	  151.22	 17.72
1144.00	1132.35	 3.7848	34.4556	27.3837	 0.55	 23.69	0.041	  151.22	 16.86
1145.00	1133.34	 3.7848	34.4558	27.3839	 0.55	 23.71	0.041	  151.21	 15.93
1146.00	1134.32	 3.7846	34.4556	27.3838	 0.55	 23.71	0.041	  151.17	 15.07
1147.00	1135.31	 3.7799	34.4560	27.3845	 0.55	 23.77	0.041	  151.17	 14.14
1148.00	1136.30	 3.7801	34.4561	27.3846	 0.55	 23.72	0.042	  151.19	 13.20
1149.00	1137.28	 3.7848	34.4558	27.3839	 0.55	 23.74	0.041	  151.22	 12.28
1150.00	1138.27	 3.7792	34.4560	27.3846	 0.55	 23.73	0.041	  151.16	 11.36
1151.00	1139.26	 3.7798	34.4560	27.3846	 0.55	 23.72	0.041	  151.16	 10.48
1152.00	1140.25	 3.7887	34.4563	27.3839	 0.55	 23.72	0.042	  151.12	 10.00
