* Sea-Bird SBE 9 Data:
* Software Version Seasave V 7.26.7.107
* Vessel: NOAA Ship Ronald H. Brown
* Cruise: RB2102, West Coast Ocean Acidification (WCOA) 2021
* Dates: 20210622 to 20210723
* Region: NE Pacific, USA West Coast
* Ports: San Diego, CA to Port Angeles, WA to San Diego, CA
* Chief Scientists: R. Feely, NOAA PMEL; D. Greeley, NOAA PMEL; B. Carter, NOAA PMEL / UW CICOES
* Contacts: R. Feely, richard.a.feely@noaa.gov; D. Greeley, dana.greeley@noaa.gov; B. Carter, brendan.carter@noaa.gov
* Station: 112
* Cast: 1
* Cast Date-Time [GMT]: 18-Jul-2021 00:09:46
* Longitude: -121.0226 W
* Latitude: 34.2096 N
* Water Depth [m]: 1017
**********
* Column  1: Pressure [decibar]
* Column  2: Depth [m]
* Column  3: Temperature ITS-90 [degree C]
* Column  4: Salinity PSS-78 [psu]
* Column  5: Sigma-theta EOS-80 [kg/m^3 - 1000]
* Column  6: Oxygen [ml/L]
* Column  7: Oxygen [umol/kg]
* Column  8: Fluorescence [volts]
* Column  9: Oxygen Reduction Potential [mV]
* Column 10: Altimeter [m]
**********
*END*
   4.00	   3.97	15.5487	33.5961	24.7693	 6.66	290.42	0.223	  143.27	 99.86
   5.00	   4.96	15.5803	33.5971	24.7631	 6.69	291.63	0.228	  143.01	 99.86
   6.00	   5.96	15.5790	33.5973	24.7636	 6.68	291.20	0.232	  143.06	 99.87
   7.00	   6.95	15.5781	33.5973	24.7638	 6.69	291.74	0.248	  143.05	 99.87
   8.00	   7.94	15.5748	33.5975	24.7647	 6.72	292.82	0.247	  142.97	 99.87
   9.00	   8.94	15.5765	33.5973	24.7641	 6.68	291.31	0.244	  142.99	 99.87
  10.00	   9.93	15.5664	33.5970	24.7662	 6.64	289.24	0.245	  142.96	 99.88
  11.00	  10.92	15.5380	33.5961	24.7719	 6.65	289.93	0.243	  142.94	 99.88
  12.00	  11.91	15.5253	33.5963	24.7749	 6.62	288.43	0.243	  142.95	 99.86
  13.00	  12.91	15.4995	33.5952	24.7798	 6.44	280.54	0.242	  142.85	 99.85
  14.00	  13.90	15.4361	33.5910	24.7906	 6.10	265.68	0.244	  142.92	 99.85
  15.00	  14.89	15.1883	33.5816	24.8380	 5.70	248.52	0.240	  143.05	 99.85
  16.00	  15.88	14.7472	33.5660	24.9217	 5.34	232.56	0.226	  143.24	 99.82
  17.00	  16.88	13.6612	33.5396	25.1289	 5.17	225.45	0.165	  143.68	 99.73
  18.00	  17.87	13.0550	33.5380	25.2499	 5.05	219.95	0.087	  143.95	 99.56
  19.00	  18.86	12.9729	33.5375	25.2659	 4.95	215.83	0.082	  143.96	 99.45
  20.00	  19.86	12.8733	33.5418	25.2889	 4.87	212.21	0.080	  144.02	 99.40
  21.00	  20.85	12.7311	33.5469	25.3208	 4.74	206.61	0.077	  144.18	 99.36
  22.00	  21.84	12.5113	33.5556	25.3703	 4.58	199.61	0.073	  144.27	 99.33
  23.00	  22.83	12.3283	33.5622	25.4107	 4.44	193.17	0.070	  144.37	 99.32
  24.00	  23.83	12.1264	33.5701	25.4553	 4.31	187.73	0.066	  144.53	 99.32
  25.00	  24.82	11.8824	33.5831	25.5114	 4.22	183.97	0.063	  144.59	 99.31
  26.00	  25.81	11.6571	33.5951	25.5627	 4.16	181.22	0.060	  144.66	 99.31
  27.00	  26.81	11.5871	33.6001	25.5795	 4.11	178.83	0.059	  144.76	 99.32
  28.00	  27.80	11.5525	33.6037	25.5887	 4.06	176.78	0.059	  144.80	 99.32
  29.00	  28.79	11.4926	33.6060	25.6015	 4.01	174.77	0.059	  144.77	 99.32
  30.00	  29.78	11.3769	33.6143	25.6291	 3.97	172.98	0.057	  144.84	 99.34
  31.00	  30.78	11.3013	33.6205	25.6478	 3.92	170.74	0.056	  144.92	 99.34
  32.00	  31.77	11.2622	33.6250	25.6583	 3.88	169.15	0.055	  144.95	 99.34
  33.00	  32.76	11.2406	33.6277	25.6644	 3.85	167.82	0.054	  145.02	 99.35
  34.00	  33.75	11.1732	33.6367	25.6836	 3.82	166.47	0.053	  145.04	 99.36
  35.00	  34.75	11.1451	33.6441	25.6945	 3.75	163.22	0.052	  145.09	 99.37
  36.00	  35.74	11.0682	33.6578	25.7190	 3.68	160.34	0.052	  145.08	 90.79
  37.00	  36.73	10.9382	33.6704	25.7520	 3.66	159.37	0.051	  145.12	 98.97
  38.00	  37.72	10.8776	33.6835	25.7730	 3.64	158.33	0.050	  145.15	 99.39
  39.00	  38.72	10.8886	33.6919	25.7776	 3.62	157.48	0.049	  145.18	 99.40
  40.00	  39.71	10.8618	33.6980	25.7871	 3.58	156.02	0.049	  145.19	 99.41
  41.00	  40.70	10.8207	33.7081	25.8023	 3.54	154.21	0.049	  145.26	 99.41
  42.00	  41.70	10.7482	33.7108	25.8172	 3.51	152.73	0.048	  145.22	 99.41
  43.00	  42.69	10.6729	33.7212	25.8386	 3.47	150.95	0.047	  145.25	 99.42
  44.00	  43.68	10.5626	33.7365	25.8697	 3.43	149.36	0.047	  145.28	 99.44
  45.00	  44.67	10.5344	33.7402	25.8776	 3.43	149.28	0.046	  145.26	 99.44
  46.00	  45.67	10.5274	33.7409	25.8794	 3.42	148.79	0.045	  145.28	 99.44
  47.00	  46.66	10.4987	33.7453	25.8878	 3.41	148.33	0.046	  145.29	 99.45
  48.00	  47.65	10.4800	33.7493	25.8942	 3.39	147.69	0.045	  145.31	 99.46
  49.00	  48.64	10.4659	33.7519	25.8987	 3.37	146.86	0.045	  145.25	 99.46
  50.00	  49.64	10.4485	33.7542	25.9035	 3.36	146.41	0.045	  145.28	 99.46
  51.00	  50.63	10.4312	33.7574	25.9090	 3.35	145.62	0.045	  145.30	 99.46
  52.00	  51.62	10.3846	33.7671	25.9247	 3.31	144.03	0.045	  145.29	 99.46
  53.00	  52.61	10.3384	33.7767	25.9402	 3.28	142.95	0.044	  145.31	 99.46
  54.00	  53.61	10.3194	33.7811	25.9468	 3.27	142.39	0.044	  145.29	 99.47
  55.00	  54.60	10.3007	33.7844	25.9527	 3.26	142.10	0.044	  145.28	 99.49
  56.00	  55.59	10.2641	33.7926	25.9653	 3.25	141.44	0.043	  145.22	 99.49
  57.00	  56.58	10.2521	33.7966	25.9706	 3.24	140.82	0.044	  145.29	 99.49
  58.00	  57.58	10.2433	33.8007	25.9753	 3.22	140.34	0.043	  145.24	 99.49
  59.00	  58.57	10.2365	33.8055	25.9802	 3.20	139.17	0.043	  145.19	 99.49
  60.00	  59.56	10.2147	33.8106	25.9879	 3.18	138.36	0.043	  145.24	 99.50
  61.00	  60.55	10.1780	33.8152	25.9978	 3.18	138.42	0.043	  145.25	 99.50
  62.00	  61.55	10.1656	33.8168	26.0012	 3.17	137.91	0.043	  145.17	 99.50
  63.00	  62.54	10.1482	33.8197	26.0065	 3.16	137.38	0.043	  145.19	 99.51
  64.00	  63.53	10.1335	33.8225	26.0111	 3.14	136.48	0.042	  145.13	 99.51
  65.00	  64.52	10.1084	33.8291	26.0206	 3.11	135.25	0.043	  145.10	 99.51
  66.00	  65.52	10.0893	33.8371	26.0301	 3.09	134.47	0.042	  145.09	 99.51
  67.00	  66.51	10.0779	33.8406	26.0348	 3.07	133.67	0.043	  145.09	 99.52
  68.00	  67.50	10.0723	33.8450	26.0392	 3.06	133.03	0.042	  145.09	 99.53
  69.00	  68.50	10.0650	33.8461	26.0413	 3.05	132.92	0.043	  145.05	 99.54
  70.00	  69.49	10.0458	33.8481	26.0461	 3.05	132.65	0.042	  145.03	 99.54
  71.00	  70.48	10.0355	33.8509	26.0500	 3.04	132.10	0.042	  145.06	 99.54
  72.00	  71.47	10.0194	33.8548	26.0559	 3.01	131.07	0.042	  145.01	 99.54
  73.00	  72.47	 9.9896	33.8623	26.0667	 2.97	129.44	0.042	  144.99	 99.54
  74.00	  73.46	 9.9803	33.8679	26.0727	 2.93	127.46	0.042	  145.02	 99.54
  75.00	  74.45	 9.9786	33.8728	26.0768	 2.92	127.08	0.042	  144.98	 99.54
  76.00	  75.44	 9.9783	33.8741	26.0779	 2.90	126.35	0.042	  144.97	 99.56
  77.00	  76.44	 9.9773	33.8765	26.0800	 2.87	125.09	0.042	  145.00	 99.56
  78.00	  77.43	 9.9647	33.8806	26.0853	 2.86	124.30	0.042	  144.98	 99.56
  79.00	  78.42	 9.9577	33.8841	26.0892	 2.85	123.96	0.041	  144.93	 99.56
  80.00	  79.41	 9.9468	33.8866	26.0930	 2.85	123.86	0.041	  144.91	 99.56
  81.00	  80.40	 9.9389	33.8891	26.0964	 2.83	123.31	0.040	  144.89	 99.57
  82.00	  81.40	 9.9356	33.8903	26.0979	 2.82	122.64	0.040	  144.87	 99.58
  83.00	  82.39	 9.9264	33.8935	26.1020	 2.80	121.78	0.040	  144.86	 99.58
  84.00	  83.38	 9.9156	33.8975	26.1068	 2.79	121.33	0.040	  144.80	 99.58
  85.00	  84.37	 9.9060	33.8999	26.1104	 2.77	120.72	0.041	  144.81	 99.58
  86.00	  85.37	 9.8914	33.9039	26.1160	 2.76	120.33	0.041	  144.86	 99.58
  87.00	  86.36	 9.8762	33.9077	26.1215	 2.74	119.39	0.041	  144.79	 99.58
  88.00	  87.35	 9.8612	33.9136	26.1286	 2.71	118.08	0.040	  144.76	 99.59
  89.00	  88.34	 9.8498	33.9173	26.1334	 2.72	118.44	0.041	  144.79	 99.59
  90.00	  89.34	 9.8445	33.9185	26.1353	 2.72	118.45	0.041	  144.74	 99.60
  91.00	  90.33	 9.8401	33.9192	26.1366	 2.71	118.12	0.041	  144.72	 99.61
  92.00	  91.32	 9.8363	33.9200	26.1379	 2.70	117.55	0.040	  144.69	 99.61
  93.00	  92.31	 9.8310	33.9214	26.1399	 2.69	117.23	0.040	  144.73	 99.61
  94.00	  93.31	 9.8244	33.9231	26.1423	 2.68	116.81	0.040	  144.68	 99.60
  95.00	  94.30	 9.8060	33.9282	26.1494	 2.68	116.46	0.040	  144.71	 99.61
  96.00	  95.29	 9.7908	33.9323	26.1552	 2.67	116.10	0.040	  144.61	 99.61
  97.00	  96.28	 9.7849	33.9339	26.1574	 2.66	115.95	0.040	  144.56	 99.61
  98.00	  97.28	 9.7795	33.9352	26.1594	 2.66	115.74	0.040	  144.59	 99.61
  99.00	  98.27	 9.7746	33.9365	26.1612	 2.66	115.75	0.040	  144.58	 99.61
 100.00	  99.26	 9.7712	33.9372	26.1623	 2.66	115.59	0.040	  144.53	 99.62
 101.00	 100.25	 9.7672	33.9381	26.1637	 2.65	115.33	0.040	  144.52	 99.62
 102.00	 101.25	 9.7526	33.9411	26.1685	 2.65	115.19	0.040	  144.54	 99.62
 103.00	 102.24	 9.7290	33.9444	26.1751	 2.64	114.72	0.040	  144.55	 99.62
 104.00	 103.23	 9.7016	33.9509	26.1846	 2.62	114.15	0.040	  144.54	 99.62
 105.00	 104.22	 9.6951	33.9535	26.1878	 2.61	113.60	0.040	  144.47	 99.62
 106.00	 105.21	 9.6736	33.9557	26.1931	 2.59	112.75	0.040	  144.46	 99.63
 107.00	 106.21	 9.6553	33.9612	26.2004	 2.57	111.90	0.040	  144.52	 99.63
 108.00	 107.20	 9.6424	33.9651	26.2056	 2.56	111.38	0.040	  144.45	 99.63
 109.00	 108.19	 9.6302	33.9692	26.2109	 2.56	111.49	0.040	  144.49	 99.63
 110.00	 109.18	 9.6256	33.9690	26.2115	 2.56	111.23	0.040	  144.37	 99.63
 111.00	 110.18	 9.6237	33.9719	26.2141	 2.54	110.66	0.041	  144.38	 99.63
 112.00	 111.17	 9.6210	33.9728	26.2152	 2.54	110.60	0.040	  144.39	 99.63
 113.00	 112.16	 9.6198	33.9735	26.2160	 2.54	110.56	0.040	  144.42	 99.63
 114.00	 113.15	 9.6180	33.9741	26.2168	 2.54	110.45	0.040	  144.32	 99.64
 115.00	 114.15	 9.6156	33.9746	26.2176	 2.54	110.53	0.040	  144.31	 99.63
 116.00	 115.14	 9.6120	33.9755	26.2189	 2.54	110.49	0.041	  144.29	 99.64
 117.00	 116.13	 9.6089	33.9761	26.2199	 2.53	110.26	0.041	  144.27	 99.63
 118.00	 117.12	 9.6060	33.9770	26.2211	 2.53	109.92	0.040	  144.28	 99.64
 119.00	 118.11	 9.6057	33.9772	26.2213	 2.52	109.68	0.040	  144.26	 99.64
 120.00	 119.11	 9.6035	33.9780	26.2223	 2.51	109.41	0.040	  144.23	 99.64
 121.00	 120.10	 9.5986	33.9793	26.2242	 2.51	109.17	0.040	  144.25	 99.65
 122.00	 121.09	 9.5946	33.9804	26.2257	 2.51	109.42	0.040	  144.25	 99.65
 123.00	 122.08	 9.5907	33.9809	26.2268	 2.52	109.66	0.040	  144.20	 99.65
 124.00	 123.08	 9.5829	33.9811	26.2283	 2.52	109.69	0.040	  144.20	 99.65
 125.00	 124.07	 9.5702	33.9818	26.2309	 2.53	109.97	0.040	  144.14	 99.65
 126.00	 125.06	 9.5617	33.9822	26.2326	 2.53	109.96	0.040	  144.16	 99.65
 127.00	 126.05	 9.5583	33.9825	26.2334	 2.52	109.70	0.040	  144.17	 99.65
 128.00	 127.05	 9.5546	33.9840	26.2352	 2.51	109.26	0.040	  144.14	 99.65
 129.00	 128.04	 9.5496	33.9847	26.2366	 2.50	108.93	0.040	  144.08	 99.65
 130.00	 129.03	 9.5459	33.9863	26.2385	 2.48	107.92	0.040	  144.10	 99.65
 131.00	 130.02	 9.5468	33.9897	26.2410	 2.45	106.61	0.041	  144.05	 99.66
 132.00	 131.01	 9.5261	33.9953	26.2488	 2.45	106.76	0.040	  144.11	 99.65
 133.00	 132.01	 9.4556	34.0003	26.2643	 2.46	107.18	0.040	  144.14	 99.66
 134.00	 133.00	 9.4228	34.0032	26.2719	 2.46	107.05	0.041	  144.07	 99.66
 135.00	 133.99	 9.4062	34.0050	26.2760	 2.46	107.14	0.040	  144.08	 99.66
 136.00	 134.98	 9.3785	34.0064	26.2816	 2.47	107.35	0.040	  144.07	 99.66
 137.00	 135.97	 9.3480	34.0100	26.2894	 2.46	107.01	0.040	  144.06	 99.66
 138.00	 136.97	 9.3392	34.0114	26.2920	 2.44	105.98	0.040	  144.11	 99.66
 139.00	 137.96	 9.3208	34.0142	26.2971	 2.43	105.79	0.040	  144.04	 99.66
 140.00	 138.95	 9.3077	34.0173	26.3017	 2.43	105.69	0.040	  144.07	 99.66
 141.00	 139.94	 9.2975	34.0199	26.3055	 2.42	105.33	0.040	  144.02	 99.66
 142.00	 140.94	 9.2911	34.0229	26.3088	 2.41	104.98	0.040	  144.03	 99.66
 143.00	 141.93	 9.2859	34.0254	26.3116	 2.41	104.96	0.040	  144.02	 99.67
 144.00	 142.92	 9.2832	34.0267	26.3131	 2.41	104.85	0.040	  144.01	 99.67
 145.00	 143.91	 9.2795	34.0284	26.3151	 2.41	104.83	0.040	  143.94	 99.67
 146.00	 144.90	 9.2777	34.0292	26.3160	 2.41	104.66	0.041	  143.89	 99.67
 147.00	 145.90	 9.2751	34.0303	26.3173	 2.40	104.39	0.040	  143.92	 99.68
 148.00	 146.89	 9.2724	34.0317	26.3188	 2.40	104.33	0.040	  143.93	 99.67
 149.00	 147.88	 9.2701	34.0332	26.3204	 2.39	104.16	0.040	  143.94	 99.67
 150.00	 148.87	 9.2695	34.0337	26.3209	 2.39	103.82	0.040	  143.90	 99.68
 151.00	 149.87	 9.2692	34.0340	26.3212	 2.39	103.83	0.040	  143.84	 99.68
 152.00	 150.86	 9.2691	34.0342	26.3214	 2.38	103.74	0.040	  143.86	 99.68
 153.00	 151.85	 9.2690	34.0343	26.3215	 2.38	103.55	0.040	  143.89	 99.68
 154.00	 152.84	 9.2686	34.0344	26.3217	 2.37	103.33	0.040	  143.82	 99.68
 155.00	 153.83	 9.2665	34.0349	26.3224	 2.38	103.42	0.040	  143.84	 99.68
 156.00	 154.83	 9.2631	34.0356	26.3235	 2.38	103.51	0.040	  143.82	 99.68
 157.00	 155.82	 9.2602	34.0360	26.3244	 2.38	103.45	0.040	  143.82	 99.68
 158.00	 156.81	 9.2574	34.0366	26.3252	 2.37	103.17	0.040	  143.82	 99.68
 159.00	 157.80	 9.2561	34.0365	26.3255	 2.36	102.79	0.040	  143.81	 99.68
 160.00	 158.79	 9.2509	34.0366	26.3264	 2.35	102.12	0.040	  143.78	 99.68
 161.00	 159.79	 9.2261	34.0390	26.3322	 2.34	101.70	0.040	  143.75	 99.68
 162.00	 160.78	 9.2045	34.0419	26.3380	 2.34	101.92	0.040	  143.77	 99.68
 163.00	 161.77	 9.1924	34.0430	26.3408	 2.34	101.72	0.040	  143.78	 99.68
 164.00	 162.76	 9.1742	34.0444	26.3448	 2.32	100.91	0.040	  143.73	 99.68
 165.00	 163.75	 9.1603	34.0453	26.3478	 2.29	 99.76	0.040	  143.74	 99.68
 166.00	 164.75	 9.1330	34.0498	26.3557	 2.29	 99.58	0.040	  143.75	 99.68
 167.00	 165.74	 9.1135	34.0549	26.3628	 2.28	 99.38	0.040	  143.76	 99.68
 168.00	 166.73	 9.1072	34.0579	26.3662	 2.28	 99.13	0.040	  143.77	 99.69
 169.00	 167.72	 9.1029	34.0623	26.3704	 2.25	 98.08	0.040	  143.76	 99.70
 170.00	 168.71	 9.0958	34.0674	26.3755	 2.24	 97.29	0.040	  143.74	 99.70
 171.00	 169.71	 9.0919	34.0690	26.3774	 2.23	 97.07	0.039	  143.79	 99.70
 172.00	 170.70	 9.0905	34.0700	26.3784	 2.22	 96.58	0.039	  143.76	 99.70
 173.00	 171.69	 9.0890	34.0709	26.3793	 2.20	 95.67	0.040	  143.76	 99.71
 174.00	 172.68	 9.0844	34.0725	26.3814	 2.16	 94.07	0.040	  143.73	 99.71
 175.00	 173.67	 9.0764	34.0745	26.3842	 2.12	 92.41	0.040	  143.74	 99.71
 176.00	 174.67	 9.0717	34.0755	26.3858	 2.11	 91.81	0.040	  143.75	 99.71
 177.00	 175.66	 9.0693	34.0762	26.3868	 2.10	 91.52	0.040	  143.77	 99.71
 178.00	 176.65	 9.0678	34.0769	26.3875	 2.09	 90.82	0.040	  143.76	 99.72
 179.00	 177.64	 9.0653	34.0778	26.3887	 2.00	 86.86	0.040	  143.67	 99.73
 180.00	 178.63	 9.0727	34.0844	26.3927	 1.79	 77.73	0.040	  143.71	 99.73
 181.00	 179.63	 9.0785	34.0904	26.3964	 1.70	 73.76	0.040	  143.74	 99.73
 182.00	 180.62	 9.1067	34.1033	26.4020	 1.67	 72.87	0.040	  143.78	 99.73
 183.00	 181.61	 9.1254	34.1093	26.4038	 1.70	 73.79	0.040	  143.84	 99.73
 184.00	 182.60	 9.1339	34.1117	26.4043	 1.70	 73.95	0.040	  143.83	 99.75
 185.00	 183.59	 9.1367	34.1129	26.4048	 1.67	 72.54	0.040	  143.79	 99.78
 186.00	 184.59	 9.1389	34.1137	26.4051	 1.67	 72.68	0.040	  143.78	 99.78
 187.00	 185.58	 9.1391	34.1146	26.4058	 1.67	 72.53	0.040	  143.86	 99.79
 188.00	 186.57	 9.1317	34.1161	26.4082	 1.67	 72.50	0.040	  143.80	 99.79
 189.00	 187.56	 9.1249	34.1173	26.4103	 1.66	 72.44	0.040	  143.86	 99.79
 190.00	 188.55	 9.1191	34.1174	26.4112	 1.66	 72.41	0.041	  143.82	 99.80
 191.00	 189.55	 9.1068	34.1180	26.4138	 1.66	 72.10	0.040	  143.78	 99.80
 192.00	 190.54	 9.0992	34.1191	26.4158	 1.63	 71.04	0.040	  143.80	 99.80
 193.00	 191.53	 9.0934	34.1208	26.4181	 1.62	 70.31	0.040	  143.83	 99.80
 194.00	 192.52	 9.0680	34.1262	26.4263	 1.62	 70.31	0.040	  143.82	 99.80
 195.00	 193.51	 9.0469	34.1295	26.4323	 1.62	 70.61	0.040	  143.85	 99.80
 196.00	 194.51	 9.0332	34.1322	26.4366	 1.62	 70.50	0.040	  143.83	 99.80
 197.00	 195.50	 9.0240	34.1337	26.4393	 1.61	 70.10	0.040	  143.79	 99.80
 198.00	 196.49	 9.0187	34.1350	26.4412	 1.61	 70.04	0.040	  143.79	 99.80
 199.00	 197.48	 9.0121	34.1364	26.4433	 1.61	 69.87	0.040	  143.79	 99.80
 200.00	 198.47	 9.0078	34.1377	26.4450	 1.60	 69.75	0.040	  143.74	 99.80
 201.00	 199.47	 9.0012	34.1399	26.4478	 1.60	 69.53	0.040	  143.77	 99.81
 202.00	 200.46	 8.9979	34.1409	26.4492	 1.59	 69.26	0.040	  143.75	 99.80
 203.00	 201.45	 8.9956	34.1415	26.4500	 1.59	 69.09	0.040	  143.76	 99.80
 204.00	 202.44	 8.9928	34.1421	26.4509	 1.58	 68.63	0.040	  143.77	 99.81
 205.00	 203.43	 8.9887	34.1430	26.4523	 1.56	 68.06	0.040	  143.83	 99.80
 206.00	 204.42	 8.9838	34.1443	26.4542	 1.55	 67.65	0.040	  143.78	 99.80
 207.00	 205.42	 8.9662	34.1478	26.4597	 1.55	 67.57	0.041	  143.75	 99.81
 208.00	 206.41	 8.9536	34.1512	26.4644	 1.55	 67.46	0.041	  143.78	 99.81
 209.00	 207.40	 8.9440	34.1535	26.4677	 1.53	 66.75	0.040	  143.72	 99.82
 210.00	 208.39	 8.9285	34.1568	26.4727	 1.51	 65.56	0.040	  143.76	 99.82
 211.00	 209.38	 8.9216	34.1577	26.4745	 1.48	 64.42	0.040	  143.80	 99.82
 212.00	 210.38	 8.9079	34.1594	26.4780	 1.46	 63.58	0.040	  143.73	 99.82
 213.00	 211.37	 8.8913	34.1625	26.4831	 1.45	 62.98	0.040	  143.83	 99.83
 214.00	 212.36	 8.8803	34.1640	26.4861	 1.44	 62.72	0.040	  143.77	 99.83
 215.00	 213.35	 8.8604	34.1675	26.4919	 1.44	 62.59	0.040	  143.81	 99.83
 216.00	 214.34	 8.8508	34.1701	26.4955	 1.43	 62.07	0.040	  143.76	 99.83
 217.00	 215.33	 8.8422	34.1722	26.4985	 1.42	 61.67	0.040	  143.79	 99.83
 218.00	 216.33	 8.8338	34.1735	26.5008	 1.42	 61.67	0.040	  143.74	 99.83
 219.00	 217.32	 8.8311	34.1743	26.5020	 1.41	 61.47	0.040	  143.79	 99.83
 220.00	 218.31	 8.8290	34.1750	26.5028	 1.41	 61.42	0.040	  143.76	 99.83
 221.00	 219.30	 8.8278	34.1756	26.5035	 1.41	 61.42	0.040	  143.74	 99.84
 222.00	 220.29	 8.8272	34.1758	26.5038	 1.41	 61.29	0.040	  143.77	 99.84
 223.00	 221.29	 8.8239	34.1768	26.5051	 1.40	 61.03	0.040	  143.80	 99.83
 224.00	 222.28	 8.8208	34.1777	26.5063	 1.40	 60.79	0.040	  143.75	 99.83
 225.00	 223.27	 8.8191	34.1782	26.5069	 1.40	 60.73	0.040	  143.83	 99.84
 226.00	 224.26	 8.8182	34.1785	26.5074	 1.40	 60.74	0.040	  143.78	 99.84
 227.00	 225.25	 8.8156	34.1789	26.5081	 1.39	 60.57	0.040	  143.80	 99.84
 228.00	 226.24	 8.8125	34.1796	26.5091	 1.39	 60.49	0.040	  143.74	 99.84
 229.00	 227.24	 8.8095	34.1799	26.5098	 1.38	 60.07	0.040	  143.75	 99.84
 230.00	 228.23	 8.8050	34.1810	26.5114	 1.36	 59.30	0.040	  143.76	 99.84
 231.00	 229.22	 8.7951	34.1830	26.5146	 1.36	 59.22	0.040	  143.71	 99.84
 232.00	 230.21	 8.7898	34.1839	26.5161	 1.35	 58.73	0.040	  143.76	 99.84
 233.00	 231.20	 8.7848	34.1846	26.5175	 1.34	 58.12	0.040	  143.75	 99.85
 234.00	 232.19	 8.7689	34.1867	26.5216	 1.33	 57.82	0.040	  143.78	 99.85
 235.00	 233.19	 8.7457	34.1879	26.5262	 1.32	 57.60	0.040	  143.79	 99.85
 236.00	 234.18	 8.7341	34.1897	26.5295	 1.32	 57.27	0.040	  143.78	 99.85
 237.00	 235.17	 8.7397	34.1913	26.5298	 1.31	 57.11	0.040	  143.74	 99.85
 238.00	 236.16	 8.7414	34.1917	26.5299	 1.30	 56.69	0.040	  143.75	 99.85
 239.00	 237.15	 8.7436	34.1930	26.5306	 1.30	 56.37	0.040	  143.73	 99.85
 240.00	 238.15	 8.7447	34.1939	26.5312	 1.29	 56.32	0.041	  143.70	 99.85
 241.00	 239.14	 8.7447	34.1947	26.5318	 1.29	 56.21	0.040	  143.76	 99.85
 242.00	 240.13	 8.7415	34.1953	26.5327	 1.28	 55.88	0.040	  143.73	 99.85
 243.00	 241.12	 8.7283	34.1964	26.5357	 1.27	 55.06	0.040	  143.75	 99.85
 244.00	 242.11	 8.7093	34.1991	26.5408	 1.25	 54.57	0.040	  143.73	 99.85
 245.00	 243.10	 8.6983	34.2000	26.5432	 1.26	 54.75	0.040	  143.76	 99.85
 246.00	 244.10	 8.6884	34.2013	26.5458	 1.28	 55.52	0.040	  143.73	 99.85
 247.00	 245.09	 8.6818	34.2002	26.5460	 1.30	 56.73	0.040	  143.78	 99.85
 248.00	 246.08	 8.6559	34.1960	26.5467	 1.34	 58.13	0.040	  143.81	 99.85
 249.00	 247.07	 8.6056	34.1893	26.5493	 1.36	 59.32	0.040	  143.79	 99.86
 250.00	 248.06	 8.5809	34.1861	26.5506	 1.38	 60.01	0.040	  143.75	 99.86
 251.00	 249.05	 8.5404	34.1811	26.5529	 1.38	 59.88	0.040	  143.74	 99.86
 252.00	 250.04	 8.5182	34.1809	26.5562	 1.36	 59.22	0.040	  143.75	 99.85
 253.00	 251.04	 8.5162	34.1806	26.5563	 1.35	 58.83	0.040	  143.75	 99.85
 254.00	 252.03	 8.4955	34.1806	26.5595	 1.35	 58.75	0.040	  143.81	 99.85
 255.00	 253.02	 8.4679	34.1813	26.5642	 1.35	 58.61	0.040	  143.79	 99.85
 256.00	 254.01	 8.4546	34.1809	26.5660	 1.34	 58.19	0.040	  143.74	 99.85
 257.00	 255.00	 8.4526	34.1823	26.5674	 1.33	 57.77	0.040	  143.75	 99.85
 258.00	 255.99	 8.4521	34.1828	26.5679	 1.33	 57.80	0.040	  143.74	 99.85
 259.00	 256.99	 8.4447	34.1827	26.5690	 1.33	 57.64	0.040	  143.73	 99.85
 260.00	 257.98	 8.4459	34.1836	26.5695	 1.32	 57.41	0.040	  143.66	 99.85
 261.00	 258.97	 8.4447	34.1839	26.5699	 1.31	 56.88	0.040	  143.70	 99.85
 262.00	 259.96	 8.4457	34.1847	26.5705	 1.30	 56.49	0.040	  143.72	 99.85
 263.00	 260.95	 8.4436	34.1859	26.5717	 1.30	 56.39	0.040	  143.72	 99.85
 264.00	 261.94	 8.4366	34.1872	26.5738	 1.30	 56.39	0.040	  143.73	 99.85
 265.00	 262.94	 8.4357	34.1878	26.5744	 1.29	 56.26	0.040	  143.71	 99.85
 266.00	 263.93	 8.4364	34.1885	26.5749	 1.29	 56.00	0.040	  143.77	 99.85
 267.00	 264.92	 8.4328	34.1887	26.5756	 1.28	 55.89	0.040	  143.69	 99.85
 268.00	 265.91	 8.4305	34.1892	26.5764	 1.29	 56.20	0.041	  143.65	 99.86
 269.00	 266.90	 8.4256	34.1885	26.5766	 1.29	 56.29	0.040	  143.65	 99.86
 270.00	 267.89	 8.4125	34.1871	26.5775	 1.28	 55.90	0.040	  143.66	 99.86
 271.00	 268.89	 8.4156	34.1891	26.5786	 1.27	 55.18	0.040	  143.67	 99.85
 272.00	 269.88	 8.4263	34.1920	26.5793	 1.26	 54.67	0.040	  143.61	 99.86
 273.00	 270.87	 8.4215	34.1921	26.5801	 1.23	 53.68	0.041	  143.65	 99.87
 274.00	 271.86	 8.4150	34.1916	26.5807	 1.20	 52.25	0.040	  143.62	 99.86
 275.00	 272.85	 8.4024	34.1951	26.5854	 1.18	 51.44	0.040	  143.65	 99.86
 276.00	 273.84	 8.3931	34.1999	26.5906	 1.17	 51.09	0.040	  143.63	 99.87
 277.00	 274.83	 8.3952	34.2032	26.5929	 1.17	 50.73	0.040	  143.62	 99.87
 278.00	 275.83	 8.3879	34.2053	26.5956	 1.16	 50.37	0.040	  143.71	 99.87
 279.00	 276.82	 8.3773	34.2066	26.5983	 1.15	 50.04	0.040	  143.64	 99.88
 280.00	 277.81	 8.3452	34.2070	26.6035	 1.16	 50.36	0.040	  143.67	 99.88
 281.00	 278.80	 8.3286	34.2038	26.6035	 1.16	 50.55	0.040	  143.67	 99.88
 282.00	 279.79	 8.3074	34.2016	26.6050	 1.16	 50.40	0.040	  143.68	 99.88
 283.00	 280.78	 8.2840	34.2004	26.6076	 1.15	 50.17	0.040	  143.65	 99.88
 284.00	 281.77	 8.2528	34.2005	26.6124	 1.13	 49.16	0.040	  143.67	 99.88
 285.00	 282.77	 8.2424	34.2032	26.6161	 1.09	 47.59	0.040	  143.64	 99.88
 286.00	 283.76	 8.2123	34.2052	26.6222	 1.07	 46.75	0.041	  143.65	 99.88
 287.00	 284.75	 8.1990	34.2102	26.6282	 1.07	 46.51	0.041	  143.67	 99.88
 288.00	 285.74	 8.1986	34.2105	26.6285	 1.06	 46.08	0.040	  143.67	 99.88
 289.00	 286.73	 8.1912	34.2115	26.6304	 1.05	 45.88	0.040	  143.70	 99.88
 290.00	 287.72	 8.1783	34.2141	26.6344	 1.05	 45.84	0.040	  143.67	 99.89
 291.00	 288.72	 8.1742	34.2145	26.6354	 1.05	 45.68	0.040	  143.60	 99.89
 292.00	 289.71	 8.1733	34.2147	26.6356	 1.05	 45.60	0.040	  143.64	 99.89
 293.00	 290.70	 8.1737	34.2149	26.6357	 1.05	 45.65	0.040	  143.59	 99.90
 294.00	 291.69	 8.1737	34.2149	26.6357	 1.04	 45.43	0.040	  143.63	 99.90
 295.00	 292.68	 8.1684	34.2157	26.6372	 1.04	 45.19	0.040	  143.60	 99.90
 296.00	 293.67	 8.1648	34.2163	26.6382	 1.03	 44.93	0.040	  143.59	 99.90
 297.00	 294.66	 8.1598	34.2170	26.6396	 1.03	 44.67	0.040	  143.65	 99.90
 298.00	 295.66	 8.1557	34.2177	26.6407	 1.02	 44.51	0.040	  143.62	 99.90
 299.00	 296.65	 8.1547	34.2181	26.6412	 1.02	 44.44	0.041	  143.58	 99.90
 300.00	 297.64	 8.1533	34.2182	26.6415	 1.02	 44.45	0.040	  143.62	 99.90
 301.00	 298.63	 8.1534	34.2184	26.6417	 1.02	 44.50	0.040	  143.63	 99.90
 302.00	 299.62	 8.1528	34.2183	26.6417	 1.02	 44.41	0.040	  143.57	 99.90
 303.00	 300.61	 8.1514	34.2182	26.6419	 1.02	 44.33	0.040	  143.59	 99.90
 304.00	 301.60	 8.1454	34.2179	26.6425	 1.02	 44.31	0.040	  143.59	 99.90
 305.00	 302.60	 8.1280	34.2159	26.6436	 1.02	 44.20	0.040	  143.62	 99.90
 306.00	 303.59	 8.1081	34.2152	26.6460	 1.01	 43.79	0.040	  143.64	 99.90
 307.00	 304.58	 8.0981	34.2148	26.6472	 1.00	 43.46	0.040	  143.62	 99.90
 308.00	 305.57	 8.0830	34.2155	26.6500	 0.99	 42.92	0.040	  143.59	 99.90
 309.00	 306.56	 8.0681	34.2169	26.6534	 0.97	 42.40	0.040	  143.65	 99.90
 310.00	 307.55	 8.0576	34.2193	26.6568	 0.96	 41.83	0.040	  143.58	 99.90
 311.00	 308.54	 8.0513	34.2200	26.6583	 0.95	 41.15	0.040	  143.64	 99.90
 312.00	 309.53	 8.0380	34.2225	26.6622	 0.94	 40.72	0.041	  143.68	 99.90
 313.00	 310.53	 8.0399	34.2271	26.6656	 0.93	 40.60	0.040	  143.62	 99.90
 314.00	 311.52	 8.0321	34.2265	26.6663	 0.93	 40.43	0.040	  143.58	 99.91
 315.00	 312.51	 8.0309	34.2268	26.6667	 0.93	 40.38	0.040	  143.65	 99.90
 316.00	 313.50	 8.0302	34.2273	26.6672	 0.93	 40.35	0.040	  143.61	 99.91
 317.00	 314.49	 8.0316	34.2283	26.6678	 0.92	 40.12	0.040	  143.61	 99.91
 318.00	 315.48	 8.0279	34.2290	26.6689	 0.92	 39.88	0.040	  143.62	 99.91
 319.00	 316.47	 8.0267	34.2306	26.6704	 0.91	 39.63	0.040	  143.61	 99.91
 320.00	 317.47	 8.0246	34.2313	26.6713	 0.90	 39.27	0.040	  143.61	 99.92
 321.00	 318.46	 8.0102	34.2309	26.6731	 0.89	 38.85	0.040	  143.62	 99.92
 322.00	 319.45	 8.0027	34.2325	26.6755	 0.89	 38.55	0.040	  143.59	 99.92
 323.00	 320.44	 7.9751	34.2303	26.6779	 0.89	 38.54	0.040	  143.55	 99.92
 324.00	 321.43	 7.9634	34.2307	26.6799	 0.88	 38.45	0.040	  143.58	 99.92
 325.00	 322.42	 7.9562	34.2301	26.6805	 0.88	 38.12	0.040	  143.59	 99.93
 326.00	 323.41	 7.9418	34.2286	26.6815	 0.86	 37.38	0.040	  143.56	 99.93
 327.00	 324.40	 7.9108	34.2256	26.6837	 0.84	 36.32	0.040	  143.58	 99.93
 328.00	 325.40	 7.8729	34.2298	26.6926	 0.81	 35.35	0.040	  143.57	 99.93
 329.00	 326.39	 7.8482	34.2348	26.7001	 0.80	 34.81	0.040	  143.59	 99.93
 330.00	 327.38	 7.8315	34.2379	26.7050	 0.80	 34.63	0.041	  143.59	 99.93
 331.00	 328.37	 7.8283	34.2382	26.7057	 0.80	 34.76	0.041	  143.61	 99.93
 332.00	 329.36	 7.8258	34.2386	26.7064	 0.80	 34.66	0.040	  143.63	 99.93
 333.00	 330.35	 7.8237	34.2390	26.7070	 0.79	 34.37	0.040	  143.61	 99.93
 334.00	 331.34	 7.8195	34.2398	26.7083	 0.78	 34.05	0.040	  143.61	 99.93
 335.00	 332.33	 7.8148	34.2401	26.7092	 0.77	 33.53	0.040	  143.61	 99.93
 336.00	 333.33	 7.8043	34.2410	26.7115	 0.75	 32.72	0.041	  143.63	 99.93
 337.00	 334.32	 7.7903	34.2416	26.7140	 0.72	 31.32	0.041	  143.58	 99.93
 338.00	 335.31	 7.7654	34.2389	26.7155	 0.69	 29.95	0.040	  143.67	 99.93
 339.00	 336.30	 7.7321	34.2366	26.7186	 0.67	 29.17	0.040	  143.62	 99.93
 340.00	 337.29	 7.6995	34.2337	26.7210	 0.67	 28.94	0.041	  143.68	 99.93
 341.00	 338.28	 7.6895	34.2332	26.7221	 0.66	 28.87	0.041	  143.65	 99.94
 342.00	 339.27	 7.6894	34.2332	26.7221	 0.66	 28.65	0.041	  143.65	 99.94
 343.00	 340.26	 7.6847	34.2325	26.7223	 0.65	 28.46	0.041	  143.62	 99.95
 344.00	 341.26	 7.6772	34.2321	26.7231	 0.65	 28.37	0.041	  143.62	 99.95
 345.00	 342.25	 7.6763	34.2321	26.7232	 0.65	 28.30	0.040	  143.63	 99.95
 346.00	 343.24	 7.6755	34.2325	26.7236	 0.65	 28.18	0.040	  143.61	 99.95
 347.00	 344.23	 7.6737	34.2327	26.7240	 0.65	 28.17	0.040	  143.64	 99.95
 348.00	 345.22	 7.6730	34.2330	26.7244	 0.65	 28.20	0.040	  143.58	 99.95
 349.00	 346.21	 7.6718	34.2329	26.7246	 0.65	 28.12	0.040	  143.60	 99.95
 350.00	 347.20	 7.6723	34.2334	26.7249	 0.65	 28.26	0.040	  143.62	 99.95
 351.00	 348.19	 7.6726	34.2336	26.7250	 0.65	 28.37	0.041	  143.57	 99.95
 352.00	 349.18	 7.6744	34.2347	26.7256	 0.66	 28.54	0.040	  143.63	 99.95
 353.00	 350.18	 7.6771	34.2368	26.7269	 0.66	 28.69	0.040	  143.60	 99.95
 354.00	 351.17	 7.6797	34.2392	26.7284	 0.66	 28.84	0.041	  143.57	 99.95
 355.00	 352.16	 7.6809	34.2399	26.7288	 0.67	 28.97	0.040	  143.56	 99.95
 356.00	 353.15	 7.6834	34.2409	26.7292	 0.67	 29.14	0.041	  143.55	 99.95
 357.00	 354.14	 7.6864	34.2420	26.7297	 0.67	 29.24	0.042	  143.56	 99.95
 358.00	 355.13	 7.6904	34.2433	26.7301	 0.67	 29.20	0.040	  143.48	 99.95
 359.00	 356.12	 7.6881	34.2439	26.7310	 0.67	 29.05	0.041	  143.54	 99.95
 360.00	 357.11	 7.6789	34.2438	26.7322	 0.66	 28.77	0.041	  143.54	 99.95
 361.00	 358.11	 7.6695	34.2430	26.7330	 0.65	 28.48	0.040	  143.52	 99.95
 362.00	 359.10	 7.6545	34.2419	26.7343	 0.65	 28.27	0.040	  143.51	 99.95
 363.00	 360.09	 7.6191	34.2414	26.7390	 0.64	 27.95	0.040	  143.51	 99.95
 364.00	 361.08	 7.5973	34.2415	26.7422	 0.64	 27.85	0.040	  143.56	 99.95
 365.00	 362.07	 7.5757	34.2426	26.7462	 0.64	 27.69	0.041	  143.54	 99.95
 366.00	 363.06	 7.5669	34.2435	26.7482	 0.63	 27.44	0.041	  143.52	 99.95
 367.00	 364.05	 7.5598	34.2442	26.7498	 0.63	 27.48	0.040	  143.52	 99.95
 368.00	 365.04	 7.5563	34.2447	26.7507	 0.63	 27.42	0.040	  143.49	 99.95
 369.00	 366.03	 7.5547	34.2450	26.7512	 0.63	 27.35	0.041	  143.54	 99.95
 370.00	 367.02	 7.5519	34.2451	26.7516	 0.63	 27.37	0.041	  143.52	 99.95
 371.00	 368.02	 7.5486	34.2450	26.7521	 0.63	 27.35	0.041	  143.49	 99.95
 372.00	 369.01	 7.5459	34.2449	26.7524	 0.63	 27.25	0.040	  143.50	 99.95
 373.00	 370.00	 7.5438	34.2450	26.7528	 0.62	 27.08	0.041	  143.48	 99.95
 374.00	 370.99	 7.5428	34.2449	26.7529	 0.62	 27.03	0.041	  143.49	 99.95
 375.00	 371.98	 7.5383	34.2447	26.7533	 0.62	 27.10	0.042	  143.51	 99.95
 376.00	 372.97	 7.5327	34.2453	26.7546	 0.62	 27.07	0.042	  143.53	 99.95
 377.00	 373.96	 7.5290	34.2462	26.7559	 0.62	 26.93	0.041	  143.50	 99.95
 378.00	 374.95	 7.5268	34.2471	26.7569	 0.62	 26.91	0.040	  143.49	 99.95
 379.00	 375.94	 7.5247	34.2482	26.7581	 0.62	 26.93	0.040	  143.51	 99.95
 380.00	 376.94	 7.5207	34.2493	26.7595	 0.62	 26.79	0.040	  143.48	 99.95
 381.00	 377.93	 7.5168	34.2503	26.7609	 0.61	 26.75	0.040	  143.49	 99.96
 382.00	 378.92	 7.5120	34.2517	26.7627	 0.61	 26.67	0.041	  143.46	 99.95
 383.00	 379.91	 7.4978	34.2575	26.7693	 0.61	 26.40	0.041	  143.51	 99.95
 384.00	 380.90	 7.4905	34.2581	26.7708	 0.60	 26.23	0.040	  143.42	 99.95
 385.00	 381.89	 7.4776	34.2587	26.7732	 0.60	 26.12	0.041	  143.46	 99.95
 386.00	 382.88	 7.4663	34.2590	26.7750	 0.60	 25.96	0.041	  143.48	 99.95
 387.00	 383.87	 7.4614	34.2593	26.7760	 0.59	 25.85	0.041	  143.46	 99.95
 388.00	 384.86	 7.4579	34.2599	26.7770	 0.59	 25.79	0.041	  143.44	 99.95
 389.00	 385.85	 7.4527	34.2606	26.7782	 0.59	 25.66	0.041	  143.37	 99.96
 390.00	 386.85	 7.4465	34.2607	26.7792	 0.58	 25.43	0.040	  143.43	 99.95
 391.00	 387.84	 7.4415	34.2604	26.7797	 0.58	 25.35	0.041	  143.40	 99.95
 392.00	 388.83	 7.4369	34.2605	26.7804	 0.58	 25.35	0.041	  143.35	 99.96
 393.00	 389.82	 7.4310	34.2604	26.7812	 0.58	 25.27	0.041	  143.39	 99.95
 394.00	 390.81	 7.4264	34.2601	26.7816	 0.58	 25.34	0.041	  143.43	 99.95
 395.00	 391.80	 7.4202	34.2601	26.7825	 0.57	 24.91	0.040	  143.38	 99.96
 396.00	 392.79	 7.4092	34.2596	26.7837	 0.56	 24.30	0.040	  143.40	 99.96
 397.00	 393.78	 7.3788	34.2579	26.7867	 0.55	 23.96	0.040	  143.40	 99.97
 398.00	 394.77	 7.3435	34.2599	26.7932	 0.55	 23.88	0.040	  143.43	 99.96
 399.00	 395.76	 7.3491	34.2649	26.7964	 0.55	 23.95	0.042	  143.34	 99.96
 400.00	 396.76	 7.3552	34.2667	26.7969	 0.55	 23.88	0.040	  143.32	 99.97
 401.00	 397.75	 7.3585	34.2679	26.7975	 0.55	 23.92	0.040	  143.39	 99.97
 402.00	 398.74	 7.3618	34.2691	26.7980	 0.55	 24.06	0.040	  143.37	 99.96
 403.00	 399.73	 7.3661	34.2709	26.7988	 0.55	 24.07	0.040	  143.36	 99.97
 404.00	 400.72	 7.3681	34.2724	26.7997	 0.55	 24.07	0.040	  143.33	 99.97
 405.00	 401.71	 7.3683	34.2729	26.8000	 0.55	 23.88	0.040	  143.35	 99.97
 406.00	 402.70	 7.3702	34.2747	26.8013	 0.54	 23.68	0.040	  143.33	 99.97
 407.00	 403.69	 7.3668	34.2783	26.8046	 0.55	 23.82	0.040	  143.36	 99.97
 408.00	 404.68	 7.3634	34.2793	26.8058	 0.54	 23.65	0.041	  143.35	 99.97
 409.00	 405.67	 7.3616	34.2794	26.8062	 0.54	 23.63	0.041	  143.37	 99.97
 410.00	 406.66	 7.3600	34.2794	26.8064	 0.54	 23.67	0.040	  143.37	 99.97
 411.00	 407.66	 7.3576	34.2790	26.8065	 0.54	 23.62	0.040	  143.35	 99.97
 412.00	 408.65	 7.3504	34.2795	26.8079	 0.54	 23.59	0.041	  143.34	 99.97
 413.00	 409.64	 7.3433	34.2797	26.8091	 0.54	 23.36	0.041	  143.33	 99.97
 414.00	 410.63	 7.3307	34.2796	26.8107	 0.53	 23.10	0.041	  143.35	 99.98
 415.00	 411.62	 7.3183	34.2811	26.8137	 0.53	 22.94	0.040	  143.32	 99.98
 416.00	 412.61	 7.3055	34.2820	26.8162	 0.52	 22.73	0.042	  143.34	 99.98
 417.00	 413.60	 7.2899	34.2833	26.8195	 0.52	 22.66	0.040	  143.30	 99.97
 418.00	 414.59	 7.2836	34.2838	26.8208	 0.52	 22.64	0.041	  143.31	 99.97
 419.00	 415.58	 7.2793	34.2841	26.8215	 0.52	 22.58	0.041	  143.31	 99.98
 420.00	 416.57	 7.2717	34.2848	26.8232	 0.52	 22.51	0.041	  143.37	 99.97
 421.00	 417.56	 7.2686	34.2854	26.8242	 0.52	 22.45	0.042	  143.31	 99.98
 422.00	 418.55	 7.2683	34.2859	26.8246	 0.51	 22.39	0.042	  143.26	 99.98
 423.00	 419.55	 7.2684	34.2858	26.8245	 0.52	 22.45	0.041	  143.28	 99.98
 424.00	 420.54	 7.2685	34.2860	26.8246	 0.51	 22.34	0.040	  143.30	 99.98
 425.00	 421.53	 7.2689	34.2861	26.8247	 0.51	 22.29	0.040	  143.27	 99.98
 426.00	 422.52	 7.2691	34.2862	26.8247	 0.51	 22.37	0.040	  143.26	 99.98
 427.00	 423.51	 7.2689	34.2865	26.8251	 0.51	 22.34	0.040	  143.28	 99.98
 428.00	 424.50	 7.2688	34.2865	26.8251	 0.51	 22.28	0.040	  143.25	 99.98
 429.00	 425.49	 7.2685	34.2867	26.8252	 0.51	 22.13	0.041	  143.30	 99.98
 430.00	 426.48	 7.2592	34.2868	26.8266	 0.51	 21.98	0.041	  143.24	 99.98
 431.00	 427.47	 7.2507	34.2873	26.8283	 0.51	 22.03	0.041	  143.26	 99.98
 432.00	 428.46	 7.2477	34.2877	26.8290	 0.50	 21.94	0.041	  143.23	 99.98
 433.00	 429.45	 7.2475	34.2877	26.8291	 0.51	 22.01	0.040	  143.22	 99.98
 434.00	 430.44	 7.2397	34.2878	26.8302	 0.51	 22.04	0.042	  143.20	 99.98
 435.00	 431.43	 7.2360	34.2881	26.8310	 0.50	 21.80	0.042	  143.24	 99.98
 436.00	 432.43	 7.2304	34.2882	26.8318	 0.50	 21.56	0.041	  143.19	 99.98
 437.00	 433.42	 7.2281	34.2884	26.8324	 0.50	 21.70	0.041	  143.26	 99.98
 438.00	 434.41	 7.2258	34.2885	26.8327	 0.50	 21.70	0.041	  143.23	 99.98
 439.00	 435.40	 7.2222	34.2887	26.8335	 0.50	 21.57	0.040	  143.21	 99.98
 440.00	 436.39	 7.2176	34.2887	26.8341	 0.50	 21.59	0.041	  143.19	 99.98
 441.00	 437.38	 7.2100	34.2891	26.8355	 0.49	 21.53	0.041	  143.17	 99.98
 442.00	 438.37	 7.2088	34.2892	26.8358	 0.49	 21.39	0.040	  143.13	 99.98
 443.00	 439.36	 7.2063	34.2891	26.8360	 0.49	 21.41	0.040	  143.18	 99.98
 444.00	 440.35	 7.1987	34.2890	26.8370	 0.49	 21.19	0.040	  143.12	 99.98
 445.00	 441.34	 7.1879	34.2894	26.8388	 0.49	 21.20	0.040	  143.13	 99.98
 446.00	 442.33	 7.1811	34.2902	26.8404	 0.49	 21.24	0.040	  143.15	 99.98
 447.00	 443.32	 7.1810	34.2898	26.8402	 0.49	 21.15	0.040	  143.17	 99.98
 448.00	 444.31	 7.1776	34.2901	26.8409	 0.49	 21.21	0.041	  143.15	 99.98
 449.00	 445.31	 7.1788	34.2903	26.8408	 0.49	 21.21	0.041	  143.08	 99.98
 450.00	 446.30	 7.1793	34.2904	26.8409	 0.49	 21.12	0.040	  143.11	 99.98
 451.00	 447.29	 7.1793	34.2903	26.8408	 0.49	 21.13	0.040	  143.09	 99.98
 452.00	 448.28	 7.1807	34.2900	26.8405	 0.49	 21.24	0.040	  143.11	 99.98
 453.00	 449.27	 7.1817	34.2902	26.8404	 0.49	 21.19	0.040	  143.10	 99.98
 454.00	 450.26	 7.1841	34.2900	26.8399	 0.48	 21.03	0.041	  143.07	 99.98
 455.00	 451.25	 7.1776	34.2900	26.8409	 0.48	 20.82	0.041	  143.11	 99.98
 456.00	 452.24	 7.1684	34.2910	26.8430	 0.48	 20.90	0.041	  143.07	 99.98
 457.00	 453.23	 7.1641	34.2913	26.8438	 0.48	 20.74	0.041	  143.08	 99.98
 458.00	 454.22	 7.1583	34.2916	26.8449	 0.48	 20.71	0.040	  143.13	 99.98
 459.00	 455.21	 7.1527	34.2920	26.8460	 0.48	 20.71	0.041	  143.08	 99.98
 460.00	 456.20	 7.1470	34.2921	26.8468	 0.47	 20.61	0.040	  143.10	 99.98
 461.00	 457.19	 7.1455	34.2922	26.8472	 0.47	 20.52	0.041	  143.13	 99.98
 462.00	 458.18	 7.1414	34.2923	26.8478	 0.47	 20.61	0.040	  143.07	 99.98
 463.00	 459.17	 7.1349	34.2924	26.8488	 0.47	 20.62	0.040	  143.05	 99.98
 464.00	 460.17	 7.1300	34.2926	26.8496	 0.47	 20.45	0.040	  143.07	 99.98
 465.00	 461.16	 7.1263	34.2927	26.8502	 0.47	 20.38	0.040	  143.10	 99.98
 466.00	 462.15	 7.1227	34.2928	26.8508	 0.47	 20.31	0.040	  143.06	 99.98
 467.00	 463.14	 7.1160	34.2932	26.8521	 0.46	 20.17	0.040	  143.07	 99.98
 468.00	 464.13	 7.1056	34.2924	26.8529	 0.46	 20.04	0.040	  143.03	 99.98
 469.00	 465.12	 7.0763	34.2925	26.8570	 0.45	 19.74	0.042	  143.07	 99.98
 470.00	 466.11	 7.0530	34.2932	26.8609	 0.45	 19.71	0.040	  143.07	 99.98
 471.00	 467.10	 7.0362	34.2941	26.8639	 0.45	 19.58	0.041	  143.02	 99.98
 472.00	 468.09	 7.0270	34.2943	26.8653	 0.44	 19.20	0.040	  143.08	 99.98
 473.00	 469.08	 7.0121	34.2945	26.8675	 0.44	 19.25	0.040	  143.04	 99.98
 474.00	 470.07	 7.0020	34.2954	26.8696	 0.44	 19.09	0.040	  143.03	 99.98
 475.00	 471.06	 6.9971	34.2958	26.8706	 0.44	 18.96	0.040	  143.09	 99.98
 476.00	 472.05	 6.9916	34.2959	26.8714	 0.44	 19.04	0.040	  142.99	 99.98
 477.00	 473.04	 6.9837	34.2964	26.8729	 0.43	 18.75	0.040	  143.11	 99.98
 478.00	 474.03	 6.9800	34.2959	26.8730	 0.43	 18.60	0.041	  143.05	 99.98
 479.00	 475.02	 6.9476	34.2952	26.8769	 0.43	 18.59	0.041	  143.04	 99.98
 480.00	 476.01	 6.9220	34.2973	26.8821	 0.42	 18.45	0.041	  142.98	 99.98
 481.00	 477.00	 6.9179	34.2970	26.8824	 0.42	 18.40	0.042	  143.03	 99.98
 482.00	 478.00	 6.9145	34.2972	26.8830	 0.42	 18.39	0.041	  143.05	 99.98
 483.00	 478.99	 6.9123	34.2973	26.8834	 0.42	 18.37	0.041	  142.99	 99.98
 484.00	 479.98	 6.9078	34.2974	26.8841	 0.42	 18.35	0.040	  143.01	 99.98
 485.00	 480.97	 6.9049	34.2975	26.8846	 0.42	 18.34	0.040	  142.97	 99.98
 486.00	 481.96	 6.9034	34.2974	26.8848	 0.42	 18.27	0.040	  142.99	 99.98
 487.00	 482.95	 6.9042	34.2977	26.8849	 0.42	 18.21	0.040	  143.01	 99.98
 488.00	 483.94	 6.9037	34.2976	26.8849	 0.42	 18.41	0.040	  143.01	 99.98
 489.00	 484.93	 6.9028	34.2976	26.8850	 0.42	 18.21	0.041	  142.97	 99.98
 490.00	 485.92	 6.9032	34.2977	26.8851	 0.42	 18.21	0.042	  143.02	 99.98
 491.00	 486.91	 6.9026	34.2976	26.8851	 0.42	 18.31	0.041	  142.97	 99.99
 492.00	 487.90	 6.9018	34.2978	26.8854	 0.42	 18.19	0.041	  143.01	 99.98
 493.00	 488.89	 6.8952	34.2974	26.8859	 0.42	 18.22	0.041	  143.00	 99.98
 494.00	 489.88	 6.8927	34.2976	26.8865	 0.42	 18.24	0.040	  142.96	 99.98
 495.00	 490.87	 6.8921	34.2976	26.8865	 0.42	 18.25	0.040	  142.93	 99.99
 496.00	 491.86	 6.8914	34.2977	26.8867	 0.42	 18.26	0.041	  142.95	 99.99
 497.00	 492.85	 6.8887	34.2972	26.8867	 0.42	 18.12	0.041	  142.91	 99.99
 498.00	 493.84	 6.8779	34.2979	26.8888	 0.42	 18.07	0.040	  142.95	 99.99
 499.00	 494.83	 6.8785	34.2976	26.8885	 0.42	 18.16	0.041	  142.91	 99.99
 500.00	 495.82	 6.8727	34.2976	26.8892	 0.42	 18.07	0.040	  142.94	 99.99
 501.00	 496.81	 6.8640	34.2978	26.8906	 0.41	 18.02	0.041	  142.90	 99.99
 502.00	 497.81	 6.8583	34.2979	26.8915	 0.42	 18.09	0.040	  142.95	 99.98
 503.00	 498.80	 6.8513	34.2974	26.8920	 0.41	 18.04	0.040	  142.93	 99.99
 504.00	 499.79	 6.8434	34.2977	26.8933	 0.41	 17.83	0.040	  142.95	 99.98
 505.00	 500.78	 6.8387	34.2977	26.8940	 0.41	 17.76	0.040	  142.94	 99.99
 506.00	 501.77	 6.8270	34.2969	26.8950	 0.41	 17.89	0.040	  142.94	 99.99
 507.00	 502.76	 6.8164	34.2975	26.8969	 0.41	 17.83	0.040	  142.94	 99.99
 508.00	 503.75	 6.8133	34.2975	26.8973	 0.41	 17.74	0.041	  142.94	 99.99
 509.00	 504.74	 6.8099	34.2975	26.8978	 0.41	 17.73	0.041	  142.86	 99.99
 510.00	 505.73	 6.8080	34.2976	26.8981	 0.41	 17.71	0.042	  142.93	 99.98
 511.00	 506.72	 6.8068	34.2977	26.8984	 0.41	 17.81	0.042	  142.88	 99.99
 512.00	 507.71	 6.8058	34.2976	26.8984	 0.41	 17.65	0.042	  142.92	 99.99
 513.00	 508.70	 6.7988	34.2975	26.8993	 0.41	 17.72	0.042	  142.90	 99.98
 514.00	 509.69	 6.7961	34.2977	26.8998	 0.41	 17.71	0.041	  142.87	 99.99
 515.00	 510.68	 6.7967	34.2978	26.8999	 0.41	 17.67	0.041	  142.86	 99.98
 516.00	 511.67	 6.7969	34.2978	26.8998	 0.41	 17.62	0.041	  142.86	 99.99
 517.00	 512.66	 6.7969	34.2979	26.9000	 0.40	 17.54	0.040	  142.91	 99.99
 518.00	 513.65	 6.7954	34.2977	26.9000	 0.40	 17.52	0.040	  142.89	 99.99
 519.00	 514.64	 6.7876	34.2974	26.9008	 0.40	 17.50	0.041	  142.88	 99.99
 520.00	 515.63	 6.7772	34.2980	26.9027	 0.40	 17.48	0.041	  142.86	 99.99
 521.00	 516.62	 6.7686	34.2982	26.9040	 0.40	 17.43	0.041	  142.87	 99.99
 522.00	 517.61	 6.7559	34.2981	26.9057	 0.40	 17.31	0.041	  142.87	 99.99
 523.00	 518.60	 6.7444	34.2982	26.9073	 0.39	 17.08	0.042	  142.91	 99.99
 524.00	 519.59	 6.7211	34.2982	26.9104	 0.39	 17.03	0.042	  142.90	 99.99
 525.00	 520.58	 6.7042	34.2990	26.9133	 0.40	 17.26	0.042	  142.93	 99.99
 526.00	 521.57	 6.6957	34.2994	26.9148	 0.39	 17.06	0.041	  142.85	 99.99
 527.00	 522.57	 6.6944	34.2995	26.9151	 0.39	 16.83	0.042	  142.84	 99.99
 528.00	 523.56	 6.6902	34.2994	26.9156	 0.39	 16.79	0.041	  142.86	 99.99
 529.00	 524.55	 6.6736	34.2995	26.9178	 0.38	 16.67	0.041	  142.86	 99.99
 530.00	 525.54	 6.6616	34.2988	26.9189	 0.38	 16.52	0.040	  142.80	 99.99
 531.00	 526.53	 6.6367	34.2992	26.9226	 0.38	 16.45	0.041	  142.84	 99.99
 532.00	 527.52	 6.6162	34.2992	26.9253	 0.38	 16.32	0.042	  142.83	 99.99
 533.00	 528.51	 6.6019	34.3000	26.9278	 0.37	 16.27	0.041	  142.81	100.00
 534.00	 529.50	 6.5921	34.3001	26.9292	 0.38	 16.36	0.040	  142.83	 99.99
 535.00	 530.49	 6.5818	34.2998	26.9304	 0.37	 16.17	0.041	  142.85	100.00
 536.00	 531.48	 6.5697	34.3003	26.9324	 0.37	 16.04	0.041	  142.80	 99.99
 537.00	 532.47	 6.5594	34.2999	26.9334	 0.37	 16.08	0.041	  142.87	 99.99
 538.00	 533.46	 6.5547	34.3004	26.9344	 0.37	 16.03	0.041	  142.83	100.00
 539.00	 534.45	 6.5527	34.3003	26.9346	 0.37	 15.96	0.041	  142.82	100.00
 540.00	 535.44	 6.5429	34.3001	26.9357	 0.37	 15.99	0.041	  142.85	100.00
 541.00	 536.43	 6.5364	34.3004	26.9369	 0.37	 15.95	0.041	  142.82	100.00
 542.00	 537.42	 6.5324	34.3005	26.9375	 0.37	 15.89	0.041	  142.78	100.00
 543.00	 538.41	 6.5309	34.3006	26.9378	 0.37	 15.87	0.040	  142.81	100.00
 544.00	 539.40	 6.5303	34.3008	26.9381	 0.36	 15.83	0.040	  142.84	100.00
 545.00	 540.39	 6.5293	34.3005	26.9379	 0.36	 15.78	0.041	  142.84	100.00
 546.00	 541.38	 6.5230	34.3008	26.9390	 0.36	 15.84	0.041	  142.79	100.00
 547.00	 542.37	 6.5172	34.3010	26.9400	 0.36	 15.86	0.040	  142.80	100.00
 548.00	 543.36	 6.5127	34.3011	26.9407	 0.36	 15.86	0.041	  142.80	100.00
 549.00	 544.35	 6.5121	34.3013	26.9409	 0.36	 15.78	0.042	  142.81	100.00
 550.00	 545.34	 6.5114	34.3013	26.9410	 0.36	 15.75	0.042	  142.80	100.00
 551.00	 546.33	 6.5107	34.3015	26.9412	 0.36	 15.73	0.042	  142.81	100.00
 552.00	 547.32	 6.5085	34.3013	26.9414	 0.36	 15.72	0.040	  142.75	100.00
 553.00	 548.31	 6.5003	34.3017	26.9428	 0.36	 15.73	0.040	  142.81	100.00
 554.00	 549.30	 6.4969	34.3018	26.9433	 0.36	 15.57	0.040	  142.81	100.00
 555.00	 550.29	 6.4944	34.3021	26.9439	 0.36	 15.64	0.040	  142.76	100.00
 556.00	 551.28	 6.4928	34.3021	26.9441	 0.36	 15.65	0.041	  142.78	100.00
 557.00	 552.27	 6.4886	34.3021	26.9447	 0.36	 15.62	0.041	  142.80	100.00
 558.00	 553.26	 6.4808	34.3016	26.9453	 0.36	 15.49	0.040	  142.83	100.00
 559.00	 554.25	 6.4676	34.3018	26.9472	 0.35	 15.40	0.040	  142.74	100.00
 560.00	 555.24	 6.4495	34.3016	26.9494	 0.36	 15.50	0.040	  142.72	100.00
 561.00	 556.23	 6.4402	34.3021	26.9510	 0.36	 15.54	0.042	  142.78	100.00
 562.00	 557.22	 6.4399	34.3021	26.9511	 0.36	 15.50	0.041	  142.73	100.00
 563.00	 558.21	 6.4351	34.3019	26.9516	 0.36	 15.44	0.040	  142.71	100.00
 564.00	 559.20	 6.4244	34.3021	26.9532	 0.35	 15.25	0.040	  142.69	100.00
 565.00	 560.19	 6.4128	34.3020	26.9546	 0.35	 15.22	0.040	  142.66	100.00
 566.00	 561.18	 6.3992	34.3022	26.9565	 0.35	 15.42	0.040	  142.71	100.00
 567.00	 562.17	 6.3874	34.3019	26.9578	 0.35	 15.13	0.040	  142.72	100.00
 568.00	 563.16	 6.3647	34.3022	26.9610	 0.34	 14.88	0.040	  142.68	100.00
 569.00	 564.15	 6.3574	34.3027	26.9624	 0.35	 15.11	0.040	  142.67	100.00
 570.00	 565.14	 6.3515	34.3031	26.9635	 0.35	 15.11	0.040	  142.70	100.00
 571.00	 566.13	 6.3420	34.3029	26.9645	 0.35	 15.06	0.041	  142.65	100.00
 572.00	 567.13	 6.3191	34.3041	26.9685	 0.34	 14.96	0.040	  142.70	100.00
 573.00	 568.12	 6.3090	34.3027	26.9687	 0.34	 14.77	0.040	  142.71	100.00
 574.00	 569.11	 6.2980	34.3044	26.9715	 0.34	 14.98	0.040	  142.69	100.00
 575.00	 570.10	 6.2952	34.3043	26.9717	 0.34	 14.79	0.041	  142.72	100.00
 576.00	 571.09	 6.2908	34.3046	26.9726	 0.34	 14.75	0.042	  142.67	100.00
 577.00	 572.08	 6.2879	34.3049	26.9732	 0.34	 14.68	0.041	  142.65	100.00
 578.00	 573.07	 6.2827	34.3054	26.9743	 0.34	 14.63	0.041	  142.65	100.00
 579.00	 574.06	 6.2789	34.3059	26.9751	 0.34	 14.59	0.041	  142.67	100.00
 580.00	 575.05	 6.2777	34.3060	26.9754	 0.34	 14.63	0.042	  142.67	100.00
 581.00	 576.04	 6.2746	34.3062	26.9760	 0.33	 14.37	0.041	  142.59	100.00
 582.00	 577.03	 6.2670	34.3070	26.9776	 0.33	 14.16	0.040	  142.70	100.00
 583.00	 578.02	 6.2582	34.3081	26.9796	 0.33	 14.40	0.040	  142.64	100.00
 584.00	 579.01	 6.2543	34.3086	26.9805	 0.33	 14.34	0.040	  142.66	100.00
 585.00	 580.00	 6.2536	34.3087	26.9807	 0.33	 14.28	0.040	  142.67	100.00
 586.00	 580.99	 6.2525	34.3088	26.9810	 0.33	 14.32	0.040	  142.59	100.00
 587.00	 581.98	 6.2511	34.3090	26.9813	 0.33	 14.25	0.041	  142.61	100.00
 588.00	 582.97	 6.2502	34.3092	26.9815	 0.33	 14.21	0.041	  142.67	100.00
 589.00	 583.96	 6.2496	34.3092	26.9816	 0.33	 14.27	0.040	  142.62	100.00
 590.00	 584.95	 6.2481	34.3094	26.9820	 0.32	 14.12	0.041	  142.64	100.00
 591.00	 585.94	 6.2475	34.3094	26.9821	 0.32	 14.12	0.040	  142.61	100.00
 592.00	 586.93	 6.2468	34.3095	26.9823	 0.33	 14.20	0.041	  142.65	100.00
 593.00	 587.92	 6.2453	34.3097	26.9826	 0.32	 14.11	0.041	  142.62	100.00
 594.00	 588.91	 6.2444	34.3099	26.9829	 0.32	 14.10	0.040	  142.57	100.00
 595.00	 589.90	 6.2443	34.3098	26.9829	 0.33	 14.20	0.041	  142.62	100.00
 596.00	 590.89	 6.2440	34.3098	26.9829	 0.32	 14.12	0.041	  142.63	100.00
 597.00	 591.88	 6.2423	34.3099	26.9832	 0.32	 14.13	0.040	  142.63	100.00
 598.00	 592.87	 6.2411	34.3100	26.9835	 0.33	 14.15	0.040	  142.52	100.00
 599.00	 593.86	 6.2404	34.3100	26.9836	 0.32	 14.13	0.040	  142.60	100.00
 600.00	 594.85	 6.2402	34.3100	26.9836	 0.33	 14.14	0.041	  142.59	100.00
 601.00	 595.84	 6.2396	34.3100	26.9837	 0.33	 14.18	0.042	  142.58	100.00
 602.00	 596.83	 6.2383	34.3102	26.9840	 0.32	 14.12	0.042	  142.56	100.00
 603.00	 597.82	 6.2369	34.3103	26.9843	 0.32	 14.04	0.041	  142.55	100.00
 604.00	 598.81	 6.2365	34.3103	26.9843	 0.32	 14.13	0.040	  142.56	100.00
 605.00	 599.80	 6.2353	34.3103	26.9845	 0.32	 14.03	0.040	  142.55	100.00
 606.00	 600.79	 6.2343	34.3104	26.9847	 0.32	 13.94	0.040	  142.49	100.00
 607.00	 601.78	 6.2335	34.3103	26.9848	 0.33	 14.14	0.040	  142.52	100.00
 608.00	 602.77	 6.2306	34.3104	26.9852	 0.32	 13.94	0.040	  142.57	100.00
 609.00	 603.76	 6.2271	34.3106	26.9859	 0.32	 13.91	0.041	  142.54	100.00
 610.00	 604.75	 6.2249	34.3108	26.9863	 0.32	 13.97	0.041	  142.62	100.00
 611.00	 605.74	 6.2204	34.3112	26.9872	 0.32	 13.97	0.041	  142.52	100.00
 612.00	 606.73	 6.2135	34.3121	26.9889	 0.32	 13.88	0.040	  142.52	100.00
 613.00	 607.72	 6.2113	34.3123	26.9893	 0.32	 13.80	0.041	  142.49	100.00
 614.00	 608.71	 6.2075	34.3128	26.9901	 0.32	 13.74	0.042	  142.52	100.00
 615.00	 609.70	 6.2041	34.3130	26.9908	 0.32	 13.70	0.042	  142.49	100.00
 616.00	 610.69	 6.1950	34.3141	26.9928	 0.32	 13.78	0.041	  142.51	100.00
 617.00	 611.68	 6.1895	34.3147	26.9940	 0.32	 13.72	0.040	  142.47	100.00
 618.00	 612.67	 6.1849	34.3148	26.9947	 0.31	 13.56	0.040	  142.52	100.00
 619.00	 613.66	 6.1772	34.3152	26.9960	 0.31	 13.52	0.040	  142.44	100.00
 620.00	 614.65	 6.1630	34.3161	26.9985	 0.31	 13.50	0.040	  142.47	100.00
 621.00	 615.63	 6.1552	34.3168	27.0001	 0.31	 13.45	0.041	  142.45	100.00
 622.00	 616.62	 6.1455	34.3172	27.0016	 0.31	 13.40	0.040	  142.40	100.00
 623.00	 617.61	 6.1403	34.3178	27.0028	 0.31	 13.47	0.040	  142.47	100.00
 624.00	 618.60	 6.1355	34.3178	27.0034	 0.31	 13.39	0.040	  142.49	100.00
 625.00	 619.59	 6.1338	34.3183	27.0040	 0.31	 13.51	0.041	  142.43	100.00
 626.00	 620.58	 6.1335	34.3182	27.0040	 0.31	 13.37	0.042	  142.41	100.00
 627.00	 621.57	 6.1327	34.3183	27.0042	 0.31	 13.46	0.042	  142.42	100.00
 628.00	 622.56	 6.1342	34.3183	27.0040	 0.31	 13.40	0.041	  142.43	100.00
 629.00	 623.55	 6.1345	34.3184	27.0040	 0.31	 13.32	0.041	  142.44	100.00
 630.00	 624.54	 6.1336	34.3184	27.0042	 0.31	 13.27	0.042	  142.40	100.00
 631.00	 625.53	 6.1323	34.3185	27.0044	 0.30	 13.26	0.042	  142.42	100.00
 632.00	 626.52	 6.1315	34.3188	27.0048	 0.31	 13.32	0.042	  142.39	100.00
 633.00	 627.51	 6.1309	34.3187	27.0048	 0.30	 13.26	0.041	  142.36	100.00
 634.00	 628.50	 6.1273	34.3189	27.0054	 0.31	 13.27	0.041	  142.40	100.00
 635.00	 629.49	 6.1254	34.3191	27.0059	 0.31	 13.31	0.041	  142.38	100.00
 636.00	 630.48	 6.1181	34.3191	27.0068	 0.31	 13.26	0.041	  142.36	100.00
 637.00	 631.47	 6.1066	34.3199	27.0089	 0.30	 13.16	0.042	  142.36	100.00
 638.00	 632.46	 6.0972	34.3201	27.0102	 0.30	 13.24	0.041	  142.43	100.00
 639.00	 633.45	 6.0835	34.3212	27.0128	 0.31	 13.31	0.040	  142.31	100.00
 640.00	 634.44	 6.0791	34.3212	27.0134	 0.29	 12.81	0.040	  142.38	100.00
 641.00	 635.43	 6.0616	34.3206	27.0152	 0.30	 12.89	0.040	  142.34	100.00
 642.00	 636.42	 6.0330	34.3233	27.0209	 0.30	 13.04	0.040	  142.40	100.00
 643.00	 637.41	 6.0162	34.3248	27.0242	 0.30	 12.92	0.041	  142.35	100.00
 644.00	 638.40	 6.0039	34.3249	27.0258	 0.29	 12.74	0.041	  142.33	100.00
 645.00	 639.39	 5.9732	34.3259	27.0305	 0.29	 12.56	0.041	  142.39	100.00
 646.00	 640.38	 5.9502	34.3272	27.0344	 0.29	 12.60	0.041	  142.39	100.00
 647.00	 641.37	 5.9382	34.3280	27.0365	 0.29	 12.59	0.041	  142.33	100.00
 648.00	 642.36	 5.9330	34.3281	27.0373	 0.29	 12.47	0.040	  142.40	100.00
 649.00	 643.35	 5.9299	34.3282	27.0378	 0.29	 12.49	0.040	  142.37	100.00
 650.00	 644.34	 5.9212	34.3281	27.0388	 0.28	 12.38	0.040	  142.34	100.00
 651.00	 645.33	 5.9090	34.3279	27.0402	 0.28	 12.19	0.040	  142.37	100.00
 652.00	 646.32	 5.8957	34.3286	27.0424	 0.28	 12.28	0.041	  142.36	100.00
 653.00	 647.31	 5.8915	34.3289	27.0431	 0.28	 12.33	0.042	  142.38	100.00
 654.00	 648.30	 5.8832	34.3290	27.0443	 0.28	 12.25	0.040	  142.34	100.00
 655.00	 649.29	 5.8709	34.3298	27.0465	 0.28	 12.12	0.041	  142.39	100.00
 656.00	 650.28	 5.8650	34.3307	27.0479	 0.28	 12.13	0.040	  142.33	100.00
 657.00	 651.27	 5.8631	34.3312	27.0486	 0.28	 12.12	0.040	  142.34	100.00
 658.00	 652.26	 5.8611	34.3320	27.0494	 0.28	 12.04	0.042	  142.32	100.00
 659.00	 653.25	 5.8560	34.3326	27.0505	 0.28	 12.07	0.042	  142.31	100.00
 660.00	 654.24	 5.8368	34.3332	27.0534	 0.28	 12.01	0.041	  142.28	100.00
 661.00	 655.23	 5.8180	34.3328	27.0554	 0.27	 11.92	0.040	  142.33	100.00
 662.00	 656.22	 5.8096	34.3338	27.0573	 0.28	 12.00	0.041	  142.32	100.00
 663.00	 657.21	 5.8062	34.3342	27.0580	 0.28	 11.97	0.041	  142.37	100.00
 664.00	 658.20	 5.8022	34.3341	27.0584	 0.27	 11.84	0.040	  142.33	 76.49
 665.00	 659.19	 5.7926	34.3346	27.0600	 0.27	 11.78	0.040	  142.36	 99.85
 666.00	 660.17	 5.7886	34.3349	27.0608	 0.27	 11.84	0.040	  142.25	100.00
 667.00	 661.16	 5.7846	34.3353	27.0615	 0.27	 11.70	0.040	  142.29	100.00
 668.00	 662.15	 5.7820	34.3355	27.0620	 0.27	 11.68	0.040	  142.28	100.00
 669.00	 663.14	 5.7793	34.3358	27.0626	 0.27	 11.61	0.040	  142.26	100.00
 670.00	 664.13	 5.7762	34.3365	27.0636	 0.27	 11.68	0.041	  142.28	100.00
 671.00	 665.12	 5.7697	34.3370	27.0648	 0.27	 11.77	0.041	  142.26	100.00
 672.00	 666.11	 5.7506	34.3380	27.0680	 0.27	 11.84	0.041	  142.23	100.00
 673.00	 667.10	 5.7306	34.3399	27.0719	 0.27	 11.85	0.041	  142.30	100.00
 674.00	 668.09	 5.7214	34.3419	27.0746	 0.28	 12.19	0.040	  142.27	100.00
 675.00	 669.08	 5.7186	34.3425	27.0754	 0.27	 11.77	0.041	  142.23	100.00
 676.00	 670.07	 5.7163	34.3436	27.0766	 0.27	 11.80	0.042	  142.30	100.00
 677.00	 671.06	 5.7150	34.3437	27.0769	 0.27	 11.82	0.042	  142.25	100.00
 678.00	 672.05	 5.7123	34.3441	27.0775	 0.27	 11.77	0.042	  142.28	100.00
 679.00	 673.04	 5.7115	34.3444	27.0778	 0.27	 11.88	0.042	  142.23	100.00
 680.00	 674.03	 5.7098	34.3448	27.0784	 0.27	 11.84	0.042	  142.23	100.00
 681.00	 675.02	 5.7071	34.3453	27.0791	 0.27	 11.66	0.042	  142.25	100.00
 682.00	 676.01	 5.7064	34.3452	27.0792	 0.27	 11.62	0.041	  142.24	100.00
 683.00	 677.00	 5.7045	34.3452	27.0794	 0.27	 11.81	0.041	  142.20	100.00
 684.00	 677.99	 5.6993	34.3457	27.0804	 0.27	 11.77	0.041	  142.23	100.00
 685.00	 678.98	 5.6961	34.3459	27.0810	 0.27	 11.83	0.041	  142.18	100.00
 686.00	 679.97	 5.6931	34.3461	27.0815	 0.27	 11.89	0.041	  142.25	100.00
 687.00	 680.96	 5.6902	34.3463	27.0821	 0.27	 11.91	0.041	  142.20	100.00
 688.00	 681.95	 5.6825	34.3469	27.0835	 0.27	 11.87	0.041	  142.23	100.00
 689.00	 682.94	 5.6738	34.3480	27.0854	 0.28	 12.18	0.042	  142.21	100.00
 690.00	 683.93	 5.6657	34.3492	27.0873	 0.27	 11.91	0.040	  142.15	100.00
 691.00	 684.92	 5.6588	34.3493	27.0883	 0.27	 11.88	0.040	  142.17	100.00
 692.00	 685.90	 5.6473	34.3509	27.0909	 0.28	 11.98	0.040	  142.17	100.00
 693.00	 686.89	 5.6430	34.3511	27.0916	 0.28	 11.98	0.041	  142.19	100.00
 694.00	 687.88	 5.6397	34.3514	27.0923	 0.27	 11.93	0.041	  142.14	100.00
 695.00	 688.87	 5.6368	34.3515	27.0927	 0.28	 11.98	0.041	  142.18	100.00
 696.00	 689.86	 5.6330	34.3518	27.0935	 0.28	 11.97	0.042	  142.09	100.00
 697.00	 690.85	 5.6244	34.3525	27.0950	 0.28	 11.98	0.042	  142.18	100.00
 698.00	 691.84	 5.6214	34.3527	27.0956	 0.28	 12.00	0.042	  142.15	100.00
 699.00	 692.83	 5.6158	34.3533	27.0967	 0.28	 12.04	0.042	  142.17	100.00
 700.00	 693.82	 5.6119	34.3536	27.0974	 0.28	 12.14	0.042	  142.10	100.00
 701.00	 694.81	 5.6080	34.3537	27.0980	 0.27	 11.94	0.042	  142.12	100.00
 702.00	 695.80	 5.5999	34.3542	27.0994	 0.28	 12.10	0.042	  142.04	100.00
 703.00	 696.79	 5.5944	34.3545	27.1003	 0.28	 12.05	0.041	  142.13	100.00
 704.00	 697.78	 5.5695	34.3556	27.1042	 0.28	 11.96	0.040	  142.13	100.00
 705.00	 698.77	 5.5463	34.3575	27.1085	 0.28	 12.06	0.041	  142.13	100.00
 706.00	 699.76	 5.5254	34.3587	27.1120	 0.28	 12.09	0.042	  142.12	100.00
 707.00	 700.75	 5.5176	34.3596	27.1136	 0.28	 12.14	0.040	  142.12	100.00
 708.00	 701.74	 5.5139	34.3594	27.1140	 0.27	 11.81	0.040	  142.12	100.00
 709.00	 702.73	 5.5119	34.3598	27.1145	 0.28	 12.06	0.040	  142.13	100.00
 710.00	 703.72	 5.5110	34.3600	27.1148	 0.28	 11.96	0.041	  142.13	100.00
 711.00	 704.71	 5.5115	34.3601	27.1148	 0.27	 11.94	0.041	  142.09	100.00
 712.00	 705.69	 5.5089	34.3602	27.1152	 0.28	 12.04	0.040	  142.12	100.00
 713.00	 706.68	 5.5075	34.3604	27.1155	 0.28	 12.01	0.040	  142.08	100.00
 714.00	 707.67	 5.5054	34.3608	27.1161	 0.28	 11.97	0.040	  142.13	100.00
 715.00	 708.66	 5.5051	34.3609	27.1162	 0.27	 11.81	0.041	  142.12	100.00
 716.00	 709.65	 5.5054	34.3608	27.1161	 0.27	 11.90	0.041	  142.08	100.00
 717.00	 710.64	 5.5037	34.3608	27.1164	 0.27	 11.89	0.042	  142.12	100.00
 718.00	 711.63	 5.5019	34.3611	27.1168	 0.27	 11.84	0.042	  141.98	100.00
 719.00	 712.62	 5.5006	34.3611	27.1170	 0.28	 11.99	0.041	  142.06	100.00
 720.00	 713.61	 5.4988	34.3614	27.1174	 0.28	 12.00	0.040	  142.00	100.00
 721.00	 714.60	 5.4969	34.3615	27.1178	 0.28	 11.99	0.040	  142.03	100.00
 722.00	 715.59	 5.4944	34.3617	27.1182	 0.27	 11.94	0.040	  142.03	100.00
 723.00	 716.58	 5.4901	34.3616	27.1187	 0.28	 12.21	0.040	  142.14	100.00
 724.00	 717.57	 5.4722	34.3620	27.1211	 0.28	 12.11	0.040	  142.14	100.00
 725.00	 718.56	 5.4544	34.3633	27.1243	 0.28	 12.06	0.040	  142.04	100.00
 726.00	 719.55	 5.4333	34.3648	27.1280	 0.28	 12.05	0.041	  142.07	100.00
 727.00	 720.54	 5.4171	34.3654	27.1304	 0.28	 12.04	0.041	  142.00	100.00
 728.00	 721.53	 5.4018	34.3663	27.1329	 0.28	 12.08	0.040	  141.99	100.00
 729.00	 722.51	 5.3861	34.3670	27.1354	 0.28	 11.99	0.041	  142.01	100.00
 730.00	 723.50	 5.3730	34.3682	27.1379	 0.28	 12.06	0.042	  142.02	100.00
 731.00	 724.49	 5.3594	34.3690	27.1402	 0.27	 11.91	0.041	  142.02	100.00
 732.00	 725.48	 5.3490	34.3697	27.1419	 0.27	 11.95	0.041	  142.02	100.00
 733.00	 726.47	 5.3369	34.3707	27.1441	 0.28	 12.03	0.041	  141.93	100.00
 734.00	 727.46	 5.3278	34.3720	27.1462	 0.27	 11.83	0.041	  141.98	100.00
 735.00	 728.45	 5.3107	34.3714	27.1478	 0.28	 12.18	0.040	  141.96	100.00
 736.00	 729.44	 5.2926	34.3740	27.1520	 0.27	 11.89	0.042	  141.95	100.00
 737.00	 730.43	 5.2928	34.3738	27.1518	 0.27	 11.94	0.042	  142.01	100.00
 738.00	 731.42	 5.2930	34.3739	27.1519	 0.28	 12.04	0.042	  141.97	100.00
 739.00	 732.41	 5.2930	34.3740	27.1520	 0.27	 11.90	0.040	  141.94	100.00
 740.00	 733.40	 5.2926	34.3741	27.1521	 0.28	 12.06	0.041	  141.87	100.00
 741.00	 734.39	 5.2877	34.3746	27.1531	 0.27	 11.82	0.041	  141.91	100.00
 742.00	 735.38	 5.2876	34.3747	27.1532	 0.27	 11.83	0.041	  141.96	100.00
 743.00	 736.37	 5.2870	34.3746	27.1532	 0.28	 11.96	0.041	  141.89	100.00
 744.00	 737.35	 5.2859	34.3748	27.1535	 0.28	 11.97	0.040	  141.86	100.00
 745.00	 738.34	 5.2818	34.3750	27.1541	 0.27	 11.94	0.040	  141.88	100.00
 746.00	 739.33	 5.2782	34.3753	27.1548	 0.27	 11.92	0.041	  141.92	100.00
 747.00	 740.32	 5.2784	34.3755	27.1549	 0.28	 11.98	0.041	  141.90	100.00
 748.00	 741.31	 5.2787	34.3754	27.1548	 0.28	 11.96	0.040	  141.93	100.00
 749.00	 742.30	 5.2794	34.3755	27.1548	 0.27	 11.93	0.040	  141.90	100.00
 750.00	 743.29	 5.2795	34.3754	27.1548	 0.27	 11.95	0.040	  141.92	100.00
 751.00	 744.28	 5.2804	34.3754	27.1547	 0.27	 11.95	0.040	  141.88	100.00
 752.00	 745.27	 5.2804	34.3755	27.1548	 0.28	 11.98	0.040	  141.86	100.00
 753.00	 746.26	 5.2806	34.3754	27.1547	 0.28	 11.97	0.040	  141.86	100.00
 754.00	 747.25	 5.2805	34.3754	27.1547	 0.27	 11.92	0.042	  141.90	100.00
 755.00	 748.24	 5.2805	34.3755	27.1548	 0.28	 11.96	0.041	  141.92	100.00
 756.00	 749.23	 5.2815	34.3754	27.1546	 0.28	 11.96	0.041	  141.87	100.00
 757.00	 750.22	 5.2828	34.3752	27.1543	 0.28	 11.96	0.042	  141.84	100.00
 758.00	 751.20	 5.2832	34.3753	27.1544	 0.28	 11.96	0.041	  141.88	100.00
 759.00	 752.19	 5.2849	34.3751	27.1540	 0.28	 11.97	0.040	  141.85	100.00
 760.00	 753.18	 5.2849	34.3752	27.1541	 0.28	 11.97	0.040	  141.86	100.00
 761.00	 754.17	 5.2852	34.3750	27.1539	 0.28	 11.97	0.040	  141.85	100.00
 762.00	 755.16	 5.2847	34.3752	27.1541	 0.28	 11.97	0.041	  141.82	100.00
 763.00	 756.15	 5.2848	34.3751	27.1541	 0.28	 11.97	0.041	  141.84	100.00
 764.00	 757.14	 5.2838	34.3751	27.1542	 0.28	 11.97	0.040	  141.82	100.00
 765.00	 758.13	 5.2851	34.3751	27.1540	 0.28	 11.98	0.040	  141.78	100.00
 766.00	 759.12	 5.2816	34.3752	27.1545	 0.28	 11.98	0.041	  141.86	100.00
 767.00	 760.11	 5.2758	34.3753	27.1554	 0.28	 11.98	0.042	  141.81	100.00
 768.00	 761.10	 5.2697	34.3758	27.1564	 0.28	 11.99	0.042	  141.80	100.00
 769.00	 762.09	 5.2647	34.3763	27.1575	 0.28	 12.01	0.042	  141.88	100.00
 770.00	 763.08	 5.2463	34.3776	27.1606	 0.28	 12.04	0.041	  141.80	100.00
 771.00	 764.06	 5.2426	34.3776	27.1611	 0.28	 12.13	0.041	  141.80	100.00
 772.00	 765.05	 5.2332	34.3785	27.1629	 0.28	 12.10	0.040	  141.76	100.00
 773.00	 766.04	 5.2319	34.3785	27.1631	 0.28	 12.04	0.040	  141.79	100.00
 774.00	 767.03	 5.2282	34.3787	27.1637	 0.29	 12.41	0.040	  141.81	100.00
 775.00	 768.02	 5.2209	34.3792	27.1649	 0.28	 12.28	0.040	  141.78	100.00
 776.00	 769.01	 5.2040	34.3799	27.1674	 0.28	 12.17	0.041	  141.82	100.00
 777.00	 770.00	 5.1866	34.3818	27.1710	 0.28	 12.28	0.041	  141.69	100.00
 778.00	 770.99	 5.1871	34.3817	27.1709	 0.28	 12.25	0.041	  141.76	100.00
 779.00	 771.98	 5.1801	34.3818	27.1717	 0.28	 12.23	0.040	  141.70	100.00
 780.00	 772.97	 5.1729	34.3826	27.1733	 0.28	 12.33	0.040	  141.71	100.00
 781.00	 773.96	 5.1704	34.3829	27.1737	 0.28	 12.29	0.041	  141.74	100.00
 782.00	 774.95	 5.1699	34.3831	27.1740	 0.28	 12.17	0.042	  141.76	100.00
 783.00	 775.93	 5.1677	34.3832	27.1743	 0.28	 12.24	0.042	  141.71	100.00
 784.00	 776.92	 5.1677	34.3833	27.1744	 0.28	 12.20	0.040	  141.69	100.00
 785.00	 777.91	 5.1676	34.3834	27.1745	 0.28	 12.21	0.040	  141.70	100.00
 786.00	 778.90	 5.1678	34.3834	27.1745	 0.28	 12.31	0.040	  141.66	100.00
 787.00	 779.89	 5.1684	34.3833	27.1744	 0.28	 12.22	0.040	  141.73	100.00
 788.00	 780.88	 5.1644	34.3835	27.1750	 0.28	 12.14	0.041	  141.69	100.00
 789.00	 781.87	 5.1602	34.3837	27.1757	 0.28	 12.26	0.041	  141.69	100.00
 790.00	 782.86	 5.1557	34.3844	27.1767	 0.28	 12.30	0.041	  141.72	100.00
 791.00	 783.85	 5.1544	34.3844	27.1769	 0.28	 12.21	0.041	  141.68	100.00
 792.00	 784.84	 5.1531	34.3846	27.1772	 0.28	 12.31	0.041	  141.67	100.00
 793.00	 785.83	 5.1511	34.3846	27.1775	 0.28	 12.23	0.041	  141.67	100.00
 794.00	 786.81	 5.1504	34.3848	27.1777	 0.28	 12.25	0.040	  141.63	100.00
 795.00	 787.80	 5.1501	34.3848	27.1778	 0.28	 12.34	0.040	  141.66	100.00
 796.00	 788.79	 5.1447	34.3850	27.1786	 0.28	 12.35	0.040	  141.65	100.00
 797.00	 789.78	 5.1425	34.3854	27.1791	 0.28	 12.29	0.040	  141.68	100.00
 798.00	 790.77	 5.1425	34.3853	27.1791	 0.28	 12.26	0.040	  141.61	100.00
 799.00	 791.76	 5.1404	34.3855	27.1795	 0.28	 12.25	0.041	  141.69	100.00
 800.00	 792.75	 5.1397	34.3856	27.1797	 0.28	 12.18	0.040	  141.62	100.00
 801.00	 793.74	 5.1390	34.3857	27.1798	 0.28	 12.37	0.042	  141.63	100.00
 802.00	 794.73	 5.1387	34.3857	27.1799	 0.28	 12.36	0.042	  141.62	100.00
 803.00	 795.72	 5.1357	34.3858	27.1803	 0.28	 12.28	0.041	  141.64	100.00
 804.00	 796.70	 5.1300	34.3864	27.1814	 0.28	 12.27	0.040	  141.63	100.00
 805.00	 797.69	 5.1269	34.3867	27.1821	 0.29	 12.41	0.040	  141.65	100.00
 806.00	 798.68	 5.1257	34.3869	27.1823	 0.28	 12.38	0.040	  141.61	100.00
 807.00	 799.67	 5.1236	34.3870	27.1827	 0.28	 12.27	0.041	  141.64	100.00
 808.00	 800.66	 5.1145	34.3875	27.1841	 0.29	 12.52	0.041	  141.64	100.00
 809.00	 801.65	 5.1093	34.3883	27.1854	 0.29	 12.45	0.040	  141.59	100.00
 810.00	 802.64	 5.1093	34.3883	27.1854	 0.28	 12.25	0.041	  141.62	100.00
 811.00	 803.63	 5.1094	34.3882	27.1853	 0.28	 12.19	0.041	  141.66	100.00
 812.00	 804.62	 5.1069	34.3883	27.1857	 0.29	 12.47	0.041	  141.62	100.00
 813.00	 805.61	 5.1029	34.3888	27.1866	 0.29	 12.48	0.041	  141.58	100.00
 814.00	 806.59	 5.0976	34.3891	27.1874	 0.29	 12.57	0.040	  141.66	100.00
 815.00	 807.58	 5.0874	34.3899	27.1893	 0.29	 12.80	0.040	  141.59	100.00
 816.00	 808.57	 5.0803	34.3906	27.1906	 0.29	 12.62	0.041	  141.52	100.00
 817.00	 809.56	 5.0738	34.3917	27.1923	 0.29	 12.58	0.041	  141.51	100.00
 818.00	 810.55	 5.0720	34.3918	27.1926	 0.29	 12.70	0.040	  141.61	100.00
 819.00	 811.54	 5.0672	34.3923	27.1935	 0.30	 12.97	0.040	  141.55	100.00
 820.00	 812.53	 5.0603	34.3929	27.1947	 0.30	 12.85	0.040	  141.57	100.00
 821.00	 813.52	 5.0352	34.3928	27.1975	 0.29	 12.79	0.040	  141.64	100.00
 822.00	 814.51	 4.9979	34.3964	27.2047	 0.30	 13.13	0.041	  141.54	100.00
 823.00	 815.50	 4.9904	34.3974	27.2063	 0.30	 13.21	0.042	  141.52	100.00
 824.00	 816.48	 4.9867	34.3977	27.2070	 0.30	 13.02	0.041	  141.58	100.00
 825.00	 817.47	 4.9838	34.3980	27.2076	 0.30	 12.98	0.041	  141.60	100.00
 826.00	 818.46	 4.9826	34.3980	27.2077	 0.30	 13.06	0.041	  141.57	100.00
 827.00	 819.45	 4.9782	34.3987	27.2088	 0.30	 13.02	0.040	  141.51	100.00
 828.00	 820.44	 4.9760	34.3989	27.2092	 0.30	 12.98	0.040	  141.53	100.00
 829.00	 821.43	 4.9743	34.3992	27.2096	 0.30	 13.05	0.040	  141.58	100.00
 830.00	 822.42	 4.9714	34.3997	27.2103	 0.30	 13.19	0.040	  141.52	100.00
 831.00	 823.41	 4.9716	34.3997	27.2103	 0.30	 13.17	0.041	  141.55	100.00
 832.00	 824.40	 4.9671	34.3998	27.2109	 0.30	 12.93	0.042	  141.54	100.00
 833.00	 825.38	 4.9612	34.4005	27.2122	 0.30	 13.00	0.042	  141.57	100.00
 834.00	 826.37	 4.9586	34.4006	27.2126	 0.31	 13.30	0.040	  141.52	100.00
 835.00	 827.36	 4.9512	34.4012	27.2139	 0.31	 13.33	0.041	  141.52	100.00
 836.00	 828.35	 4.9463	34.4012	27.2145	 0.30	 13.18	0.041	  141.49	100.00
 837.00	 829.34	 4.9390	34.4012	27.2153	 0.30	 13.19	0.041	  141.51	100.00
 838.00	 830.33	 4.9313	34.4016	27.2165	 0.31	 13.34	0.042	  141.49	100.00
 839.00	 831.32	 4.9287	34.4017	27.2169	 0.30	 13.24	0.042	  141.48	100.00
 840.00	 832.31	 4.9257	34.4020	27.2175	 0.30	 13.21	0.041	  141.53	100.00
 841.00	 833.30	 4.9247	34.4021	27.2177	 0.30	 13.26	0.040	  141.47	100.00
 842.00	 834.28	 4.9245	34.4023	27.2178	 0.31	 13.28	0.041	  141.48	100.00
 843.00	 835.27	 4.9241	34.4021	27.2178	 0.30	 13.25	0.042	  141.49	100.00
 844.00	 836.26	 4.9208	34.4023	27.2183	 0.30	 13.20	0.041	  141.50	100.00
 845.00	 837.25	 4.9204	34.4023	27.2183	 0.30	 13.20	0.040	  141.35	100.00
 846.00	 838.24	 4.9199	34.4024	27.2185	 0.31	 13.35	0.040	  141.44	100.00
 847.00	 839.23	 4.9194	34.4023	27.2185	 0.31	 13.28	0.040	  141.40	100.00
 848.00	 840.22	 4.9180	34.4020	27.2184	 0.30	 13.25	0.040	  141.51	100.00
 849.00	 841.21	 4.9091	34.4024	27.2198	 0.31	 13.31	0.040	  141.45	100.00
 850.00	 842.19	 4.9024	34.4029	27.2209	 0.30	 13.26	0.041	  141.41	100.00
 851.00	 843.18	 4.9023	34.4029	27.2209	 0.31	 13.29	0.041	  141.42	100.00
 852.00	 844.17	 4.9020	34.4031	27.2211	 0.31	 13.33	0.041	  141.50	100.00
 853.00	 845.16	 4.9019	34.4031	27.2211	 0.30	 13.23	0.041	  141.43	100.00
 854.00	 846.15	 4.9021	34.4030	27.2211	 0.30	 13.23	0.042	  141.42	100.00
 855.00	 847.14	 4.9022	34.4029	27.2210	 0.31	 13.35	0.040	  141.39	100.00
 856.00	 848.13	 4.9042	34.4032	27.2210	 0.31	 13.34	0.041	  141.39	100.00
 857.00	 849.12	 4.9048	34.4027	27.2205	 0.31	 13.34	0.041	  141.39	100.00
 858.00	 850.10	 4.9027	34.4031	27.2211	 0.30	 13.20	0.040	  141.42	100.00
 859.00	 851.09	 4.9007	34.4029	27.2212	 0.30	 13.17	0.040	  141.38	100.00
 860.00	 852.08	 4.8886	34.4028	27.2224	 0.31	 13.37	0.040	  141.39	100.00
 861.00	 853.07	 4.8692	34.4039	27.2255	 0.31	 13.50	0.041	  141.42	100.00
 862.00	 854.06	 4.8671	34.4029	27.2250	 0.31	 13.41	0.042	  141.40	100.00
 863.00	 855.05	 4.8547	34.4039	27.2272	 0.30	 13.23	0.042	  141.41	100.00
 864.00	 856.04	 4.8505	34.4041	27.2278	 0.31	 13.35	0.041	  141.38	100.00
 865.00	 857.03	 4.8486	34.4039	27.2279	 0.31	 13.50	0.040	  141.30	100.00
 866.00	 858.01	 4.8468	34.4037	27.2279	 0.32	 13.82	0.040	  141.36	100.00
 867.00	 859.00	 4.8276	34.4062	27.2320	 0.32	 13.86	0.040	  141.42	100.00
 868.00	 859.99	 4.8112	34.4073	27.2348	 0.32	 14.04	0.041	  141.41	100.00
 869.00	 860.98	 4.7928	34.4103	27.2392	 0.32	 14.06	0.041	  141.36	100.00
 870.00	 861.97	 4.7918	34.4097	27.2389	 0.32	 13.95	0.040	  141.30	100.00
 871.00	 862.96	 4.7908	34.4101	27.2393	 0.32	 14.05	0.040	  141.29	100.00
 872.00	 863.95	 4.7923	34.4099	27.2390	 0.32	 14.08	0.040	  141.28	100.00
 873.00	 864.94	 4.7911	34.4100	27.2392	 0.32	 13.93	0.040	  141.36	100.00
 874.00	 865.92	 4.7901	34.4103	27.2395	 0.32	 13.83	0.041	  141.38	100.00
 875.00	 866.91	 4.7900	34.4105	27.2397	 0.32	 13.99	0.040	  141.32	100.00
 876.00	 867.90	 4.7909	34.4104	27.2395	 0.32	 13.91	0.040	  141.26	100.00
 877.00	 868.89	 4.7905	34.4105	27.2397	 0.32	 14.05	0.040	  141.31	100.00
 878.00	 869.88	 4.7902	34.4109	27.2400	 0.32	 13.85	0.040	  141.36	100.00
 879.00	 870.87	 4.7906	34.4107	27.2399	 0.32	 13.76	0.041	  141.33	100.00
 880.00	 871.86	 4.7910	34.4106	27.2398	 0.32	 13.91	0.041	  141.30	100.00
 881.00	 872.85	 4.7910	34.4107	27.2398	 0.32	 13.98	0.040	  141.27	100.00
 882.00	 873.83	 4.7909	34.4109	27.2400	 0.32	 14.05	0.042	  141.18	100.00
 883.00	 874.82	 4.7910	34.4109	27.2400	 0.33	 14.16	0.041	  141.33	100.00
 884.00	 875.81	 4.7915	34.4107	27.2398	 0.32	 13.90	0.041	  141.25	100.00
 885.00	 876.80	 4.7911	34.4108	27.2400	 0.32	 13.76	0.042	  141.27	100.00
 886.00	 877.79	 4.7908	34.4110	27.2401	 0.32	 13.89	0.041	  141.23	100.00
 887.00	 878.78	 4.7909	34.4110	27.2401	 0.32	 14.01	0.040	  141.24	100.00
 888.00	 879.77	 4.7910	34.4110	27.2402	 0.32	 13.93	0.041	  141.25	100.00
 889.00	 880.75	 4.7915	34.4108	27.2400	 0.32	 14.01	0.041	  141.23	100.00
 890.00	 881.74	 4.7910	34.4109	27.2401	 0.32	 13.86	0.041	  141.24	100.00
 891.00	 882.73	 4.7914	34.4109	27.2401	 0.31	 13.68	0.040	  141.22	100.00
 892.00	 883.72	 4.7915	34.4110	27.2401	 0.32	 14.05	0.040	  141.25	100.00
 893.00	 884.71	 4.7910	34.4110	27.2402	 0.32	 14.12	0.041	  141.24	100.00
 894.00	 885.70	 4.7895	34.4111	27.2405	 0.32	 14.08	0.041	  141.21	100.00
 895.00	 886.69	 4.7902	34.4112	27.2405	 0.32	 14.12	0.040	  141.28	100.00
 896.00	 887.67	 4.7889	34.4109	27.2404	 0.32	 14.09	0.041	  141.18	100.00
 897.00	 888.66	 4.7862	34.4114	27.2411	 0.32	 14.01	0.041	  141.20	100.00
 898.00	 889.65	 4.7872	34.4113	27.2409	 0.32	 13.86	0.040	  141.18	100.00
 899.00	 890.64	 4.7870	34.4112	27.2409	 0.32	 13.92	0.040	  141.16	100.00
 900.00	 891.63	 4.7876	34.4112	27.2408	 0.32	 14.08	0.041	  141.21	100.00
 901.00	 892.62	 4.7892	34.4111	27.2406	 0.32	 14.04	0.042	  141.15	100.00
 902.00	 893.61	 4.7883	34.4112	27.2408	 0.32	 14.04	0.041	  141.17	100.00
 903.00	 894.59	 4.7879	34.4112	27.2408	 0.32	 14.06	0.040	  141.09	100.00
 904.00	 895.58	 4.7876	34.4112	27.2409	 0.32	 13.87	0.041	  141.16	100.00
 905.00	 896.57	 4.7870	34.4112	27.2409	 0.32	 13.77	0.042	  141.19	100.00
 906.00	 897.56	 4.7865	34.4113	27.2411	 0.32	 14.06	0.041	  141.17	100.00
 907.00	 898.55	 4.7849	34.4113	27.2413	 0.32	 14.13	0.040	  141.13	100.00
 908.00	 899.54	 4.7837	34.4116	27.2417	 0.32	 14.10	0.040	  141.12	100.00
 909.00	 900.53	 4.7831	34.4116	27.2418	 0.32	 14.10	0.040	  141.11	100.00
 910.00	 901.51	 4.7829	34.4117	27.2418	 0.32	 14.13	0.040	  141.14	100.00
 911.00	 902.50	 4.7824	34.4118	27.2420	 0.32	 14.04	0.041	  141.14	100.00
 912.00	 903.49	 4.7819	34.4118	27.2420	 0.32	 14.04	0.041	  141.15	100.00
 913.00	 904.48	 4.7817	34.4118	27.2421	 0.32	 14.07	0.041	  141.10	100.00
 914.00	 905.47	 4.7775	34.4122	27.2428	 0.32	 14.10	0.040	  141.11	100.00
 915.00	 906.46	 4.7786	34.4123	27.2428	 0.32	 14.11	0.042	  141.13	100.00
 916.00	 907.45	 4.7804	34.4120	27.2424	 0.32	 14.10	0.042	  141.09	100.00
 917.00	 908.43	 4.7755	34.4120	27.2430	 0.32	 14.08	0.041	  141.08	100.00
 918.00	 909.42	 4.7679	34.4128	27.2444	 0.33	 14.36	0.041	  141.12	100.00
 919.00	 910.41	 4.7576	34.4138	27.2464	 0.33	 14.54	0.041	  141.12	100.00
 920.00	 911.40	 4.7396	34.4147	27.2491	 0.34	 14.63	0.041	  141.11	100.00
 921.00	 912.39	 4.7230	34.4159	27.2519	 0.34	 14.87	0.041	  141.10	 85.29
 922.00	 913.38	 4.6959	34.4172	27.2559	 0.35	 15.21	0.040	  141.12	 93.35
 923.00	 914.36	 4.6661	34.4216	27.2627	 0.36	 15.55	0.041	  141.09	100.01
 924.00	 915.35	 4.6591	34.4224	27.2642	 0.36	 15.62	0.042	  141.04	100.00
 925.00	 916.34	 4.6515	34.4228	27.2653	 0.36	 15.66	0.040	  141.07	100.00
 926.00	 917.33	 4.6267	34.4245	27.2693	 0.36	 15.67	0.041	  141.07	 99.98
 927.00	 918.32	 4.6134	34.4259	27.2719	 0.36	 15.78	0.041	  141.02	 98.80
 928.00	 919.31	 4.6131	34.4260	27.2721	 0.36	 15.83	0.040	  141.04	 98.49
 929.00	 920.30	 4.6102	34.4263	27.2726	 0.36	 15.70	0.040	  141.11	 97.81
 930.00	 921.28	 4.6025	34.4267	27.2738	 0.36	 15.75	0.040	  141.11	 96.83
 931.00	 922.27	 4.5943	34.4278	27.2756	 0.36	 15.77	0.040	  141.08	 95.52
 932.00	 923.26	 4.5920	34.4283	27.2762	 0.36	 15.68	0.040	  141.02	 94.44
 933.00	 924.25	 4.5900	34.4284	27.2765	 0.36	 15.71	0.040	  141.03	 93.73
 934.00	 925.24	 4.5885	34.4287	27.2769	 0.36	 15.86	0.040	  141.03	 92.79
 935.00	 926.23	 4.5869	34.4287	27.2771	 0.37	 16.00	0.040	  141.01	 91.65
 936.00	 927.21	 4.5861	34.4289	27.2774	 0.37	 15.88	0.040	  140.91	 90.45
 937.00	 928.20	 4.5838	34.4291	27.2778	 0.37	 15.93	0.040	  140.87	 89.41
 938.00	 929.19	 4.5828	34.4293	27.2781	 0.37	 15.93	0.041	  140.94	 88.59
 939.00	 930.18	 4.5813	34.4293	27.2782	 0.37	 15.91	0.040	  140.92	 87.57
 940.00	 931.17	 4.5733	34.4294	27.2792	 0.37	 16.13	0.040	  140.90	 86.58
 941.00	 932.16	 4.5593	34.4310	27.2820	 0.38	 16.43	0.040	  140.87	 85.61
 942.00	 933.14	 4.5482	34.4320	27.2840	 0.38	 16.31	0.040	  140.89	 84.60
 943.00	 934.13	 4.5435	34.4324	27.2848	 0.37	 16.16	0.041	  140.87	 83.42
 944.00	 935.12	 4.5406	34.4327	27.2854	 0.37	 16.15	0.041	  140.85	 82.41
 945.00	 936.11	 4.5393	34.4328	27.2857	 0.38	 16.31	0.040	  140.83	 81.62
 946.00	 937.10	 4.5371	34.4330	27.2860	 0.38	 16.46	0.040	  140.93	 80.81
 947.00	 938.09	 4.5352	34.4330	27.2863	 0.38	 16.34	0.040	  140.88	 79.85
 948.00	 939.07	 4.5335	34.4334	27.2868	 0.38	 16.35	0.041	  140.93	 78.77
 949.00	 940.06	 4.5317	34.4336	27.2871	 0.38	 16.43	0.042	  140.88	 77.52
 950.00	 941.05	 4.5290	34.4336	27.2875	 0.38	 16.48	0.042	  140.89	 76.45
 951.00	 942.04	 4.5229	34.4339	27.2883	 0.38	 16.58	0.041	  140.87	 75.43
 952.00	 943.03	 4.5110	34.4349	27.2904	 0.39	 16.87	0.041	  140.88	 74.64
 953.00	 944.02	 4.5027	34.4354	27.2917	 0.39	 16.80	0.042	  140.91	 73.56
 954.00	 945.00	 4.4989	34.4357	27.2924	 0.39	 16.84	0.041	  140.90	 72.62
 955.00	 945.99	 4.4922	34.4364	27.2937	 0.39	 16.99	0.041	  140.92	 71.57
 956.00	 946.98	 4.4829	34.4370	27.2952	 0.39	 17.14	0.041	  140.87	 70.44
 957.00	 947.97	 4.4670	34.4374	27.2972	 0.40	 17.34	0.041	  140.85	 69.51
 958.00	 948.96	 4.4503	34.4391	27.3004	 0.40	 17.41	0.041	  140.90	 68.62
 959.00	 949.95	 4.4445	34.4397	27.3014	 0.40	 17.54	0.040	  140.86	 67.51
 960.00	 950.93	 4.4431	34.4398	27.3017	 0.40	 17.33	0.040	  140.84	 66.53
 961.00	 951.92	 4.4439	34.4397	27.3016	 0.40	 17.28	0.042	  140.82	 65.71
 962.00	 952.91	 4.4448	34.4397	27.3014	 0.40	 17.18	0.042	  140.79	 64.86
 963.00	 953.90	 4.4465	34.4394	27.3011	 0.39	 17.00	0.042	  140.80	 63.80
 964.00	 954.89	 4.4473	34.4395	27.3010	 0.39	 17.04	0.042	  140.78	 62.83
 965.00	 955.88	 4.4470	34.4395	27.3011	 0.39	 17.04	0.041	  140.78	 61.65
 966.00	 956.86	 4.4478	34.4392	27.3008	 0.39	 17.04	0.040	  140.78	 60.38
 967.00	 957.85	 4.4473	34.4393	27.3009	 0.40	 17.18	0.040	  140.85	 59.66
 968.00	 958.84	 4.4481	34.4396	27.3011	 0.39	 16.91	0.040	  140.78	 58.76
 969.00	 959.83	 4.4489	34.4393	27.3008	 0.39	 17.11	0.041	  140.78	 57.76
 970.00	 960.82	 4.4486	34.4393	27.3008	 0.40	 17.30	0.041	  140.73	 56.77
 971.00	 961.81	 4.4470	34.4392	27.3009	 0.39	 17.16	0.041	  140.69	 55.63
 972.00	 962.79	 4.4445	34.4393	27.3013	 0.39	 17.16	0.041	  140.77	 54.65
 973.00	 963.78	 4.4401	34.4398	27.3021	 0.40	 17.35	0.041	  140.75	 53.65
 974.00	 964.77	 4.4374	34.4399	27.3025	 0.40	 17.42	0.041	  140.73	 52.59
 975.00	 965.76	 4.4334	34.4401	27.3031	 0.40	 17.38	0.040	  140.67	 51.63
 976.00	 966.75	 4.4289	34.4406	27.3040	 0.40	 17.30	0.040	  140.73	 50.73
 977.00	 967.73	 4.4265	34.4407	27.3043	 0.40	 17.37	0.040	  140.68	 49.91
 978.00	 968.72	 4.4247	34.4409	27.3047	 0.40	 17.36	0.040	  140.65	 48.82
 979.00	 969.71	 4.4237	34.4409	27.3048	 0.40	 17.41	0.041	  140.65	 47.62
 980.00	 970.70	 4.4207	34.4410	27.3052	 0.40	 17.45	0.042	  140.68	 46.53
 981.00	 971.69	 4.4192	34.4413	27.3056	 0.40	 17.55	0.041	  140.68	 45.70
 982.00	 972.68	 4.4180	34.4413	27.3058	 0.41	 17.61	0.041	  140.68	 44.74
 983.00	 973.66	 4.4176	34.4415	27.3059	 0.40	 17.58	0.041	  140.69	 43.72
 984.00	 974.65	 4.4159	34.4419	27.3065	 0.41	 17.61	0.042	  140.64	 42.78
 985.00	 975.64	 4.4164	34.4418	27.3064	 0.40	 17.56	0.040	  140.66	 41.77
 986.00	 976.63	 4.4176	34.4418	27.3063	 0.40	 17.56	0.040	  140.69	 40.76
 987.00	 977.62	 4.4167	34.4418	27.3063	 0.40	 17.50	0.040	  140.67	 39.75
 988.00	 978.60	 4.4151	34.4420	27.3067	 0.41	 17.63	0.041	  140.65	 38.65
 989.00	 979.59	 4.4116	34.4426	27.3075	 0.41	 17.79	0.041	  140.70	 37.66
 990.00	 980.58	 4.4074	34.4427	27.3080	 0.41	 17.96	0.040	  140.67	 36.68
 991.00	 981.57	 4.3946	34.4437	27.3103	 0.41	 17.92	0.040	  140.68	 35.66
 992.00	 982.56	 4.3851	34.4445	27.3119	 0.41	 18.03	0.042	  140.67	 34.64
 993.00	 983.55	 4.3817	34.4446	27.3124	 0.42	 18.26	0.042	  140.69	 33.69
 994.00	 984.53	 4.3738	34.4449	27.3135	 0.42	 18.39	0.041	  140.65	 32.85
 995.00	 985.52	 4.3669	34.4455	27.3147	 0.43	 18.61	0.040	  140.65	 31.89
 996.00	 986.51	 4.3574	34.4456	27.3158	 0.43	 18.49	0.040	  140.68	 30.96
 997.00	 987.50	 4.3477	34.4465	27.3175	 0.42	 18.39	0.040	  140.66	 29.89
 998.00	 988.49	 4.3411	34.4472	27.3187	 0.43	 18.52	0.041	  140.67	 28.70
 999.00	 989.47	 4.3360	34.4475	27.3196	 0.43	 18.64	0.041	  140.67	 27.66
1000.00	 990.46	 4.3309	34.4479	27.3204	 0.43	 18.67	0.041	  140.65	 26.76
1001.00	 991.45	 4.3275	34.4483	27.3211	 0.43	 18.75	0.040	  140.68	 25.84
1002.00	 992.44	 4.3237	34.4481	27.3214	 0.44	 18.94	0.042	  140.66	 24.88
1003.00	 993.43	 4.3148	34.4489	27.3229	 0.43	 18.89	0.042	  140.64	 23.83
1004.00	 994.41	 4.3117	34.4492	27.3235	 0.43	 18.75	0.040	  140.64	 22.71
1005.00	 995.40	 4.3093	34.4493	27.3239	 0.43	 18.77	0.041	  140.67	 21.65
1006.00	 996.39	 4.3059	34.4493	27.3243	 0.44	 19.03	0.042	  140.67	 20.76
1007.00	 997.38	 4.3006	34.4499	27.3253	 0.44	 19.34	0.041	  140.68	 19.93
1008.00	 998.37	 4.2979	34.4498	27.3255	 0.44	 19.11	0.040	  140.69	 19.02
1009.00	 999.35	 4.2948	34.4501	27.3260	 0.44	 18.96	0.040	  140.70	 18.06
1010.00	1000.34	 4.2924	34.4505	27.3266	 0.44	 18.97	0.040	  140.72	 16.99
1011.00	1001.33	 4.2912	34.4506	27.3269	 0.44	 18.94	0.041	  140.67	 15.69
1012.00	1002.32	 4.2953	34.4504	27.3263	 0.43	 18.90	0.041	  140.61	 14.64
1013.00	1003.31	 4.2868	34.4510	27.3277	 0.44	 18.97	0.040	  140.65	 13.65
1014.00	1004.30	 4.2816	34.4512	27.3284	 0.44	 19.02	0.040	  140.63	 12.69
1015.00	1005.28	 4.2689	34.4525	27.3307	 0.44	 19.15	0.040	  140.64	 11.67
1016.00	1006.27	 4.2660	34.4526	27.3311	 0.44	 19.18	0.040	  140.57	 10.77
1017.00	1007.26	 4.2618	34.4528	27.3317	 0.44	 19.16	0.041	  140.47	  9.77
