* Sea-Bird SBE 9 Data:
* Software Version Seasave V 7.26.7.107
* Vessel: NOAA Ship Ronald H. Brown
* Cruise: RB2102, West Coast Ocean Acidification (WCOA) 2021
* Dates: 20210622 to 20210723
* Region: NE Pacific, USA West Coast
* Ports: San Diego, CA to Port Angeles, WA to San Diego, CA
* Chief Scientists: R. Feely, NOAA PMEL; D. Greeley, NOAA PMEL; B. Carter, NOAA PMEL / UW CICOES
* Contacts: R. Feely, richard.a.feely@noaa.gov; D. Greeley, dana.greeley@noaa.gov; B. Carter, brendan.carter@noaa.gov
* Station: 046
* Cast: 1
* Cast Date-Time [GMT]: 03-Jul-2021 19:46:05
* Longitude: -125.1204 W
* Latitude: 44.6527 N
* Water Depth [m]: 720.6
**********
* Column  1: Pressure [decibar]
* Column  2: Depth [m]
* Column  3: Temperature ITS-90 [degree C]
* Column  4: Salinity PSS-78 [psu]
* Column  5: Sigma-theta EOS-80 [kg/m^3 - 1000]
* Column  6: Oxygen [ml/L]
* Column  7: Oxygen [umol/kg]
* Column  8: Fluorescence [volts]
* Column  9: Oxygen Reduction Potential [mV]
* Column 10: Altimeter [m]
**********
*END*
   4.00	   3.97	15.8457	31.3620	22.9855	 6.03	263.43	0.052	  155.59	 99.67
   5.00	   4.96	15.8614	31.3576	22.9787	 6.07	265.00	0.052	  155.53	 99.66
   6.00	   5.95	15.8557	31.3573	22.9798	 6.09	265.67	0.052	  155.49	 99.67
   7.00	   6.94	15.8549	31.3578	22.9804	 6.08	265.63	0.052	  155.51	 99.68
   8.00	   7.94	15.8556	31.3575	22.9800	 6.08	265.41	0.053	  155.44	 99.68
   9.00	   8.93	15.8509	31.3577	22.9812	 6.08	265.49	0.053	  155.47	 99.68
  10.00	   9.92	15.8401	31.3613	22.9865	 6.09	265.67	0.054	  155.41	 99.68
  11.00	  10.91	15.8398	31.3621	22.9871	 6.10	266.27	0.054	  155.42	 99.68
  12.00	  11.90	15.8406	31.3617	22.9867	 6.10	266.20	0.055	  155.43	 99.68
  13.00	  12.89	15.8426	31.3615	22.9862	 6.09	265.94	0.054	  155.38	 99.68
  14.00	  13.89	15.8382	31.3649	22.9897	 6.10	266.29	0.056	  155.37	 99.68
  15.00	  14.88	15.8277	31.3746	22.9996	 6.10	266.09	0.054	  155.37	 99.68
  16.00	  15.87	15.8120	31.3922	23.0166	 6.09	266.02	0.054	  155.37	 99.68
  17.00	  16.86	15.7803	31.4246	23.0485	 6.09	266.01	0.057	  155.32	 99.68
  18.00	  17.85	15.7743	31.4342	23.0573	 6.11	266.64	0.058	  155.37	 99.68
  19.00	  18.85	15.7200	31.4708	23.0973	 6.19	270.37	0.058	  155.42	 99.68
  20.00	  19.84	15.2931	31.5624	23.2609	 6.38	278.63	0.062	  155.50	 99.68
  21.00	  20.83	14.0423	31.6521	23.5933	 6.89	300.47	0.070	  155.72	 99.71
  22.00	  21.82	12.7982	31.7657	23.9282	 7.08	308.95	0.077	  156.02	 99.73
  23.00	  22.81	12.0155	31.8555	24.1456	 7.00	305.19	0.085	  156.10	 99.83
  24.00	  23.80	11.5299	31.8744	24.2490	 6.90	301.05	0.085	  156.27	 99.85
  25.00	  24.80	10.8681	31.9088	24.3928	 6.97	303.99	0.084	  156.38	 99.83
  26.00	  25.79	 9.8839	32.0152	24.6416	 6.94	302.31	0.082	  156.60	 99.79
  27.00	  26.78	 9.6868	32.0482	24.6995	 6.79	295.83	0.081	  156.66	 99.74
  28.00	  27.77	 9.6362	32.0519	24.7105	 6.76	294.81	0.078	  156.70	 99.72
  29.00	  28.76	 9.5865	32.0595	24.7245	 6.75	294.12	0.077	  156.72	 99.70
  30.00	  29.76	 9.5545	32.0694	24.7374	 6.68	291.27	0.078	  156.67	 97.35
  31.00	  30.75	 9.4148	32.0820	24.7695	 6.63	288.79	0.077	  156.76	 99.67
  32.00	  31.74	 9.3181	32.0929	24.7934	 6.57	286.10	0.073	  156.84	 99.64
  33.00	  32.73	 9.0276	32.1280	24.8662	 6.50	283.44	0.070	  156.91	 99.63
  34.00	  33.72	 8.7913	32.1664	24.9325	 6.44	280.48	0.068	  157.05	 97.90
  35.00	  34.71	 8.7094	32.1840	24.9587	 6.37	277.41	0.067	  157.04	 94.22
  36.00	  35.71	 8.6230	32.2009	24.9850	 6.32	275.36	0.066	  157.13	 99.19
  37.00	  36.70	 8.5543	32.2115	25.0037	 6.24	271.78	0.065	  157.15	 99.51
  38.00	  37.69	 8.5020	32.2291	25.0253	 6.17	268.85	0.064	  157.24	 99.50
  39.00	  38.68	 8.4539	32.2641	25.0599	 6.14	267.55	0.062	  157.22	 93.46
  40.00	  39.67	 8.4504	32.2774	25.0709	 6.07	264.63	0.063	  157.23	 98.74
  41.00	  40.66	 8.4473	32.2855	25.0777	 6.04	263.02	0.061	  157.27	 99.44
  42.00	  41.66	 8.4439	32.2909	25.0824	 6.03	262.81	0.061	  157.20	 99.44
  43.00	  42.65	 8.4422	32.2931	25.0844	 6.02	262.08	0.061	  157.15	 93.45
  44.00	  43.64	 8.4381	32.2981	25.0890	 6.00	261.20	0.061	  157.15	 95.64
  45.00	  44.63	 8.4322	32.3053	25.0955	 5.95	259.39	0.060	  157.15	 99.53
  46.00	  45.62	 8.4222	32.3175	25.1066	 5.91	257.47	0.059	  157.18	 99.41
  47.00	  46.61	 8.4111	32.3308	25.1186	 5.82	253.36	0.060	  157.16	 98.93
  48.00	  47.61	 8.3861	32.3603	25.1455	 5.64	245.59	0.059	  157.16	 85.40
  49.00	  48.60	 8.3267	32.4326	25.2110	 5.52	240.44	0.058	  157.25	 99.13
  50.00	  49.59	 8.2759	32.4814	25.2568	 5.43	236.56	0.056	  157.27	 99.38
  51.00	  50.58	 8.2130	32.5320	25.3057	 5.22	227.33	0.056	  157.25	 96.43
  52.00	  51.57	 8.1661	32.5538	25.3297	 5.07	220.97	0.057	  157.30	 99.40
  53.00	  52.56	 8.0872	32.5950	25.3735	 5.02	218.52	0.053	  157.41	 99.32
  54.00	  53.56	 8.0597	32.6101	25.3894	 4.98	216.75	0.053	  157.34	 99.32
  55.00	  54.55	 8.0273	32.6229	25.4042	 4.92	214.26	0.053	  157.41	 99.30
  56.00	  55.54	 8.0089	32.6378	25.4186	 4.84	210.97	0.054	  157.37	 99.30
  57.00	  56.53	 8.0033	32.6502	25.4291	 4.78	208.21	0.053	  157.41	 90.29
  58.00	  57.52	 7.9997	32.6638	25.4403	 4.75	206.90	0.052	  157.41	 94.86
  59.00	  58.51	 7.9953	32.6888	25.4606	 4.72	205.74	0.051	  157.40	 99.21
  60.00	  59.51	 7.9937	32.7030	25.4720	 4.69	204.16	0.051	  157.39	 99.32
  61.00	  60.50	 7.9893	32.7248	25.4897	 4.64	201.86	0.052	  157.37	 99.32
  62.00	  61.49	 7.9821	32.7386	25.5017	 4.58	199.66	0.052	  157.37	 99.32
  63.00	  62.48	 7.9772	32.7603	25.5194	 4.54	197.85	0.051	  157.36	 99.32
  64.00	  63.47	 7.9743	32.7761	25.5322	 4.51	196.61	0.050	  157.39	 99.32
  65.00	  64.46	 7.9725	32.7860	25.5403	 4.49	195.51	0.051	  157.33	 99.33
  66.00	  65.46	 7.9711	32.7943	25.5470	 4.46	194.40	0.050	  157.32	 99.34
  67.00	  66.45	 7.9696	32.8065	25.5568	 4.44	193.52	0.049	  157.30	 99.34
  68.00	  67.44	 7.9689	32.8156	25.5641	 4.43	192.81	0.049	  157.30	 99.34
  69.00	  68.43	 7.9679	32.8233	25.5702	 4.40	191.50	0.049	  157.24	 99.34
  70.00	  69.42	 7.9669	32.8289	25.5749	 4.33	188.40	0.049	  157.26	 99.34
  71.00	  70.41	 7.9643	32.8427	25.5861	 4.17	181.75	0.049	  157.30	 99.34
  72.00	  71.41	 7.9541	32.9313	25.6571	 4.06	176.92	0.048	  157.33	 99.34
  73.00	  72.40	 7.9450	33.0166	25.7254	 3.97	172.76	0.047	  157.43	 99.36
  74.00	  73.39	 7.9488	33.0421	25.7449	 3.76	163.54	0.046	  157.31	 99.39
  75.00	  74.38	 7.9470	33.1793	25.8529	 3.65	158.74	0.045	  157.44	 99.39
  76.00	  75.37	 7.9616	33.2470	25.9040	 3.58	155.69	0.044	  157.50	 99.40
  77.00	  76.36	 7.9765	33.2835	25.9304	 3.49	152.10	0.043	  157.48	 99.44
  78.00	  77.35	 7.9867	33.3209	25.9583	 3.46	150.74	0.043	  157.46	 99.46
  79.00	  78.35	 8.0007	33.3465	25.9764	 3.44	149.70	0.043	  157.46	 99.47
  80.00	  79.34	 8.0117	33.3603	25.9856	 3.42	149.06	0.042	  157.50	 99.49
  81.00	  80.33	 8.0142	33.3595	25.9847	 3.41	148.63	0.043	  157.43	 99.50
  82.00	  81.32	 8.0230	33.3708	25.9922	 3.41	148.40	0.043	  157.40	 99.51
  83.00	  82.31	 8.0340	33.3807	25.9984	 3.40	148.03	0.042	  157.39	 99.51
  84.00	  83.30	 8.0600	33.4053	26.0140	 3.39	147.55	0.042	  157.40	 99.51
  85.00	  84.30	 8.0762	33.4177	26.0213	 3.39	147.59	0.042	  157.43	 99.51
  86.00	  85.29	 8.0816	33.4221	26.0240	 3.39	147.65	0.042	  157.36	 99.51
  87.00	  86.28	 8.0821	33.4220	26.0238	 3.39	147.64	0.042	  157.31	 99.51
  88.00	  87.27	 8.0826	33.4223	26.0240	 3.39	147.56	0.042	  157.31	 99.51
  89.00	  88.26	 8.0877	33.4279	26.0276	 3.38	147.29	0.042	  157.20	 99.51
  90.00	  89.25	 8.0901	33.4317	26.0303	 3.37	146.63	0.042	  157.28	 99.51
  91.00	  90.24	 8.1071	33.4603	26.0503	 3.35	145.84	0.042	  157.32	 99.51
  92.00	  91.24	 8.1162	33.4722	26.0582	 3.34	145.38	0.041	  157.28	 99.51
  93.00	  92.23	 8.1185	33.4786	26.0630	 3.33	145.12	0.041	  157.28	 99.51
  94.00	  93.22	 8.1218	33.4832	26.0661	 3.32	144.49	0.041	  157.27	 99.52
  95.00	  94.21	 8.1220	33.4858	26.0681	 3.28	142.86	0.042	  157.16	 99.53
  96.00	  95.20	 8.1500	33.5304	26.0990	 3.25	141.25	0.040	  157.21	 99.53
  97.00	  96.19	 8.1948	33.5607	26.1161	 3.24	140.80	0.040	  157.14	 99.53
  98.00	  97.18	 8.1992	33.5642	26.1182	 3.23	140.41	0.040	  157.17	 99.53
  99.00	  98.18	 8.2003	33.5750	26.1266	 3.21	139.70	0.040	  157.16	 99.54
 100.00	  99.17	 8.1981	33.5830	26.1332	 3.18	138.48	0.041	  157.15	 99.54
 101.00	 100.16	 8.1936	33.5974	26.1451	 3.17	137.97	0.041	  157.15	 99.54
 102.00	 101.15	 8.1883	33.6078	26.1541	 3.16	137.65	0.042	  157.14	 99.55
 103.00	 102.14	 8.1847	33.6113	26.1574	 3.14	136.81	0.041	  157.14	 99.55
 104.00	 103.13	 8.1793	33.6169	26.1626	 3.13	136.13	0.040	  157.14	 99.56
 105.00	 104.12	 8.1760	33.6246	26.1692	 3.12	135.63	0.040	  157.14	 99.56
 106.00	 105.12	 8.1661	33.6351	26.1790	 3.11	135.30	0.040	  157.15	 99.56
 107.00	 106.11	 8.1584	33.6412	26.1849	 3.09	134.66	0.040	  157.14	 99.56
 108.00	 107.10	 8.1464	33.6546	26.1972	 3.07	133.57	0.040	  157.14	 99.56
 109.00	 108.09	 8.1365	33.6714	26.2118	 3.05	132.68	0.040	  157.14	 99.56
 110.00	 109.08	 8.1251	33.6933	26.2308	 3.03	131.82	0.040	  157.12	 99.56
 111.00	 110.07	 8.1153	33.7195	26.2528	 3.01	131.16	0.040	  157.08	 99.57
 112.00	 111.06	 8.1121	33.7318	26.2629	 3.00	130.63	0.040	  157.12	 99.58
 113.00	 112.06	 8.1105	33.7339	26.2648	 3.00	130.35	0.040	  157.07	 99.58
 114.00	 113.05	 8.1089	33.7387	26.2689	 2.99	130.25	0.040	  157.05	 99.58
 115.00	 114.04	 8.0987	33.7500	26.2793	 2.99	130.09	0.040	  157.01	 99.58
 116.00	 115.03	 8.0883	33.7553	26.2849	 2.99	129.90	0.040	  157.04	 99.58
 117.00	 116.02	 8.0854	33.7565	26.2864	 2.99	130.17	0.039	  157.00	 99.58
 118.00	 117.01	 8.0825	33.7578	26.2878	 3.00	130.49	0.040	  157.02	 99.58
 119.00	 118.00	 8.0798	33.7585	26.2888	 3.00	130.53	0.040	  157.05	 99.59
 120.00	 119.00	 8.0777	33.7594	26.2898	 3.00	130.42	0.040	  157.04	 99.58
 121.00	 119.99	 8.0743	33.7603	26.2911	 3.00	130.42	0.040	  156.90	 99.59
 122.00	 120.98	 8.0734	33.7614	26.2921	 3.00	130.40	0.040	  156.95	 99.58
 123.00	 121.97	 8.0717	33.7615	26.2924	 2.99	130.27	0.040	  156.96	 99.58
 124.00	 122.96	 8.0589	33.7669	26.2985	 2.99	130.11	0.040	  156.97	 99.58
 125.00	 123.95	 8.0542	33.7693	26.3011	 2.99	130.14	0.040	  156.89	 99.58
 126.00	 124.94	 8.0464	33.7748	26.3067	 2.99	130.22	0.040	  156.92	 99.58
 127.00	 125.93	 8.0397	33.7813	26.3127	 3.00	130.36	0.040	  156.96	 99.58
 128.00	 126.93	 8.0273	33.7854	26.3178	 3.00	130.57	0.040	  156.89	 99.58
 129.00	 127.92	 8.0266	33.7843	26.3170	 3.00	130.62	0.040	  156.84	 99.58
 130.00	 128.91	 8.0097	33.7894	26.3235	 3.02	131.20	0.040	  156.78	 99.58
 131.00	 129.90	 8.0013	33.7911	26.3262	 3.03	131.64	0.040	  156.81	 99.58
 132.00	 130.89	 7.9976	33.7919	26.3274	 3.03	131.85	0.040	  156.81	 99.58
 133.00	 131.88	 7.9943	33.7927	26.3285	 3.03	131.98	0.040	  156.82	 99.58
 134.00	 132.87	 7.9875	33.7940	26.3305	 3.04	132.12	0.040	  156.79	 99.58
 135.00	 133.86	 7.9836	33.7946	26.3316	 3.04	132.31	0.040	  156.79	 99.58
 136.00	 134.86	 7.9697	33.7989	26.3370	 3.04	132.27	0.040	  156.73	 99.58
 137.00	 135.85	 7.9499	33.8066	26.3460	 3.04	132.13	0.040	  156.72	 99.58
 138.00	 136.84	 7.9208	33.8188	26.3599	 3.03	131.85	0.040	  156.75	 99.58
 139.00	 137.83	 7.9045	33.8281	26.3696	 3.02	131.36	0.040	  156.75	 99.58
 140.00	 138.82	 7.8994	33.8320	26.3734	 3.00	130.65	0.040	  156.75	 99.58
 141.00	 139.81	 7.8942	33.8375	26.3784	 2.98	129.58	0.040	  156.76	 99.58
 142.00	 140.80	 7.8902	33.8412	26.3820	 2.96	128.76	0.040	  156.79	 99.58
 143.00	 141.79	 7.8862	33.8438	26.3846	 2.92	127.20	0.040	  156.77	 99.59
 144.00	 142.79	 7.8714	33.8580	26.3979	 2.89	125.91	0.040	  156.76	 99.59
 145.00	 143.78	 7.8681	33.8639	26.4031	 2.88	125.25	0.040	  156.75	 99.59
 146.00	 144.77	 7.8664	33.8663	26.4052	 2.87	124.81	0.040	  156.71	 99.61
 147.00	 145.76	 7.8650	33.8676	26.4064	 2.86	124.35	0.040	  156.76	 99.61
 148.00	 146.75	 7.8645	33.8710	26.4092	 2.84	123.76	0.040	  156.69	 99.61
 149.00	 147.74	 7.8680	33.8756	26.4123	 2.83	123.31	0.040	  156.68	 99.61
 150.00	 148.73	 7.8681	33.8758	26.4124	 2.83	123.16	0.040	  156.67	 99.62
 151.00	 149.72	 7.8695	33.8767	26.4130	 2.82	122.91	0.040	  156.66	 99.62
 152.00	 150.72	 7.8708	33.8784	26.4141	 2.82	122.63	0.040	  156.65	 99.63
 153.00	 151.71	 7.8720	33.8788	26.4143	 2.82	122.67	0.040	  156.74	 99.63
 154.00	 152.70	 7.8721	33.8788	26.4143	 2.82	122.51	0.040	  156.67	 99.63
 155.00	 153.69	 7.8717	33.8801	26.4154	 2.80	121.97	0.040	  156.63	 99.63
 156.00	 154.68	 7.8704	33.8830	26.4179	 2.79	121.58	0.040	  156.59	 99.63
 157.00	 155.67	 7.8697	33.8848	26.4194	 2.79	121.42	0.040	  156.58	 99.63
 158.00	 156.66	 7.8693	33.8853	26.4199	 2.78	120.85	0.040	  156.61	 99.63
 159.00	 157.65	 7.8684	33.8880	26.4222	 2.75	119.76	0.040	  156.62	 99.63
 160.00	 158.64	 7.8688	33.8941	26.4269	 2.71	118.04	0.040	  156.60	 99.63
 161.00	 159.64	 7.8715	33.9014	26.4322	 2.66	115.91	0.040	  156.60	 99.63
 162.00	 160.63	 7.8401	33.9106	26.4441	 2.65	115.11	0.040	  156.55	 99.63
 163.00	 161.62	 7.8262	33.9117	26.4470	 2.64	114.69	0.040	  156.59	 99.64
 164.00	 162.61	 7.7972	33.9109	26.4506	 2.62	114.10	0.040	  156.60	 99.66
 165.00	 163.60	 7.7432	33.9167	26.4630	 2.61	113.57	0.040	  156.54	 99.66
 166.00	 164.59	 7.7276	33.9209	26.4686	 2.60	113.20	0.040	  156.59	 99.66
 167.00	 165.58	 7.7261	33.9215	26.4692	 2.59	112.68	0.040	  156.65	 99.66
 168.00	 166.57	 7.7226	33.9229	26.4709	 2.58	112.11	0.040	  156.64	 99.66
 169.00	 167.56	 7.7160	33.9254	26.4738	 2.57	111.69	0.040	  156.64	 99.66
 170.00	 168.56	 7.7133	33.9264	26.4750	 2.56	111.40	0.040	  156.63	 99.67
 171.00	 169.55	 7.7076	33.9270	26.4763	 2.54	110.42	0.040	  156.55	 99.67
 172.00	 170.54	 7.6847	33.9302	26.4822	 2.50	108.91	0.040	  156.55	 99.68
 173.00	 171.53	 7.6530	33.9347	26.4902	 2.49	108.35	0.040	  156.56	 99.68
 174.00	 172.52	 7.6342	33.9377	26.4953	 2.49	108.12	0.040	  156.56	 99.68
 175.00	 173.51	 7.6282	33.9388	26.4970	 2.48	107.92	0.040	  156.57	 99.68
 176.00	 174.50	 7.6241	33.9394	26.4981	 2.48	107.84	0.040	  156.56	 99.68
 177.00	 175.49	 7.6203	33.9404	26.4995	 2.47	107.61	0.040	  156.59	 99.68
 178.00	 176.48	 7.6178	33.9412	26.5005	 2.46	106.97	0.040	  156.55	 99.68
 179.00	 177.48	 7.5997	33.9429	26.5045	 2.46	106.81	0.040	  156.54	 99.68
 180.00	 178.47	 7.5672	33.9439	26.5099	 2.46	107.20	0.040	  156.56	 99.68
 181.00	 179.46	 7.5354	33.9455	26.5157	 2.47	107.51	0.040	  156.61	 99.69
 182.00	 180.45	 7.5233	33.9456	26.5175	 2.47	107.57	0.040	  156.58	 99.69
 183.00	 181.44	 7.5169	33.9457	26.5185	 2.47	107.26	0.040	  156.56	 99.69
 184.00	 182.43	 7.5105	33.9472	26.5206	 2.44	106.22	0.040	  156.61	 99.69
 185.00	 183.42	 7.5043	33.9495	26.5233	 2.43	105.61	0.040	  156.59	 99.69
 186.00	 184.41	 7.4772	33.9513	26.5286	 2.42	105.35	0.040	  156.56	 99.69
 187.00	 185.40	 7.4635	33.9535	26.5322	 2.41	104.83	0.040	  156.53	 99.70
 188.00	 186.40	 7.4637	33.9545	26.5330	 2.40	104.30	0.040	  156.54	 99.70
 189.00	 187.39	 7.4575	33.9552	26.5345	 2.39	104.08	0.040	  156.51	 99.71
 190.00	 188.38	 7.4494	33.9555	26.5358	 2.39	104.07	0.040	  156.57	 99.71
 191.00	 189.37	 7.4320	33.9556	26.5384	 2.40	104.58	0.040	  156.57	 99.71
 192.00	 190.36	 7.4272	33.9559	26.5394	 2.41	105.00	0.040	  156.50	 99.71
 193.00	 191.35	 7.4245	33.9561	26.5399	 2.42	105.40	0.040	  156.55	 99.71
 194.00	 192.34	 7.4119	33.9548	26.5407	 2.43	105.58	0.040	  156.53	 99.71
 195.00	 193.33	 7.4044	33.9556	26.5424	 2.43	105.82	0.040	  156.50	 99.71
 196.00	 194.32	 7.4006	33.9556	26.5429	 2.46	106.90	0.040	  156.50	 99.71
 197.00	 195.31	 7.3906	33.9546	26.5436	 2.53	109.90	0.040	  156.54	 99.71
 198.00	 196.30	 7.3463	33.9494	26.5457	 2.60	113.23	0.040	  156.49	 99.71
 199.00	 197.30	 7.3090	33.9489	26.5506	 2.63	114.47	0.040	  156.56	 99.71
 200.00	 198.29	 7.2824	33.9508	26.5558	 2.65	115.11	0.040	  156.56	 99.70
 201.00	 199.28	 7.2754	33.9509	26.5568	 2.66	115.60	0.040	  156.45	 99.68
 202.00	 200.27	 7.2674	33.9512	26.5582	 2.67	115.95	0.040	  156.42	 99.68
 203.00	 201.26	 7.2604	33.9514	26.5594	 2.67	116.18	0.040	  156.40	 99.68
 204.00	 202.25	 7.2590	33.9516	26.5598	 2.68	116.74	0.040	  156.44	 99.66
 205.00	 203.24	 7.2488	33.9496	26.5596	 2.67	116.15	0.040	  156.35	 99.66
 206.00	 204.23	 7.2234	33.9507	26.5640	 2.64	114.80	0.040	  156.38	 99.66
 207.00	 205.22	 7.2217	33.9558	26.5683	 2.61	113.72	0.040	  156.39	 99.66
 208.00	 206.21	 7.2217	33.9563	26.5687	 2.59	112.54	0.040	  156.41	 99.66
 209.00	 207.21	 7.2203	33.9589	26.5709	 2.56	111.48	0.040	  156.41	 99.66
 210.00	 208.20	 7.2273	33.9602	26.5710	 2.55	111.07	0.040	  156.41	 99.66
 211.00	 209.19	 7.2260	33.9614	26.5721	 2.54	110.54	0.040	  156.40	 99.67
 212.00	 210.18	 7.2183	33.9626	26.5741	 2.51	109.07	0.040	  156.41	 99.68
 213.00	 211.17	 7.2107	33.9637	26.5761	 2.44	106.34	0.040	  156.41	 99.68
 214.00	 212.16	 7.2027	33.9672	26.5800	 2.42	105.28	0.040	  156.37	 99.68
 215.00	 213.15	 7.1999	33.9683	26.5813	 2.39	103.97	0.040	  156.39	 99.68
 216.00	 214.14	 7.1970	33.9708	26.5836	 2.36	102.81	0.040	  156.41	 99.68
 217.00	 215.13	 7.1955	33.9725	26.5852	 2.35	102.02	0.040	  156.41	 99.68
 218.00	 216.12	 7.1910	33.9753	26.5880	 2.33	101.34	0.040	  156.47	 99.69
 219.00	 217.11	 7.1897	33.9761	26.5888	 2.31	100.40	0.040	  156.42	 99.71
 220.00	 218.10	 7.1875	33.9767	26.5896	 2.29	 99.61	0.040	  156.40	 99.72
 221.00	 219.10	 7.1856	33.9770	26.5902	 2.28	 99.29	0.040	  156.41	 99.72
 222.00	 220.09	 7.1841	33.9771	26.5904	 2.28	 99.06	0.040	  156.41	 99.73
 223.00	 221.08	 7.1806	33.9771	26.5909	 2.27	 98.82	0.040	  156.42	 99.73
 224.00	 222.07	 7.1788	33.9779	26.5918	 2.27	 98.68	0.040	  156.41	 99.73
 225.00	 223.06	 7.1763	33.9778	26.5921	 2.27	 98.74	0.040	  156.38	 99.73
 226.00	 224.05	 7.1703	33.9775	26.5928	 2.27	 98.71	0.040	  156.35	 99.73
 227.00	 225.04	 7.1562	33.9772	26.5945	 2.27	 98.56	0.040	  156.34	 99.73
 228.00	 226.03	 7.1417	33.9780	26.5971	 2.27	 98.66	0.040	  156.38	 99.73
 229.00	 227.02	 7.1309	33.9779	26.5985	 2.27	 98.69	0.040	  156.35	 99.73
 230.00	 228.01	 7.1220	33.9767	26.5988	 2.26	 98.33	0.040	  156.34	 99.73
 231.00	 229.00	 7.1114	33.9767	26.6003	 2.25	 97.86	0.040	  156.37	 99.73
 232.00	 229.99	 7.1084	33.9795	26.6029	 2.24	 97.48	0.041	  156.32	 99.73
 233.00	 230.99	 7.0886	33.9772	26.6038	 2.23	 97.21	0.041	  156.31	 99.73
 234.00	 231.98	 7.0546	33.9784	26.6095	 2.23	 97.05	0.040	  156.37	 99.73
 235.00	 232.97	 7.0480	33.9804	26.6120	 2.23	 96.94	0.040	  156.38	 99.73
 236.00	 233.96	 7.0472	33.9805	26.6122	 2.22	 96.76	0.040	  156.41	 99.73
 237.00	 234.95	 7.0497	33.9803	26.6117	 2.22	 96.37	0.040	  156.30	 99.74
 238.00	 235.94	 7.0438	33.9806	26.6128	 2.21	 96.35	0.040	  156.36	 99.75
 239.00	 236.93	 7.0285	33.9796	26.6141	 2.22	 96.43	0.040	  156.37	 99.75
 240.00	 237.92	 7.0158	33.9801	26.6162	 2.21	 96.25	0.040	  156.38	 99.75
 241.00	 238.91	 7.0110	33.9810	26.6176	 2.20	 95.59	0.040	  156.39	 99.75
 242.00	 239.90	 7.0104	33.9817	26.6182	 2.18	 94.69	0.040	  156.35	 99.75
 243.00	 240.89	 7.0152	33.9838	26.6193	 2.15	 93.68	0.040	  156.35	 99.75
 244.00	 241.88	 7.0125	33.9859	26.6213	 2.14	 92.94	0.040	  156.32	 99.75
 245.00	 242.88	 7.0059	33.9883	26.6241	 2.12	 92.26	0.040	  156.31	 99.75
 246.00	 243.87	 7.0082	33.9890	26.6244	 2.09	 90.81	0.041	  156.36	 99.76
 247.00	 244.86	 7.0124	33.9919	26.6261	 2.04	 88.87	0.041	  156.33	 99.76
 248.00	 245.85	 7.0191	33.9943	26.6270	 2.01	 87.59	0.040	  156.32	 99.76
 249.00	 246.84	 7.0237	33.9944	26.6265	 2.01	 87.29	0.040	  156.35	 99.76
 250.00	 247.83	 7.0243	33.9959	26.6276	 2.03	 88.10	0.040	  156.33	 99.76
 251.00	 248.82	 7.0005	33.9929	26.6285	 2.05	 89.18	0.040	  156.36	 99.77
 252.00	 249.81	 6.9370	33.9880	26.6333	 2.08	 90.39	0.040	  156.41	 99.77
 253.00	 250.80	 6.9154	33.9877	26.6360	 2.10	 91.18	0.040	  156.37	 99.77
 254.00	 251.79	 6.9060	33.9850	26.6352	 2.11	 91.96	0.040	  156.31	 99.78
 255.00	 252.78	 6.8743	33.9827	26.6377	 2.11	 91.93	0.040	  156.28	 99.76
 256.00	 253.77	 6.8426	33.9804	26.6401	 2.07	 90.00	0.040	  156.31	 99.76
 257.00	 254.76	 6.8545	33.9885	26.6450	 2.03	 88.16	0.042	  156.28	 99.77
 258.00	 255.75	 6.8546	33.9916	26.6474	 1.98	 85.92	0.042	  156.35	 99.76
 259.00	 256.74	 6.8545	33.9920	26.6477	 1.93	 84.03	0.041	  156.34	 99.76
 260.00	 257.74	 6.8648	33.9990	26.6518	 1.89	 82.33	0.040	  156.32	 99.76
 261.00	 258.73	 6.8971	34.0073	26.6541	 1.86	 80.96	0.040	  156.28	 99.76
 262.00	 259.72	 6.9008	34.0084	26.6545	 1.85	 80.38	0.040	  156.25	 99.77
 263.00	 260.71	 6.8953	34.0097	26.6562	 1.80	 78.32	0.040	  156.34	 99.80
 264.00	 261.70	 6.8898	34.0109	26.6579	 1.75	 76.02	0.040	  156.36	 99.80
 265.00	 262.69	 6.8751	34.0120	26.6608	 1.73	 75.26	0.040	  156.32	 99.80
 266.00	 263.68	 6.8633	34.0113	26.6619	 1.72	 74.79	0.040	  156.38	 99.80
 267.00	 264.67	 6.8511	34.0137	26.6654	 1.71	 74.44	0.040	  156.31	 99.80
 268.00	 265.66	 6.8459	34.0148	26.6670	 1.71	 74.20	0.040	  156.34	 99.80
 269.00	 266.65	 6.8433	34.0151	26.6676	 1.70	 73.95	0.040	  156.36	 99.81
 270.00	 267.64	 6.8375	34.0157	26.6689	 1.69	 73.69	0.040	  156.39	 99.82
 271.00	 268.63	 6.8340	34.0163	26.6698	 1.69	 73.33	0.040	  156.30	 99.83
 272.00	 269.62	 6.8307	34.0166	26.6705	 1.68	 73.12	0.040	  156.32	 99.83
 273.00	 270.61	 6.8245	34.0162	26.6710	 1.69	 73.35	0.040	  156.37	 99.83
 274.00	 271.60	 6.8120	34.0163	26.6728	 1.69	 73.32	0.040	  156.36	 99.83
 275.00	 272.60	 6.7974	34.0177	26.6758	 1.68	 73.02	0.041	  156.35	 99.83
 276.00	 273.59	 6.7806	34.0166	26.6773	 1.67	 72.54	0.042	  156.28	 99.83
 277.00	 274.58	 6.7706	34.0178	26.6795	 1.65	 71.99	0.041	  156.33	 99.83
 278.00	 275.57	 6.7660	34.0199	26.6819	 1.64	 71.39	0.040	  156.33	 99.83
 279.00	 276.56	 6.7638	34.0205	26.6827	 1.63	 71.03	0.040	  156.36	 99.83
 280.00	 277.55	 6.7553	34.0222	26.6851	 1.62	 70.49	0.040	  156.37	 99.83
 281.00	 278.54	 6.7521	34.0226	26.6859	 1.62	 70.28	0.040	  156.31	 99.84
 282.00	 279.53	 6.7379	34.0221	26.6874	 1.61	 69.96	0.040	  156.33	 99.84
 283.00	 280.52	 6.7269	34.0238	26.6902	 1.60	 69.69	0.040	  156.32	 99.84
 284.00	 281.51	 6.7291	34.0243	26.6904	 1.59	 69.33	0.041	  156.39	 99.83
 285.00	 282.50	 6.7313	34.0260	26.6914	 1.59	 69.21	0.042	  156.38	 99.84
 286.00	 283.49	 6.7302	34.0265	26.6919	 1.59	 69.22	0.042	  156.36	 99.84
 287.00	 284.48	 6.7118	34.0251	26.6933	 1.59	 69.25	0.041	  156.34	 99.84
 288.00	 285.47	 6.7053	34.0245	26.6937	 1.59	 68.98	0.040	  156.31	 99.84
 289.00	 286.46	 6.7021	34.0242	26.6939	 1.56	 67.97	0.040	  156.37	 99.84
 290.00	 287.45	 6.6994	34.0260	26.6957	 1.54	 66.94	0.040	  156.39	 99.84
 291.00	 288.44	 6.7003	34.0273	26.6966	 1.52	 66.21	0.040	  156.34	 99.85
 292.00	 289.43	 6.7018	34.0282	26.6971	 1.50	 65.37	0.040	  156.36	 99.85
 293.00	 290.43	 6.7028	34.0288	26.6975	 1.47	 64.11	0.040	  156.38	 99.85
 294.00	 291.42	 6.7038	34.0300	26.6983	 1.45	 62.94	0.041	  156.40	 99.85
 295.00	 292.41	 6.7107	34.0325	26.6994	 1.43	 62.22	0.041	  156.38	 99.85
 296.00	 293.40	 6.7108	34.0327	26.6995	 1.42	 61.67	0.040	  156.40	 99.85
 297.00	 294.39	 6.7106	34.0329	26.6998	 1.41	 61.37	0.040	  156.38	 99.85
 298.00	 295.38	 6.7097	34.0332	26.7001	 1.40	 61.10	0.040	  156.32	 99.87
 299.00	 296.37	 6.7084	34.0333	26.7004	 1.40	 61.01	0.040	  156.39	 99.87
 300.00	 297.36	 6.7066	34.0337	26.7010	 1.40	 61.04	0.040	  156.39	 99.87
 301.00	 298.35	 6.7038	34.0340	26.7016	 1.40	 60.86	0.041	  156.36	 99.87
 302.00	 299.34	 6.7012	34.0344	26.7022	 1.40	 60.70	0.042	  156.37	 99.88
 303.00	 300.33	 6.6985	34.0346	26.7028	 1.39	 60.59	0.041	  156.36	 99.88
 304.00	 301.32	 6.6969	34.0346	26.7030	 1.40	 60.71	0.040	  156.36	 99.88
 305.00	 302.31	 6.6931	34.0349	26.7037	 1.40	 60.96	0.041	  156.39	 99.88
 306.00	 303.30	 6.6865	34.0342	26.7041	 1.41	 61.21	0.041	  156.34	 99.88
 307.00	 304.29	 6.6814	34.0345	26.7050	 1.42	 61.73	0.040	  156.35	 99.88
 308.00	 305.28	 6.6675	34.0326	26.7054	 1.44	 62.59	0.040	  156.33	 99.88
 309.00	 306.27	 6.6624	34.0323	26.7058	 1.48	 64.24	0.040	  156.30	 99.88
 310.00	 307.26	 6.6259	34.0283	26.7075	 1.51	 65.86	0.040	  156.38	 99.87
 311.00	 308.25	 6.5894	34.0242	26.7091	 1.53	 66.51	0.040	  156.31	 99.88
 312.00	 309.24	 6.5660	34.0305	26.7172	 1.52	 66.15	0.040	  156.28	 99.87
 313.00	 310.23	 6.5735	34.0332	26.7184	 1.51	 65.53	0.040	  156.35	 99.86
 314.00	 311.22	 6.5752	34.0350	26.7195	 1.50	 65.32	0.040	  156.35	 99.85
 315.00	 312.21	 6.5679	34.0360	26.7214	 1.50	 65.29	0.040	  156.36	 99.85
 316.00	 313.21	 6.5614	34.0361	26.7222	 1.50	 65.23	0.040	  156.33	 99.85
 317.00	 314.20	 6.5466	34.0357	26.7239	 1.50	 65.07	0.042	  156.30	 99.85
 318.00	 315.19	 6.5286	34.0366	26.7270	 1.50	 65.10	0.042	  156.28	 99.85
 319.00	 316.18	 6.5225	34.0374	26.7284	 1.50	 65.08	0.041	  156.27	 99.85
 320.00	 317.17	 6.5197	34.0374	26.7289	 1.49	 64.94	0.040	  156.27	 99.85
 321.00	 318.16	 6.5067	34.0373	26.7305	 1.49	 64.72	0.040	  156.28	 99.86
 322.00	 319.15	 6.4864	34.0380	26.7336	 1.48	 64.39	0.040	  156.26	 99.86
 323.00	 320.14	 6.4702	34.0377	26.7355	 1.48	 64.22	0.040	  156.24	 99.86
 324.00	 321.13	 6.4510	34.0377	26.7381	 1.47	 64.11	0.040	  156.29	 99.86
 325.00	 322.12	 6.4445	34.0390	26.7400	 1.47	 63.96	0.040	  156.28	 99.86
 326.00	 323.11	 6.4419	34.0392	26.7405	 1.47	 63.87	0.040	  156.31	 99.86
 327.00	 324.10	 6.4389	34.0394	26.7410	 1.46	 63.65	0.040	  156.28	 99.86
 328.00	 325.09	 6.4349	34.0394	26.7415	 1.46	 63.62	0.040	  156.18	 99.86
 329.00	 326.08	 6.4262	34.0386	26.7421	 1.46	 63.58	0.040	  156.28	 99.87
 330.00	 327.07	 6.4124	34.0384	26.7437	 1.46	 63.36	0.040	  156.24	 99.88
 331.00	 328.06	 6.4030	34.0390	26.7454	 1.45	 63.22	0.040	  156.30	 99.87
 332.00	 329.05	 6.3963	34.0395	26.7467	 1.45	 63.07	0.041	  156.29	 99.87
 333.00	 330.04	 6.3883	34.0400	26.7481	 1.44	 62.67	0.041	  156.25	 99.87
 334.00	 331.03	 6.3645	34.0396	26.7509	 1.42	 61.93	0.040	  156.23	 99.87
 335.00	 332.02	 6.3133	34.0413	26.7589	 1.40	 60.93	0.040	  156.24	 99.87
 336.00	 333.01	 6.2747	34.0476	26.7689	 1.38	 60.23	0.040	  156.28	 99.88
 337.00	 334.00	 6.2571	34.0495	26.7726	 1.38	 59.90	0.040	  156.27	 99.88
 338.00	 334.99	 6.2492	34.0495	26.7736	 1.37	 59.70	0.040	  156.27	 99.88
 339.00	 335.98	 6.2470	34.0493	26.7738	 1.37	 59.53	0.041	  156.31	 99.88
 340.00	 336.97	 6.2433	34.0496	26.7745	 1.36	 59.28	0.041	  156.26	 99.88
 341.00	 337.96	 6.2437	34.0497	26.7745	 1.36	 59.20	0.040	  156.26	 99.88
 342.00	 338.95	 6.2401	34.0488	26.7743	 1.36	 59.20	0.040	  156.28	 99.88
 343.00	 339.94	 6.2389	34.0500	26.7754	 1.36	 59.08	0.040	  156.23	 99.88
 344.00	 340.93	 6.2402	34.0503	26.7755	 1.36	 59.03	0.040	  156.28	 99.88
 345.00	 341.93	 6.2400	34.0507	26.7759	 1.35	 58.85	0.040	  156.27	 99.88
 346.00	 342.92	 6.2402	34.0507	26.7758	 1.35	 58.82	0.040	  156.25	 99.88
 347.00	 343.91	 6.2401	34.0509	26.7760	 1.35	 58.67	0.040	  156.26	 99.88
 348.00	 344.90	 6.2403	34.0515	26.7764	 1.35	 58.54	0.040	  156.17	 99.88
 349.00	 345.89	 6.2415	34.0518	26.7766	 1.34	 58.34	0.040	  156.25	 99.88
 350.00	 346.88	 6.2403	34.0527	26.7774	 1.33	 58.00	0.040	  156.25	 99.88
 351.00	 347.87	 6.2324	34.0530	26.7787	 1.33	 57.75	0.040	  156.25	 99.88
 352.00	 348.86	 6.2275	34.0545	26.7805	 1.32	 57.45	0.040	  156.20	 99.88
 353.00	 349.85	 6.2254	34.0557	26.7817	 1.32	 57.25	0.040	  156.23	 99.88
 354.00	 350.84	 6.2250	34.0555	26.7816	 1.31	 56.85	0.040	  156.23	 99.89
 355.00	 351.83	 6.2237	34.0556	26.7819	 1.30	 56.35	0.040	  156.23	 99.88
 356.00	 352.82	 6.2112	34.0573	26.7849	 1.28	 55.85	0.040	  156.24	 99.88
 357.00	 353.81	 6.1913	34.0598	26.7893	 1.27	 55.45	0.040	  156.17	 99.89
 358.00	 354.80	 6.1701	34.0626	26.7943	 1.26	 54.99	0.041	  156.28	 99.89
 359.00	 355.79	 6.1473	34.0640	26.7983	 1.26	 54.65	0.041	  156.28	 99.89
 360.00	 356.78	 6.1467	34.0640	26.7984	 1.26	 54.65	0.040	  156.25	 99.90
 361.00	 357.77	 6.1398	34.0631	26.7986	 1.26	 54.60	0.040	  156.20	 99.89
 362.00	 358.76	 6.1371	34.0630	26.7988	 1.25	 54.31	0.040	  156.24	 99.90
 363.00	 359.75	 6.1328	34.0633	26.7997	 1.24	 53.96	0.040	  156.27	 99.90
 364.00	 360.74	 6.1241	34.0664	26.8032	 1.23	 53.64	0.040	  156.25	 99.90
 365.00	 361.73	 6.1109	34.0654	26.8041	 1.25	 54.32	0.041	  156.23	 99.90
 366.00	 362.72	 6.0498	34.0557	26.8041	 1.28	 55.85	0.041	  156.19	 99.90
 367.00	 363.71	 5.9984	34.0473	26.8040	 1.31	 56.92	0.040	  156.27	 99.90
 368.00	 364.70	 5.9133	34.0377	26.8070	 1.32	 57.27	0.041	  156.26	 99.90
 369.00	 365.69	 5.8902	34.0377	26.8099	 1.30	 56.48	0.041	  156.22	 99.90
 370.00	 366.68	 5.8974	34.0483	26.8174	 1.27	 55.13	0.040	  156.21	 99.90
 371.00	 367.67	 5.9784	34.0619	26.8180	 1.23	 53.52	0.040	  156.24	 99.90
 372.00	 368.66	 5.9970	34.0668	26.8196	 1.19	 51.80	0.041	  156.25	 99.90
 373.00	 369.65	 6.0104	34.0733	26.8231	 1.16	 50.52	0.041	  156.20	 99.90
 374.00	 370.64	 6.0161	34.0793	26.8271	 1.15	 49.89	0.040	  156.23	 99.90
 375.00	 371.63	 6.0132	34.0812	26.8290	 1.14	 49.53	0.040	  156.19	 99.90
 376.00	 372.62	 6.0079	34.0801	26.8288	 1.13	 49.29	0.040	  156.26	 99.90
 377.00	 373.61	 5.9937	34.0803	26.8308	 1.13	 49.06	0.040	  156.25	 99.90
 378.00	 374.60	 5.9799	34.0798	26.8321	 1.13	 48.97	0.041	  156.27	 99.91
 379.00	 375.59	 5.9644	34.0786	26.8331	 1.13	 49.03	0.041	  156.19	 99.91
 380.00	 376.58	 5.9352	34.0776	26.8359	 1.13	 48.95	0.040	  156.19	 99.92
 381.00	 377.57	 5.9221	34.0774	26.8374	 1.11	 48.17	0.040	  156.24	 99.92
 382.00	 378.56	 5.9218	34.0778	26.8378	 1.09	 47.44	0.040	  156.24	 99.92
 383.00	 379.55	 5.9205	34.0884	26.8463	 1.08	 46.95	0.040	  156.21	 99.91
 384.00	 380.54	 5.9125	34.0901	26.8487	 1.07	 46.62	0.040	  156.19	 99.92
 385.00	 381.53	 5.9074	34.0914	26.8504	 1.06	 46.26	0.040	  156.13	 99.92
 386.00	 382.52	 5.9029	34.0919	26.8513	 1.05	 45.87	0.040	  156.25	 99.93
 387.00	 383.51	 5.9018	34.0921	26.8516	 1.05	 45.73	0.040	  156.17	 99.93
 388.00	 384.50	 5.8973	34.0915	26.8518	 1.05	 45.76	0.040	  156.18	 99.93
 389.00	 385.49	 5.8933	34.0912	26.8520	 1.05	 45.72	0.040	  156.17	 99.93
 390.00	 386.48	 5.8869	34.0914	26.8530	 1.05	 45.69	0.040	  156.20	 99.93
 391.00	 387.47	 5.8890	34.0915	26.8528	 1.05	 45.70	0.040	  156.16	 99.93
 392.00	 388.46	 5.8864	34.0905	26.8524	 1.05	 45.72	0.040	  156.13	 99.93
 393.00	 389.45	 5.8642	34.0881	26.8532	 1.05	 45.74	0.041	  156.17	 99.93
 394.00	 390.44	 5.8509	34.0891	26.8557	 1.05	 45.68	0.042	  156.15	 99.93
 395.00	 391.43	 5.8446	34.0891	26.8565	 1.05	 45.49	0.041	  156.27	 99.93
 396.00	 392.42	 5.8399	34.0906	26.8583	 1.04	 45.28	0.041	  156.17	 99.93
 397.00	 393.41	 5.8382	34.0914	26.8591	 1.04	 45.21	0.041	  156.17	 99.93
 398.00	 394.40	 5.8346	34.0915	26.8596	 1.04	 45.12	0.040	  156.13	 99.93
 399.00	 395.39	 5.8325	34.0919	26.8602	 1.03	 44.75	0.040	  156.21	 99.93
 400.00	 396.38	 5.8235	34.0917	26.8611	 1.02	 44.43	0.040	  156.16	 99.93
 401.00	 397.37	 5.8201	34.0964	26.8653	 1.02	 44.18	0.040	  156.18	 99.93
 402.00	 398.36	 5.8174	34.0961	26.8654	 1.01	 43.93	0.040	  156.17	 99.93
 403.00	 399.35	 5.8139	34.0973	26.8668	 1.01	 43.77	0.040	  156.18	 99.93
 404.00	 400.34	 5.8039	34.0977	26.8683	 1.00	 43.65	0.040	  156.18	 99.93
 405.00	 401.33	 5.7956	34.0986	26.8701	 1.00	 43.41	0.040	  156.14	 99.93
 406.00	 402.32	 5.7899	34.0989	26.8710	 0.99	 43.24	0.041	  156.16	 99.93
 407.00	 403.31	 5.7846	34.0998	26.8724	 0.99	 43.05	0.040	  156.17	 99.93
 408.00	 404.30	 5.7804	34.0997	26.8729	 0.99	 42.88	0.040	  156.15	 99.93
 409.00	 405.29	 5.7741	34.1003	26.8741	 0.98	 42.72	0.040	  156.04	 99.93
 410.00	 406.28	 5.7727	34.1009	26.8748	 0.98	 42.66	0.040	  156.08	 99.93
 411.00	 407.27	 5.7707	34.1020	26.8759	 0.98	 42.58	0.040	  156.03	 99.93
 412.00	 408.26	 5.7697	34.1026	26.8765	 0.97	 42.33	0.040	  156.11	 99.93
 413.00	 409.25	 5.7685	34.1032	26.8772	 0.96	 41.93	0.041	  156.17	 99.94
 414.00	 410.24	 5.7598	34.1064	26.8808	 0.95	 41.45	0.040	  156.07	 99.94
 415.00	 411.23	 5.7544	34.1080	26.8827	 0.95	 41.28	0.040	  156.09	 99.94
 416.00	 412.22	 5.7494	34.1080	26.8834	 0.94	 41.10	0.040	  156.07	 99.94
 417.00	 413.21	 5.7428	34.1087	26.8847	 0.94	 40.84	0.040	  156.02	 99.94
 418.00	 414.20	 5.7374	34.1087	26.8853	 0.93	 40.58	0.040	  156.06	 99.94
 419.00	 415.19	 5.7312	34.1103	26.8874	 0.93	 40.50	0.040	  156.06	 99.94
 420.00	 416.18	 5.7309	34.1110	26.8880	 0.93	 40.31	0.040	  156.10	 99.94
 421.00	 417.17	 5.7289	34.1116	26.8887	 0.92	 40.12	0.040	  156.13	 99.94
 422.00	 418.16	 5.7274	34.1130	26.8901	 0.92	 39.81	0.040	  156.09	 99.95
 423.00	 419.15	 5.7279	34.1145	26.8912	 0.91	 39.56	0.040	  156.04	 99.95
 424.00	 420.14	 5.7288	34.1150	26.8915	 0.91	 39.56	0.040	  156.02	 99.95
 425.00	 421.13	 5.7290	34.1151	26.8916	 0.91	 39.49	0.041	  156.04	 99.95
 426.00	 422.12	 5.7255	34.1149	26.8918	 0.91	 39.51	0.041	  156.09	 99.95
 427.00	 423.11	 5.7232	34.1150	26.8922	 0.90	 39.35	0.040	  156.08	 99.95
 428.00	 424.10	 5.7168	34.1144	26.8925	 0.90	 39.12	0.040	  156.07	 99.95
 429.00	 425.09	 5.7106	34.1160	26.8945	 0.90	 39.10	0.040	  156.02	 99.95
 430.00	 426.08	 5.7120	34.1165	26.8948	 0.90	 39.08	0.041	  156.03	 99.95
 431.00	 427.07	 5.7110	34.1163	26.8948	 0.90	 39.00	0.041	  156.03	 99.95
 432.00	 428.06	 5.7108	34.1164	26.8948	 0.90	 38.97	0.040	  156.07	 99.95
 433.00	 429.05	 5.7107	34.1165	26.8950	 0.90	 39.01	0.040	  156.07	 99.95
 434.00	 430.04	 5.7103	34.1165	26.8950	 0.90	 39.00	0.040	  156.01	 99.95
 435.00	 431.03	 5.7084	34.1162	26.8950	 0.90	 39.02	0.040	  155.97	 99.95
 436.00	 432.02	 5.7062	34.1165	26.8955	 0.90	 38.97	0.040	  156.10	 99.95
 437.00	 433.01	 5.7032	34.1166	26.8960	 0.89	 38.89	0.040	  156.05	 99.95
 438.00	 434.00	 5.7023	34.1167	26.8962	 0.89	 38.86	0.041	  156.06	 99.95
 439.00	 434.99	 5.7066	34.1163	26.8953	 0.89	 38.90	0.040	  155.96	 99.95
 440.00	 435.98	 5.7011	34.1169	26.8965	 0.90	 38.93	0.040	  156.02	 99.95
 441.00	 436.97	 5.7008	34.1170	26.8966	 0.89	 38.82	0.040	  156.07	 99.95
 442.00	 437.96	 5.6993	34.1168	26.8967	 0.89	 38.80	0.040	  156.04	 99.95
 443.00	 438.95	 5.6967	34.1167	26.8969	 0.89	 38.77	0.040	  156.02	 99.95
 444.00	 439.94	 5.6882	34.1169	26.8981	 0.89	 38.72	0.040	  155.99	 99.95
 445.00	 440.93	 5.6821	34.1176	26.8995	 0.89	 38.62	0.041	  155.98	 99.95
 446.00	 441.92	 5.6800	34.1177	26.8998	 0.89	 38.61	0.041	  156.02	 99.95
 447.00	 442.91	 5.6795	34.1178	26.8999	 0.89	 38.50	0.040	  156.02	 99.95
 448.00	 443.90	 5.6762	34.1177	26.9003	 0.89	 38.54	0.040	  155.96	 99.95
 449.00	 444.89	 5.6751	34.1179	26.9006	 0.89	 38.55	0.040	  155.96	 99.95
 450.00	 445.88	 5.6720	34.1180	26.9010	 0.89	 38.52	0.040	  156.02	 99.95
 451.00	 446.87	 5.6697	34.1181	26.9014	 0.88	 38.42	0.040	  156.01	 99.95
 452.00	 447.86	 5.6689	34.1181	26.9015	 0.88	 38.38	0.040	  155.91	 99.95
 453.00	 448.85	 5.6660	34.1182	26.9019	 0.88	 38.37	0.040	  155.92	 99.95
 454.00	 449.84	 5.6566	34.1180	26.9029	 0.88	 38.26	0.040	  155.90	 99.95
 455.00	 450.83	 5.6471	34.1185	26.9045	 0.88	 38.16	0.040	  155.98	 99.95
 456.00	 451.81	 5.6377	34.1195	26.9064	 0.87	 38.01	0.040	  155.95	 99.95
 457.00	 452.80	 5.6293	34.1201	26.9079	 0.87	 37.83	0.040	  155.96	 99.95
 458.00	 453.79	 5.6226	34.1210	26.9095	 0.87	 37.74	0.040	  155.92	 99.95
 459.00	 454.78	 5.6198	34.1211	26.9099	 0.87	 37.64	0.040	  155.92	 99.95
 460.00	 455.77	 5.6138	34.1209	26.9105	 0.86	 37.57	0.040	  156.01	 99.95
 461.00	 456.76	 5.6053	34.1213	26.9118	 0.86	 37.47	0.040	  155.99	 99.95
 462.00	 457.75	 5.5968	34.1219	26.9133	 0.86	 37.29	0.040	  155.94	 99.95
 463.00	 458.74	 5.5926	34.1223	26.9142	 0.85	 37.06	0.040	  155.90	 99.95
 464.00	 459.73	 5.5769	34.1230	26.9166	 0.85	 36.75	0.040	  155.94	 99.95
 465.00	 460.72	 5.5577	34.1260	26.9213	 0.84	 36.52	0.041	  155.91	 99.95
 466.00	 461.71	 5.5527	34.1267	26.9225	 0.83	 36.22	0.041	  156.00	 99.95
 467.00	 462.70	 5.5496	34.1273	26.9234	 0.83	 36.20	0.041	  155.91	 99.95
 468.00	 463.69	 5.5464	34.1278	26.9241	 0.83	 36.07	0.041	  155.92	 99.95
 469.00	 464.68	 5.5445	34.1281	26.9246	 0.83	 36.02	0.040	  155.92	 99.95
 470.00	 465.67	 5.5425	34.1286	26.9253	 0.83	 36.08	0.040	  155.88	 99.95
 471.00	 466.66	 5.5417	34.1287	26.9254	 0.83	 35.95	0.040	  155.86	 99.95
 472.00	 467.65	 5.5418	34.1288	26.9255	 0.82	 35.78	0.041	  155.83	 99.95
 473.00	 468.64	 5.5423	34.1288	26.9255	 0.82	 35.71	0.041	  155.84	 99.96
 474.00	 469.63	 5.5403	34.1290	26.9259	 0.82	 35.67	0.040	  155.92	 99.95
 475.00	 470.62	 5.5338	34.1293	26.9269	 0.82	 35.46	0.040	  155.87	 99.95
 476.00	 471.61	 5.5205	34.1300	26.9290	 0.81	 35.28	0.040	  155.74	 99.96
 477.00	 472.60	 5.5176	34.1311	26.9303	 0.81	 35.31	0.041	  155.82	 99.95
 478.00	 473.59	 5.5126	34.1306	26.9305	 0.81	 35.30	0.042	  155.82	 99.96
 479.00	 474.58	 5.5086	34.1308	26.9312	 0.81	 35.15	0.042	  155.85	 99.95
 480.00	 475.57	 5.5062	34.1315	26.9320	 0.81	 35.09	0.041	  155.83	 99.96
 481.00	 476.56	 5.5002	34.1312	26.9325	 0.80	 34.98	0.040	  155.85	 99.96
 482.00	 477.55	 5.4977	34.1318	26.9333	 0.80	 34.93	0.040	  155.84	 99.96
 483.00	 478.54	 5.4957	34.1312	26.9330	 0.80	 34.86	0.041	  155.81	 99.96
 484.00	 479.53	 5.4840	34.1319	26.9350	 0.80	 34.73	0.042	  155.87	 99.96
 485.00	 480.52	 5.4813	34.1325	26.9358	 0.80	 34.66	0.041	  155.87	 99.95
 486.00	 481.50	 5.4787	34.1331	26.9366	 0.80	 34.64	0.040	  155.82	 99.95
 487.00	 482.49	 5.4776	34.1332	26.9368	 0.80	 34.58	0.040	  155.81	 99.96
 488.00	 483.48	 5.4751	34.1333	26.9372	 0.79	 34.52	0.040	  155.82	 99.96
 489.00	 484.47	 5.4754	34.1335	26.9373	 0.79	 34.47	0.040	  155.85	 99.96
 490.00	 485.46	 5.4717	34.1335	26.9378	 0.79	 34.36	0.040	  155.83	 99.96
 491.00	 486.45	 5.4670	34.1339	26.9387	 0.79	 34.25	0.040	  155.74	 99.97
 492.00	 487.44	 5.4648	34.1342	26.9392	 0.79	 34.28	0.040	  155.77	 99.97
 493.00	 488.43	 5.4633	34.1344	26.9395	 0.79	 34.21	0.040	  155.83	 99.97
 494.00	 489.42	 5.4625	34.1346	26.9398	 0.78	 34.12	0.040	  155.82	 99.97
 495.00	 490.41	 5.4605	34.1346	26.9401	 0.79	 34.18	0.040	  155.80	 99.96
 496.00	 491.40	 5.4597	34.1347	26.9403	 0.78	 34.10	0.040	  155.83	 99.97
 497.00	 492.39	 5.4581	34.1350	26.9407	 0.78	 33.94	0.041	  155.78	 99.97
 498.00	 493.38	 5.4557	34.1351	26.9410	 0.78	 33.96	0.040	  155.82	 99.97
 499.00	 494.37	 5.4492	34.1353	26.9420	 0.78	 33.84	0.040	  155.81	 99.96
 500.00	 495.36	 5.4421	34.1362	26.9435	 0.78	 33.80	0.040	  155.80	 99.97
 501.00	 496.35	 5.4404	34.1364	26.9439	 0.78	 33.74	0.040	  155.82	 99.97
 502.00	 497.34	 5.4386	34.1368	26.9445	 0.77	 33.64	0.041	  155.78	 99.97
 503.00	 498.33	 5.4388	34.1368	26.9444	 0.77	 33.60	0.041	  155.80	 99.97
 504.00	 499.32	 5.4387	34.1368	26.9444	 0.77	 33.61	0.040	  155.79	 99.97
 505.00	 500.31	 5.4378	34.1370	26.9447	 0.77	 33.57	0.040	  155.77	 99.97
 506.00	 501.30	 5.4364	34.1367	26.9447	 0.77	 33.47	0.041	  155.81	 99.97
 507.00	 502.29	 5.4318	34.1376	26.9460	 0.77	 33.41	0.040	  155.83	 99.97
 508.00	 503.27	 5.4313	34.1377	26.9461	 0.77	 33.34	0.041	  155.75	 99.97
 509.00	 504.26	 5.4311	34.1378	26.9462	 0.77	 33.28	0.041	  155.77	 99.97
 510.00	 505.25	 5.4318	34.1377	26.9461	 0.77	 33.30	0.040	  155.78	 99.97
 511.00	 506.24	 5.4273	34.1383	26.9471	 0.77	 33.31	0.040	  155.79	 99.97
 512.00	 507.23	 5.4260	34.1386	26.9475	 0.77	 33.27	0.041	  155.82	 99.98
 513.00	 508.22	 5.4240	34.1388	26.9479	 0.76	 33.21	0.041	  155.76	 99.97
 514.00	 509.21	 5.4226	34.1389	26.9481	 0.76	 33.17	0.040	  155.75	 99.98
 515.00	 510.20	 5.4221	34.1391	26.9484	 0.76	 33.10	0.040	  155.71	 99.98
 516.00	 511.19	 5.4211	34.1389	26.9484	 0.76	 33.09	0.040	  155.69	 99.97
 517.00	 512.18	 5.4183	34.1395	26.9492	 0.76	 32.98	0.040	  155.80	 99.97
 518.00	 513.17	 5.4073	34.1401	26.9509	 0.75	 32.83	0.040	  155.72	 99.98
 519.00	 514.16	 5.4011	34.1401	26.9517	 0.75	 32.74	0.040	  155.72	 99.98
 520.00	 515.15	 5.3965	34.1407	26.9527	 0.75	 32.66	0.040	  155.70	 99.98
 521.00	 516.14	 5.3899	34.1402	26.9531	 0.75	 32.55	0.041	  155.69	 99.98
 522.00	 517.13	 5.3807	34.1416	26.9553	 0.75	 32.61	0.040	  155.65	 99.98
 523.00	 518.12	 5.3791	34.1420	26.9559	 0.75	 32.42	0.040	  155.74	 99.98
 524.00	 519.11	 5.3794	34.1419	26.9558	 0.74	 32.20	0.040	  155.76	 99.98
 525.00	 520.10	 5.3734	34.1422	26.9567	 0.74	 32.21	0.040	  155.73	 99.98
 526.00	 521.08	 5.3689	34.1426	26.9575	 0.74	 32.19	0.040	  155.70	 99.98
 527.00	 522.07	 5.3631	34.1426	26.9582	 0.74	 32.01	0.041	  155.68	 99.98
 528.00	 523.06	 5.3531	34.1435	26.9602	 0.73	 31.86	0.040	  155.73	 99.98
 529.00	 524.05	 5.3517	34.1439	26.9606	 0.73	 31.82	0.040	  155.74	 99.98
 530.00	 525.04	 5.3516	34.1439	26.9606	 0.73	 31.80	0.040	  155.72	 99.98
 531.00	 526.03	 5.3502	34.1442	26.9610	 0.73	 31.71	0.040	  155.68	 99.98
 532.00	 527.02	 5.3485	34.1445	26.9615	 0.73	 31.69	0.040	  155.68	 99.98
 533.00	 528.01	 5.3458	34.1445	26.9619	 0.73	 31.69	0.040	  155.69	 99.98
 534.00	 529.00	 5.3428	34.1453	26.9629	 0.73	 31.57	0.040	  155.61	 99.98
 535.00	 529.99	 5.3414	34.1452	26.9630	 0.72	 31.45	0.040	  155.59	 99.98
 536.00	 530.98	 5.3361	34.1460	26.9642	 0.72	 31.33	0.040	  155.61	 99.98
 537.00	 531.97	 5.3329	34.1465	26.9650	 0.72	 31.27	0.041	  155.66	 99.98
 538.00	 532.96	 5.3309	34.1468	26.9655	 0.72	 31.28	0.042	  155.63	 99.98
 539.00	 533.95	 5.3298	34.1471	26.9658	 0.72	 31.22	0.042	  155.62	 99.98
 540.00	 534.94	 5.3295	34.1472	26.9660	 0.72	 31.19	0.042	  155.56	 99.98
 541.00	 535.93	 5.3269	34.1472	26.9663	 0.71	 31.08	0.042	  155.58	 99.98
 542.00	 536.91	 5.3254	34.1478	26.9670	 0.71	 31.03	0.041	  155.61	 99.98
 543.00	 537.90	 5.3243	34.1477	26.9670	 0.71	 31.01	0.040	  155.65	 99.98
 544.00	 538.89	 5.3239	34.1479	26.9672	 0.71	 31.02	0.041	  155.67	 99.98
 545.00	 539.88	 5.3174	34.1481	26.9682	 0.71	 30.92	0.041	  155.62	 99.98
 546.00	 540.87	 5.3128	34.1486	26.9691	 0.71	 30.86	0.041	  155.62	 99.98
 547.00	 541.86	 5.3121	34.1489	26.9695	 0.71	 30.82	0.041	  155.58	 99.98
 548.00	 542.85	 5.3129	34.1487	26.9692	 0.71	 30.76	0.040	  155.57	 99.98
 549.00	 543.84	 5.3118	34.1488	26.9694	 0.70	 30.59	0.040	  155.61	 99.98
 550.00	 544.83	 5.3051	34.1488	26.9702	 0.70	 30.53	0.040	  155.62	 99.98
 551.00	 545.82	 5.2892	34.1509	26.9737	 0.70	 30.37	0.041	  155.54	 99.98
 552.00	 546.81	 5.2785	34.1521	26.9759	 0.69	 30.22	0.041	  155.53	 99.98
 553.00	 547.80	 5.2682	34.1524	26.9774	 0.69	 29.95	0.040	  155.59	 99.98
 554.00	 548.79	 5.2593	34.1533	26.9792	 0.69	 29.81	0.040	  155.60	 99.98
 555.00	 549.78	 5.2556	34.1536	26.9798	 0.68	 29.63	0.040	  155.60	 99.98
 556.00	 550.76	 5.2436	34.1548	26.9822	 0.68	 29.44	0.040	  155.68	 99.98
 557.00	 551.75	 5.2345	34.1567	26.9848	 0.67	 29.30	0.040	  155.58	 99.98
 558.00	 552.74	 5.2281	34.1575	26.9861	 0.67	 29.15	0.040	  155.55	 99.98
 559.00	 553.73	 5.2121	34.1592	26.9894	 0.66	 28.90	0.040	  155.55	 99.98
 560.00	 554.72	 5.2055	34.1605	26.9912	 0.66	 28.81	0.040	  155.55	 99.98
 561.00	 555.71	 5.2038	34.1608	26.9916	 0.66	 28.59	0.040	  155.58	 99.98
 562.00	 556.70	 5.2006	34.1609	26.9921	 0.65	 28.38	0.040	  155.62	 99.98
 563.00	 557.69	 5.1783	34.1631	26.9964	 0.65	 28.20	0.040	  155.59	 99.98
 564.00	 558.68	 5.1684	34.1655	26.9995	 0.64	 28.04	0.040	  155.55	 99.98
 565.00	 559.67	 5.1650	34.1667	27.0009	 0.64	 27.79	0.041	  155.61	 99.98
 566.00	 560.66	 5.1628	34.1676	27.0018	 0.64	 27.74	0.041	  155.60	 99.98
 567.00	 561.65	 5.1579	34.1683	27.0029	 0.63	 27.52	0.041	  155.54	 99.98
 568.00	 562.64	 5.1384	34.1701	27.0066	 0.63	 27.34	0.041	  155.60	 99.98
 569.00	 563.62	 5.1256	34.1724	27.0099	 0.62	 27.08	0.040	  155.65	 99.98
 570.00	 564.61	 5.1173	34.1737	27.0119	 0.62	 27.04	0.040	  155.64	 99.98
 571.00	 565.60	 5.1133	34.1747	27.0132	 0.62	 26.83	0.040	  155.55	 99.99
 572.00	 566.59	 5.1121	34.1748	27.0134	 0.61	 26.65	0.040	  155.60	 99.99
 573.00	 567.58	 5.1080	34.1755	27.0145	 0.61	 26.57	0.040	  155.56	 99.99
 574.00	 568.57	 5.1023	34.1765	27.0159	 0.61	 26.38	0.040	  155.58	 99.99
 575.00	 569.56	 5.0978	34.1767	27.0166	 0.60	 26.22	0.040	  155.57	 99.99
 576.00	 570.55	 5.0857	34.1771	27.0183	 0.60	 25.94	0.040	  155.53	 99.99
 577.00	 571.54	 5.0619	34.1797	27.0231	 0.59	 25.57	0.040	  155.58	 99.99
 578.00	 572.53	 5.0300	34.1829	27.0293	 0.58	 25.18	0.040	  155.61	 99.99
 579.00	 573.52	 5.0194	34.1858	27.0328	 0.58	 25.24	0.040	  155.53	 99.99
 580.00	 574.51	 5.0112	34.1874	27.0350	 0.58	 25.17	0.040	  155.60	 99.99
 581.00	 575.49	 5.0109	34.1873	27.0350	 0.58	 25.00	0.040	  155.58	 99.99
 582.00	 576.48	 5.0107	34.1872	27.0350	 0.57	 24.90	0.040	  155.54	100.00
 583.00	 577.47	 5.0105	34.1875	27.0352	 0.57	 24.83	0.042	  155.55	100.00
 584.00	 578.46	 5.0069	34.1881	27.0361	 0.57	 24.63	0.040	  155.53	100.00
 585.00	 579.45	 5.0082	34.1882	27.0361	 0.56	 24.57	0.040	  155.57	100.00
 586.00	 580.44	 5.0078	34.1879	27.0358	 0.56	 24.47	0.040	  155.57	 99.99
 587.00	 581.43	 4.9969	34.1884	27.0375	 0.56	 24.17	0.041	  155.53	100.00
 588.00	 582.42	 4.9483	34.1937	27.0472	 0.55	 23.74	0.041	  155.57	100.00
 589.00	 583.41	 4.9162	34.1989	27.0549	 0.54	 23.54	0.040	  155.50	100.00
 590.00	 584.40	 4.9156	34.1998	27.0557	 0.54	 23.32	0.040	  155.56	100.00
 591.00	 585.39	 4.9153	34.1990	27.0552	 0.53	 23.14	0.041	  155.55	100.00
 592.00	 586.37	 4.9056	34.2007	27.0576	 0.53	 22.88	0.040	  155.54	100.00
 593.00	 587.36	 4.8998	34.2007	27.0583	 0.52	 22.78	0.040	  155.53	100.00
 594.00	 588.35	 4.8849	34.2035	27.0622	 0.52	 22.62	0.040	  155.54	100.00
 595.00	 589.34	 4.8820	34.2037	27.0626	 0.52	 22.46	0.040	  155.56	100.00
 596.00	 590.33	 4.8707	34.2045	27.0646	 0.51	 22.37	0.040	  155.58	100.00
 597.00	 591.32	 4.8603	34.2069	27.0677	 0.51	 22.29	0.041	  155.56	100.00
 598.00	 592.31	 4.8583	34.2072	27.0681	 0.51	 22.15	0.041	  155.56	100.00
 599.00	 593.30	 4.8557	34.2077	27.0689	 0.50	 21.89	0.041	  155.52	100.00
 600.00	 594.29	 4.8503	34.2080	27.0697	 0.50	 21.83	0.040	  155.48	100.00
 601.00	 595.28	 4.8451	34.2091	27.0711	 0.50	 21.74	0.040	  155.48	100.00
 602.00	 596.27	 4.8382	34.2099	27.0726	 0.50	 21.65	0.040	  155.50	100.00
 603.00	 597.25	 4.8313	34.2113	27.0745	 0.50	 21.56	0.040	  155.48	100.00
 604.00	 598.24	 4.8237	34.2124	27.0762	 0.50	 21.55	0.041	  155.55	100.00
 605.00	 599.23	 4.8159	34.2140	27.0784	 0.49	 21.37	0.041	  155.54	100.00
 606.00	 600.22	 4.8181	34.2135	27.0777	 0.48	 21.04	0.040	  155.45	100.00
 607.00	 601.21	 4.8097	34.2149	27.0797	 0.49	 21.13	0.040	  155.54	100.00
 608.00	 602.20	 4.8070	34.2157	27.0807	 0.48	 21.06	0.040	  155.47	100.00
 609.00	 603.19	 4.8061	34.2158	27.0809	 0.48	 20.97	0.040	  155.43	100.00
 610.00	 604.18	 4.8054	34.2161	27.0812	 0.48	 20.93	0.040	  155.55	100.00
 611.00	 605.17	 4.8028	34.2163	27.0817	 0.48	 20.77	0.040	  155.49	100.00
 612.00	 606.16	 4.7875	34.2173	27.0842	 0.47	 20.64	0.040	  155.52	100.00
 613.00	 607.14	 4.7608	34.2219	27.0908	 0.47	 20.41	0.040	  155.56	100.00
 614.00	 608.13	 4.7504	34.2238	27.0935	 0.47	 20.23	0.040	  155.46	100.00
 615.00	 609.12	 4.7421	34.2248	27.0952	 0.46	 19.98	0.041	  155.46	100.00
 616.00	 610.11	 4.7361	34.2254	27.0964	 0.46	 19.91	0.042	  155.42	100.00
 617.00	 611.10	 4.7195	34.2275	27.0999	 0.45	 19.75	0.040	  155.46	100.00
 618.00	 612.09	 4.7115	34.2292	27.1021	 0.45	 19.65	0.040	  155.46	100.00
 619.00	 613.08	 4.7061	34.2298	27.1032	 0.45	 19.65	0.041	  155.40	100.00
 620.00	 614.07	 4.6999	34.2303	27.1043	 0.45	 19.54	0.041	  155.55	100.00
 621.00	 615.06	 4.6917	34.2317	27.1063	 0.44	 19.29	0.040	  155.46	100.00
 622.00	 616.05	 4.6759	34.2332	27.1093	 0.44	 19.09	0.040	  155.40	100.00
 623.00	 617.03	 4.6524	34.2374	27.1151	 0.44	 18.91	0.040	  155.42	100.00
 624.00	 618.02	 4.6455	34.2388	27.1170	 0.43	 18.78	0.040	  155.43	100.00
 625.00	 619.01	 4.6432	34.2392	27.1176	 0.43	 18.67	0.040	  155.41	100.00
 626.00	 620.00	 4.6416	34.2397	27.1182	 0.43	 18.71	0.041	  155.42	100.00
 627.00	 620.99	 4.6418	34.2397	27.1182	 0.43	 18.61	0.042	  155.37	100.00
 628.00	 621.98	 4.6402	34.2401	27.1187	 0.43	 18.55	0.041	  155.35	 99.71
 629.00	 622.97	 4.6397	34.2404	27.1190	 0.43	 18.49	0.040	  155.34	 98.60
 630.00	 623.96	 4.6366	34.2409	27.1197	 0.42	 18.29	0.042	  155.41	 98.08
 631.00	 624.95	 4.6119	34.2477	27.1278	 0.42	 18.07	0.040	  155.38	 96.99
 632.00	 625.93	 4.5997	34.2509	27.1317	 0.41	 17.96	0.040	  155.41	 96.13
 633.00	 626.92	 4.5910	34.2529	27.1343	 0.41	 17.82	0.040	  155.43	 95.11
 634.00	 627.91	 4.5898	34.2531	27.1346	 0.41	 17.71	0.040	  155.41	 94.12
 635.00	 628.90	 4.5835	34.2545	27.1364	 0.41	 17.79	0.040	  155.35	 93.22
 636.00	 629.89	 4.5811	34.2553	27.1373	 0.41	 17.71	0.040	  155.34	 92.20
 637.00	 630.88	 4.5770	34.2558	27.1381	 0.41	 17.64	0.040	  155.29	 91.22
 638.00	 631.87	 4.5710	34.2571	27.1398	 0.40	 17.55	0.040	  155.30	 90.02
 639.00	 632.86	 4.5664	34.2580	27.1410	 0.40	 17.53	0.040	  155.28	 88.93
 640.00	 633.85	 4.5624	34.2588	27.1421	 0.40	 17.42	0.040	  155.25	 87.97
 641.00	 634.83	 4.5561	34.2602	27.1439	 0.40	 17.36	0.041	  155.23	 87.05
 642.00	 635.82	 4.5537	34.2603	27.1443	 0.40	 17.28	0.040	  155.20	 86.00
 643.00	 636.81	 4.5464	34.2620	27.1464	 0.40	 17.24	0.040	  155.20	 84.93
 644.00	 637.80	 4.5383	34.2630	27.1481	 0.40	 17.22	0.041	  155.13	 84.02
 645.00	 638.79	 4.5339	34.2640	27.1494	 0.40	 17.18	0.041	  155.21	 83.01
 646.00	 639.78	 4.5345	34.2640	27.1493	 0.40	 17.22	0.040	  155.26	 82.06
 647.00	 640.77	 4.5347	34.2640	27.1494	 0.39	 17.17	0.040	  155.20	 81.02
 648.00	 641.76	 4.5350	34.2640	27.1493	 0.39	 17.09	0.040	  155.25	 80.14
 649.00	 642.75	 4.5332	34.2640	27.1495	 0.39	 17.08	0.040	  155.25	 78.97
 650.00	 643.73	 4.5328	34.2644	27.1499	 0.39	 17.07	0.041	  155.20	 77.83
 651.00	 644.72	 4.5347	34.2642	27.1495	 0.39	 17.08	0.042	  155.21	 76.81
 652.00	 645.71	 4.5347	34.2642	27.1495	 0.39	 17.08	0.040	  155.19	 76.06
 653.00	 646.70	 4.5339	34.2641	27.1495	 0.39	 17.09	0.040	  155.19	 75.32
 654.00	 647.69	 4.5293	34.2647	27.1505	 0.39	 17.06	0.040	  155.20	 74.45
 655.00	 648.68	 4.5279	34.2653	27.1512	 0.39	 17.01	0.041	  155.21	 73.12
 656.00	 649.67	 4.5281	34.2651	27.1510	 0.39	 17.01	0.041	  155.28	 71.85
 657.00	 650.66	 4.5281	34.2651	27.1510	 0.39	 17.07	0.041	  155.20	 70.75
 658.00	 651.64	 4.5266	34.2655	27.1515	 0.39	 17.09	0.042	  155.20	 69.95
 659.00	 652.63	 4.5253	34.2657	27.1518	 0.39	 17.06	0.041	  155.22	 68.99
 660.00	 653.62	 4.5247	34.2659	27.1520	 0.39	 16.97	0.040	  155.20	 67.95
 661.00	 654.61	 4.5206	34.2662	27.1527	 0.39	 16.81	0.041	  155.21	 67.10
 662.00	 655.60	 4.5148	34.2673	27.1542	 0.39	 16.88	0.041	  155.18	 65.95
 663.00	 656.59	 4.5147	34.2676	27.1545	 0.39	 16.87	0.040	  155.17	 64.81
 664.00	 657.58	 4.5142	34.2674	27.1544	 0.39	 16.79	0.040	  155.16	 63.82
 665.00	 658.57	 4.5072	34.2685	27.1560	 0.39	 16.77	0.040	  155.10	 62.89
 666.00	 659.55	 4.5039	34.2691	27.1569	 0.39	 16.78	0.040	  155.15	 62.02
 667.00	 660.54	 4.5001	34.2698	27.1579	 0.38	 16.73	0.040	  155.05	 61.01
 668.00	 661.53	 4.4979	34.2702	27.1584	 0.38	 16.70	0.040	  155.11	 59.97
 669.00	 662.52	 4.4956	34.2706	27.1589	 0.38	 16.72	0.041	  155.10	 58.98
 670.00	 663.51	 4.4939	34.2710	27.1595	 0.38	 16.68	0.040	  155.07	 58.01
 671.00	 664.50	 4.4946	34.2709	27.1593	 0.38	 16.63	0.040	  155.08	 56.90
 672.00	 665.49	 4.4912	34.2713	27.1601	 0.38	 16.59	0.041	  155.06	 55.82
 673.00	 666.48	 4.4888	34.2718	27.1607	 0.38	 16.56	0.040	  154.99	 54.68
 674.00	 667.46	 4.4837	34.2723	27.1617	 0.38	 16.51	0.041	  154.99	 53.97
 675.00	 668.45	 4.4781	34.2736	27.1633	 0.38	 16.51	0.042	  154.96	 53.15
 676.00	 669.44	 4.4737	34.2736	27.1638	 0.38	 16.38	0.041	  154.96	 52.36
 677.00	 670.43	 4.4644	34.2763	27.1669	 0.37	 16.26	0.040	  154.95	 51.15
 678.00	 671.42	 4.4613	34.2766	27.1675	 0.38	 16.34	0.040	  154.92	 50.00
 679.00	 672.41	 4.4557	34.2779	27.1691	 0.38	 16.32	0.040	  154.98	 48.66
 680.00	 673.40	 4.4568	34.2777	27.1689	 0.37	 16.20	0.041	  155.06	 47.75
 681.00	 674.39	 4.4559	34.2780	27.1692	 0.37	 16.16	0.040	  155.00	 46.80
 682.00	 675.37	 4.4535	34.2784	27.1698	 0.37	 16.18	0.041	  154.99	 45.73
 683.00	 676.36	 4.4526	34.2787	27.1702	 0.37	 16.20	0.041	  154.97	 44.65
 684.00	 677.35	 4.4499	34.2787	27.1705	 0.37	 16.18	0.040	  154.95	 43.85
 685.00	 678.34	 4.4398	34.2806	27.1731	 0.37	 16.19	0.042	  154.95	 42.86
 686.00	 679.33	 4.4383	34.2810	27.1736	 0.37	 16.15	0.041	  154.95	 41.81
 687.00	 680.32	 4.4378	34.2810	27.1736	 0.37	 16.04	0.040	  154.94	 40.81
 688.00	 681.31	 4.4374	34.2812	27.1738	 0.37	 16.03	0.040	  154.95	 39.79
 689.00	 682.29	 4.4377	34.2812	27.1738	 0.37	 16.04	0.042	  154.95	 38.91
 690.00	 683.28	 4.4373	34.2813	27.1739	 0.37	 16.00	0.040	  154.96	 37.88
 691.00	 684.27	 4.4375	34.2813	27.1739	 0.37	 16.00	0.040	  154.89	 36.94
 692.00	 685.26	 4.4368	34.2814	27.1741	 0.37	 16.01	0.040	  154.90	 35.72
 693.00	 686.25	 4.4358	34.2818	27.1745	 0.37	 16.01	0.040	  154.91	 34.61
 694.00	 687.24	 4.4355	34.2816	27.1744	 0.37	 16.04	0.040	  154.83	 33.74
 695.00	 688.23	 4.4230	34.2829	27.1768	 0.37	 16.15	0.040	  154.84	 32.80
 696.00	 689.21	 4.4220	34.2832	27.1771	 0.37	 16.25	0.040	  154.84	 31.76
 697.00	 690.20	 4.4219	34.2833	27.1772	 0.37	 16.23	0.040	  154.88	 30.85
 698.00	 691.19	 4.4229	34.2831	27.1770	 0.37	 16.23	0.041	  154.85	 29.62
 699.00	 692.18	 4.4241	34.2830	27.1768	 0.37	 16.23	0.040	  154.86	 28.69
 700.00	 693.17	 4.4246	34.2827	27.1765	 0.37	 16.22	0.040	  154.85	 27.77
 701.00	 694.16	 4.4243	34.2829	27.1767	 0.37	 16.22	0.040	  154.87	 26.73
 702.00	 695.15	 4.4243	34.2829	27.1767	 0.37	 16.25	0.041	  154.87	 25.63
 703.00	 696.13	 4.4247	34.2829	27.1767	 0.37	 16.25	0.041	  154.85	 24.65
 704.00	 697.12	 4.4235	34.2830	27.1769	 0.37	 16.22	0.040	  154.86	 23.80
 705.00	 698.11	 4.4234	34.2831	27.1769	 0.37	 16.20	0.041	  154.86	 22.66
 706.00	 699.10	 4.4238	34.2830	27.1769	 0.37	 16.21	0.041	  154.91	 21.69
 707.00	 700.09	 4.4238	34.2831	27.1769	 0.37	 16.21	0.040	  154.83	 20.78
 708.00	 701.08	 4.4241	34.2830	27.1768	 0.37	 16.17	0.042	  154.94	 19.77
 709.00	 702.07	 4.4243	34.2830	27.1768	 0.37	 16.16	0.041	  154.83	 18.72
 710.00	 703.05	 4.4244	34.2829	27.1767	 0.37	 16.15	0.041	  154.82	 17.55
 711.00	 704.04	 4.4246	34.2829	27.1767	 0.37	 16.07	0.041	  154.84	 16.52
 712.00	 705.03	 4.4252	34.2827	27.1765	 0.37	 16.07	0.040	  154.82	 15.55
 713.00	 706.02	 4.4249	34.2828	27.1767	 0.37	 16.08	0.040	  154.83	 14.56
 714.00	 707.01	 4.4245	34.2829	27.1767	 0.37	 16.06	0.041	  154.83	 13.54
 715.00	 708.00	 4.4246	34.2830	27.1768	 0.37	 16.08	0.042	  154.82	 12.65
 716.00	 708.99	 4.4247	34.2829	27.1768	 0.37	 16.07	0.041	  154.82	 11.64
 717.00	 709.97	 4.4239	34.2830	27.1769	 0.37	 16.07	0.041	  154.81	 10.66
 718.00	 710.96	 4.4259	34.2829	27.1766	 0.37	 16.06	0.041	  154.67	  9.63
