* Sea-Bird SBE 9 Data:
* Software Version Seasave V 7.26.7.107
* Vessel: NOAA Ship Ronald H. Brown
* Cruise: RB2102, West Coast Ocean Acidification (WCOA) 2021
* Dates: 20210622 to 20210723
* Region: NE Pacific, USA West Coast
* Ports: San Diego, CA to Port Angeles, WA to San Diego, CA
* Chief Scientists: R. Feely, NOAA PMEL; D. Greeley, NOAA PMEL; B. Carter, NOAA PMEL / UW CICOES
* Contacts: R. Feely, richard.a.feely@noaa.gov; D. Greeley, dana.greeley@noaa.gov; B. Carter, brendan.carter@noaa.gov
* Station: 105
* Cast: 1
* Cast Date-Time [GMT]: 15-Jul-2021 19:22:34
* Longitude: -121.6124 W
* Latitude: 35.4765 N
* Water Depth [m]: 990.6
**********
* Column  1: Pressure [decibar]
* Column  2: Depth [m]
* Column  3: Temperature ITS-90 [degree C]
* Column  4: Salinity PSS-78 [psu]
* Column  5: Sigma-theta EOS-80 [kg/m^3 - 1000]
* Column  6: Oxygen [ml/L]
* Column  7: Oxygen [umol/kg]
* Column  8: Fluorescence [volts]
* Column  9: Oxygen Reduction Potential [mV]
* Column 10: Altimeter [m]
**********
*END*
   3.00	   2.98	14.5756	33.6830	25.0482	 5.81	252.97	0.113	  145.41	 99.60
   4.00	   3.97	14.6176	33.6851	25.0409	 5.86	255.18	0.112	  144.93	 99.62
   5.00	   4.96	14.6052	33.6835	25.0424	 5.81	253.17	0.115	  144.81	 99.62
   6.00	   5.96	14.6057	33.6829	25.0418	 5.84	254.62	0.113	  144.80	 99.61
   7.00	   6.95	14.6061	33.6823	25.0413	 5.87	255.53	0.115	  144.74	 99.59
   8.00	   7.94	14.6377	33.6857	25.0371	 5.80	252.52	0.118	  144.70	 99.61
   9.00	   8.93	14.5464	33.6801	25.0523	 5.71	248.95	0.118	  144.70	 99.61
  10.00	   9.93	14.4484	33.6808	25.0738	 5.68	247.41	0.117	  144.71	 99.59
  11.00	  10.92	14.3866	33.6822	25.0880	 5.69	247.98	0.115	  144.76	 99.57
  12.00	  11.91	14.3941	33.6816	25.0860	 5.67	247.02	0.119	  144.75	 99.56
  13.00	  12.91	14.3912	33.6821	25.0870	 5.66	246.60	0.115	  144.78	 99.55
  14.00	  13.90	14.3529	33.6850	25.0973	 5.64	245.66	0.112	  144.74	 99.54
  15.00	  14.89	14.4237	33.6813	25.0795	 5.57	242.50	0.111	  144.74	 99.54
  16.00	  15.88	14.3189	33.6808	25.1014	 5.55	241.93	0.112	  144.71	 99.54
  17.00	  16.88	14.2576	33.6803	25.1140	 5.51	239.83	0.110	  144.72	 99.53
  18.00	  17.87	14.1745	33.6811	25.1320	 5.46	237.84	0.104	  144.77	 99.51
  19.00	  18.86	14.1434	33.6786	25.1366	 5.42	236.32	0.102	  144.77	 99.49
  20.00	  19.85	14.0996	33.6809	25.1476	 5.44	236.88	0.097	  144.77	 99.49
  21.00	  20.85	14.0986	33.6809	25.1478	 5.42	235.93	0.096	  144.76	 99.47
  22.00	  21.84	14.0977	33.6809	25.1481	 5.38	234.29	0.107	  144.76	 99.46
  23.00	  22.83	14.0533	33.6810	25.1574	 5.35	233.21	0.102	  144.78	 99.46
  24.00	  23.82	14.0256	33.6803	25.1627	 5.32	231.71	0.095	  144.76	 99.45
  25.00	  24.82	13.9879	33.6797	25.1701	 5.28	229.82	0.093	  144.78	 99.44
  26.00	  25.81	13.9259	33.6797	25.1830	 5.20	226.59	0.100	  144.80	 99.43
  27.00	  26.80	13.7838	33.6738	25.2078	 5.13	223.46	0.092	  144.85	 99.41
  28.00	  27.79	13.7475	33.6752	25.2164	 5.11	222.70	0.084	  144.80	 99.41
  29.00	  28.79	13.6984	33.6765	25.2276	 5.06	220.28	0.082	  144.84	 99.39
  30.00	  29.78	13.6496	33.6760	25.2372	 4.91	213.69	0.090	  144.83	 99.38
  31.00	  30.77	13.4519	33.6613	25.2660	 4.68	203.74	0.089	  144.95	 99.37
  32.00	  31.77	13.1600	33.6611	25.3247	 4.68	203.84	0.074	  145.06	 99.36
  33.00	  32.76	13.0370	33.6708	25.3567	 4.63	201.83	0.068	  145.11	 99.34
  34.00	  33.75	12.9922	33.6699	25.3650	 4.41	192.20	0.072	  145.03	 95.77
  35.00	  34.74	12.7639	33.6669	25.4077	 4.19	182.32	0.068	  145.24	 99.35
  36.00	  35.74	12.4785	33.6641	25.4611	 4.13	179.71	0.059	  145.38	 99.30
  37.00	  36.73	12.2685	33.6781	25.5124	 4.09	177.98	0.054	  145.45	 99.30
  38.00	  37.72	12.1551	33.6840	25.5386	 4.07	177.04	0.053	  145.51	 99.32
  39.00	  38.71	12.1156	33.6867	25.5482	 3.99	173.65	0.054	  145.53	 99.33
  40.00	  39.71	12.0606	33.6875	25.5593	 3.96	172.51	0.050	  145.61	 99.34
  41.00	  40.70	12.0352	33.6879	25.5644	 3.95	172.20	0.049	  145.59	 99.34
  42.00	  41.69	12.0211	33.6900	25.5688	 3.89	169.58	0.049	  145.61	 99.34
  43.00	  42.68	11.9484	33.6881	25.5810	 3.74	162.84	0.049	  145.67	 99.36
  44.00	  43.68	11.7627	33.6949	25.6210	 3.61	157.18	0.048	  145.76	 99.37
  45.00	  44.67	11.6406	33.6985	25.6465	 3.53	153.73	0.047	  145.83	 99.37
  46.00	  45.66	11.3974	33.7166	25.7053	 3.49	151.99	0.046	  145.92	 99.38
  47.00	  46.65	11.2981	33.7257	25.7305	 3.42	148.79	0.047	  146.02	 99.41
  48.00	  47.65	11.2081	33.7274	25.7482	 3.38	147.14	0.046	  146.06	 99.44
  49.00	  48.64	11.1840	33.7335	25.7573	 3.37	146.83	0.046	  146.04	 96.57
  50.00	  49.63	11.1797	33.7369	25.7607	 3.33	144.97	0.047	  146.07	 99.86
  51.00	  50.62	11.1896	33.7443	25.7648	 3.28	142.87	0.046	  146.07	 99.46
  52.00	  51.62	11.1592	33.7482	25.7733	 3.27	142.57	0.045	  146.12	 99.46
  53.00	  52.61	11.1051	33.7505	25.7849	 3.28	142.89	0.046	  146.06	 99.46
  54.00	  53.60	11.0635	33.7496	25.7916	 3.28	142.59	0.046	  146.08	 99.48
  55.00	  54.59	11.0070	33.7451	25.7983	 3.24	141.19	0.046	  146.12	 99.49
  56.00	  55.59	10.9067	33.7400	25.8122	 3.16	137.56	0.045	  146.13	 99.49
  57.00	  56.58	10.8411	33.7434	25.8265	 3.07	133.66	0.044	  146.17	 99.49
  58.00	  57.57	10.7268	33.7722	25.8692	 3.04	132.51	0.044	  146.25	 99.49
  59.00	  58.56	10.6604	33.7892	25.8941	 3.03	132.09	0.044	  146.25	 99.49
  60.00	  59.56	10.6367	33.7954	25.9031	 3.02	131.65	0.043	  146.26	 99.50
  61.00	  60.55	10.6262	33.8009	25.9093	 2.98	129.86	0.046	  146.24	 99.53
  62.00	  61.54	10.6130	33.8049	25.9147	 2.94	128.07	0.043	  146.23	 99.54
  63.00	  62.53	10.5961	33.8099	25.9216	 2.91	126.55	0.043	  146.27	 99.54
  64.00	  63.53	10.5788	33.8145	25.9282	 2.89	125.60	0.043	  146.28	 99.54
  65.00	  64.52	10.5333	33.8151	25.9366	 2.88	125.20	0.043	  146.29	 99.54
  66.00	  65.51	10.4539	33.8308	25.9627	 2.88	125.51	0.042	  146.35	 99.55
  67.00	  66.50	10.4385	33.8351	25.9687	 2.85	124.12	0.043	  146.30	 99.56
  68.00	  67.50	10.4117	33.8377	25.9754	 2.83	122.98	0.043	  146.39	 99.56
  69.00	  68.49	10.3786	33.8412	25.9838	 2.79	121.47	0.042	  146.39	 99.57
  70.00	  69.48	10.3442	33.8456	25.9933	 2.77	120.75	0.042	  146.33	 99.57
  71.00	  70.47	10.2937	33.8537	26.0082	 2.77	120.61	0.042	  146.37	 99.58
  72.00	  71.46	10.2507	33.8635	26.0233	 2.77	120.45	0.042	  146.43	 99.58
  73.00	  72.46	10.2385	33.8653	26.0268	 2.76	119.97	0.042	  146.36	 99.58
  74.00	  73.45	10.2119	33.8697	26.0348	 2.74	119.13	0.042	  146.37	 99.58
  75.00	  74.44	10.2022	33.8720	26.0382	 2.72	118.35	0.042	  146.33	 99.59
  76.00	  75.43	10.1901	33.8747	26.0425	 2.71	118.08	0.042	  146.46	 99.60
  77.00	  76.43	10.1816	33.8768	26.0455	 2.71	118.04	0.042	  146.37	 99.60
  78.00	  77.42	10.1765	33.8781	26.0474	 2.71	117.98	0.042	  146.35	 99.60
  79.00	  78.41	10.1734	33.8790	26.0487	 2.71	117.81	0.042	  146.36	 99.61
  80.00	  79.40	10.1674	33.8799	26.0505	 2.70	117.61	0.042	  146.33	 99.61
  81.00	  80.40	10.1593	33.8814	26.0530	 2.70	117.54	0.041	  146.27	 99.61
  82.00	  81.39	10.1595	33.8816	26.0532	 2.70	117.58	0.041	  146.32	 99.61
  83.00	  82.38	10.1582	33.8817	26.0535	 2.70	117.35	0.042	  146.30	 99.61
  84.00	  83.37	10.1556	33.8822	26.0544	 2.70	117.42	0.042	  146.27	 99.61
  85.00	  84.37	10.1541	33.8822	26.0546	 2.70	117.47	0.042	  146.27	 99.61
  86.00	  85.36	10.1521	33.8827	26.0553	 2.70	117.31	0.042	  146.27	 99.61
  87.00	  86.35	10.1461	33.8831	26.0568	 2.69	117.13	0.042	  146.31	 99.61
  88.00	  87.34	10.1419	33.8837	26.0579	 2.69	116.92	0.042	  146.27	 99.61
  89.00	  88.33	10.1352	33.8845	26.0597	 2.68	116.57	0.041	  146.29	 99.61
  90.00	  89.33	10.1248	33.8863	26.0629	 2.67	116.41	0.041	  146.28	 99.61
  91.00	  90.32	10.1162	33.8884	26.0660	 2.66	115.94	0.042	  146.25	 99.61
  92.00	  91.31	10.1125	33.8892	26.0673	 2.65	115.16	0.042	  146.21	 99.62
  93.00	  92.30	10.0929	33.8931	26.0737	 2.62	114.12	0.042	  146.24	 99.62
  94.00	  93.30	10.0613	33.8983	26.0831	 2.61	113.67	0.041	  146.14	 99.62
  95.00	  94.29	10.0377	33.9039	26.0915	 2.61	113.59	0.042	  146.19	 99.62
  96.00	  95.28	10.0346	33.9046	26.0926	 2.61	113.51	0.040	  146.18	 99.63
  97.00	  96.27	10.0319	33.9053	26.0936	 2.61	113.40	0.041	  146.18	 99.63
  98.00	  97.27	10.0261	33.9064	26.0955	 2.59	112.82	0.042	  146.16	 99.63
  99.00	  98.26	10.0208	33.9075	26.0972	 2.58	112.12	0.042	  146.15	 99.63
 100.00	  99.25	10.0151	33.9093	26.0996	 2.58	112.42	0.041	  146.13	 99.63
 101.00	 100.24	10.0150	33.9092	26.0996	 2.59	112.76	0.040	  146.08	 99.63
 102.00	 101.23	10.0084	33.9104	26.1017	 2.58	112.30	0.040	  146.06	 99.63
 103.00	 102.23	10.0041	33.9119	26.1036	 2.57	111.92	0.041	  146.02	 99.63
 104.00	 103.22	10.0013	33.9125	26.1045	 2.57	111.99	0.042	  146.12	 99.63
 105.00	 104.21	 9.9997	33.9128	26.1051	 2.58	112.09	0.041	  146.05	 99.63
 106.00	 105.20	 9.9970	33.9134	26.1061	 2.57	111.81	0.042	  146.04	 99.64
 107.00	 106.20	 9.9979	33.9137	26.1061	 2.57	111.68	0.041	  146.01	 99.64
 108.00	 107.19	 9.9954	33.9141	26.1069	 2.57	111.73	0.040	  146.03	 99.63
 109.00	 108.18	 9.9920	33.9150	26.1082	 2.57	111.73	0.040	  146.01	 99.63
 110.00	 109.17	 9.9939	33.9145	26.1075	 2.56	111.48	0.040	  145.98	 99.64
 111.00	 110.16	 9.9944	33.9142	26.1072	 2.56	111.32	0.040	  145.94	 99.63
 112.00	 111.16	 9.9883	33.9157	26.1094	 2.55	111.05	0.040	  145.99	 99.64
 113.00	 112.15	 9.9843	33.9162	26.1105	 2.55	110.83	0.040	  146.03	 99.63
 114.00	 113.14	 9.9752	33.9183	26.1137	 2.54	110.40	0.040	  146.03	 99.64
 115.00	 114.13	 9.9622	33.9202	26.1174	 2.53	110.02	0.041	  145.97	 99.64
 116.00	 115.13	 9.9428	33.9248	26.1242	 2.53	110.08	0.040	  145.93	 99.64
 117.00	 116.12	 9.9427	33.9247	26.1242	 2.53	110.14	0.040	  145.94	 99.64
 118.00	 117.11	 9.9429	33.9248	26.1242	 2.52	109.77	0.040	  145.96	 99.65
 119.00	 118.10	 9.9380	33.9258	26.1259	 2.52	109.58	0.041	  145.91	 99.65
 120.00	 119.09	 9.9361	33.9257	26.1262	 2.52	109.66	0.041	  145.87	 99.66
 121.00	 120.09	 9.9342	33.9257	26.1265	 2.51	109.44	0.040	  145.91	 99.66
 122.00	 121.08	 9.9264	33.9278	26.1294	 2.51	109.05	0.040	  145.87	 99.66
 123.00	 122.07	 9.9205	33.9284	26.1309	 2.50	108.83	0.040	  145.87	 99.66
 124.00	 123.06	 9.9089	33.9305	26.1345	 2.50	108.59	0.040	  145.83	 99.66
 125.00	 124.05	 9.8978	33.9327	26.1382	 2.49	108.55	0.040	  145.84	 99.66
 126.00	 125.05	 9.8900	33.9340	26.1405	 2.49	108.24	0.040	  145.80	 99.66
 127.00	 126.04	 9.8762	33.9366	26.1448	 2.48	107.84	0.040	  145.80	 99.66
 128.00	 127.03	 9.8738	33.9372	26.1457	 2.47	107.66	0.040	  145.79	 99.66
 129.00	 128.02	 9.8641	33.9381	26.1481	 2.47	107.39	0.040	  145.77	 99.66
 130.00	 129.02	 9.8424	33.9416	26.1545	 2.46	107.10	0.040	  145.74	 99.66
 131.00	 130.01	 9.8254	33.9448	26.1598	 2.46	107.08	0.040	  145.77	 99.66
 132.00	 131.00	 9.8101	33.9476	26.1646	 2.46	107.12	0.041	  145.78	 99.66
 133.00	 131.99	 9.7979	33.9499	26.1685	 2.45	106.76	0.040	  145.79	 99.66
 134.00	 132.98	 9.7853	33.9516	26.1719	 2.44	106.33	0.040	  145.74	 99.66
 135.00	 133.98	 9.7741	33.9539	26.1755	 2.44	106.22	0.040	  145.76	 99.66
 136.00	 134.97	 9.7709	33.9544	26.1765	 2.44	106.17	0.040	  145.80	 99.66
 137.00	 135.96	 9.7670	33.9549	26.1776	 2.44	106.01	0.040	  145.77	 99.66
 138.00	 136.95	 9.7613	33.9560	26.1794	 2.44	106.02	0.040	  145.75	 99.67
 139.00	 137.94	 9.7570	33.9568	26.1808	 2.44	106.07	0.040	  145.75	 99.67
 140.00	 138.94	 9.7509	33.9576	26.1824	 2.44	106.10	0.040	  145.68	 99.67
 141.00	 139.93	 9.7426	33.9585	26.1845	 2.43	105.88	0.040	  145.67	 99.67
 142.00	 140.92	 9.7313	33.9602	26.1877	 2.43	105.91	0.040	  145.67	 99.67
 143.00	 141.91	 9.7219	33.9615	26.1903	 2.43	105.75	0.040	  145.65	 99.67
 144.00	 142.90	 9.7112	33.9632	26.1935	 2.43	105.68	0.040	  145.63	 99.67
 145.00	 143.90	 9.6977	33.9657	26.1976	 2.43	105.69	0.040	  145.60	 99.67
 146.00	 144.89	 9.6918	33.9669	26.1996	 2.42	105.38	0.040	  145.67	 99.67
 147.00	 145.88	 9.6825	33.9683	26.2022	 2.41	105.07	0.040	  145.65	 99.67
 148.00	 146.87	 9.6750	33.9700	26.2048	 2.41	104.70	0.040	  145.58	 99.68
 149.00	 147.86	 9.6690	33.9708	26.2065	 2.40	104.47	0.040	  145.63	 99.67
 150.00	 148.86	 9.6590	33.9726	26.2095	 2.40	104.61	0.040	  145.57	 99.68
 151.00	 149.85	 9.6528	33.9740	26.2117	 2.40	104.64	0.040	  145.54	 99.67
 152.00	 150.84	 9.6507	33.9746	26.2125	 2.40	104.59	0.040	  145.57	 99.68
 153.00	 151.83	 9.6466	33.9755	26.2139	 2.40	104.38	0.040	  145.50	 99.68
 154.00	 152.82	 9.6396	33.9767	26.2160	 2.39	104.12	0.040	  145.52	 99.68
 155.00	 153.82	 9.6369	33.9773	26.2170	 2.39	104.11	0.040	  145.51	 99.68
 156.00	 154.81	 9.6297	33.9787	26.2193	 2.39	104.00	0.040	  145.54	 99.68
 157.00	 155.80	 9.6230	33.9804	26.2217	 2.39	103.84	0.040	  145.53	 99.68
 158.00	 156.79	 9.6206	33.9810	26.2226	 2.38	103.52	0.040	  145.52	 99.68
 159.00	 157.78	 9.6148	33.9822	26.2245	 2.37	103.23	0.040	  145.53	 99.68
 160.00	 158.78	 9.6126	33.9825	26.2251	 2.37	103.08	0.040	  145.56	 99.68
 161.00	 159.77	 9.6040	33.9847	26.2283	 2.36	102.80	0.040	  145.53	 99.68
 162.00	 160.76	 9.5961	33.9864	26.2309	 2.36	102.59	0.040	  145.53	 99.68
 163.00	 161.75	 9.5918	33.9875	26.2325	 2.36	102.52	0.040	  145.51	 99.68
 164.00	 162.74	 9.5902	33.9881	26.2332	 2.35	102.46	0.040	  145.42	 99.68
 165.00	 163.74	 9.5862	33.9890	26.2346	 2.35	102.17	0.040	  145.46	 99.68
 166.00	 164.73	 9.5808	33.9906	26.2368	 2.34	101.66	0.040	  145.43	 99.68
 167.00	 165.72	 9.5717	33.9925	26.2398	 2.31	100.73	0.040	  145.41	 99.68
 168.00	 166.71	 9.5604	33.9960	26.2444	 2.30	100.27	0.040	  145.43	 99.68
 169.00	 167.70	 9.5554	33.9972	26.2462	 2.30	 99.88	0.040	  145.42	 99.68
 170.00	 168.70	 9.5492	33.9991	26.2487	 2.28	 99.21	0.040	  145.41	 99.69
 171.00	 169.69	 9.5376	34.0022	26.2530	 2.26	 98.42	0.040	  145.40	 99.69
 172.00	 170.68	 9.5299	34.0046	26.2562	 2.25	 97.87	0.040	  145.42	 99.69
 173.00	 171.67	 9.5148	34.0089	26.2620	 2.23	 97.17	0.040	  145.46	 99.70
 174.00	 172.66	 9.5037	34.0119	26.2663	 2.22	 96.72	0.040	  145.43	 99.71
 175.00	 173.66	 9.4980	34.0135	26.2685	 2.22	 96.46	0.040	  145.40	 99.71
 176.00	 174.65	 9.4915	34.0154	26.2710	 2.19	 95.29	0.040	  145.46	 99.71
 177.00	 175.64	 9.4852	34.0170	26.2733	 2.15	 93.35	0.040	  145.45	 99.71
 178.00	 176.63	 9.4551	34.0248	26.2843	 2.11	 91.63	0.040	  145.42	 99.71
 179.00	 177.62	 9.4074	34.0375	26.3021	 2.08	 90.35	0.040	  145.44	 99.71
 180.00	 178.62	 9.3804	34.0452	26.3125	 2.06	 89.46	0.040	  145.47	 99.73
 181.00	 179.61	 9.3737	34.0471	26.3151	 2.04	 88.63	0.040	  145.45	 99.73
 182.00	 180.60	 9.3684	34.0489	26.3174	 2.01	 87.30	0.040	  145.43	 99.73
 183.00	 181.59	 9.3495	34.0541	26.3246	 1.98	 86.37	0.040	  145.40	 99.73
 184.00	 182.58	 9.3295	34.0593	26.3318	 1.98	 86.15	0.040	  145.41	 99.73
 185.00	 183.57	 9.3157	34.0637	26.3375	 1.98	 86.28	0.040	  145.44	 99.73
 186.00	 184.57	 9.3120	34.0651	26.3393	 1.97	 85.58	0.040	  145.42	 99.75
 187.00	 185.56	 9.3058	34.0666	26.3414	 1.94	 84.28	0.040	  145.44	 99.76
 188.00	 186.55	 9.2930	34.0698	26.3461	 1.91	 83.05	0.040	  145.38	 99.76
 189.00	 187.54	 9.2825	34.0731	26.3503	 1.90	 82.60	0.040	  145.51	 99.76
 190.00	 188.53	 9.2745	34.0757	26.3536	 1.89	 82.39	0.040	  145.43	 99.76
 191.00	 189.53	 9.2639	34.0782	26.3574	 1.88	 81.81	0.040	  145.40	 99.76
 192.00	 190.52	 9.2455	34.0822	26.3634	 1.85	 80.55	0.040	  145.40	 99.77
 193.00	 191.51	 9.2305	34.0854	26.3684	 1.84	 79.93	0.040	  145.41	 99.77
 194.00	 192.50	 9.2266	34.0866	26.3700	 1.83	 79.62	0.040	  145.40	 99.78
 195.00	 193.49	 9.2239	34.0873	26.3710	 1.83	 79.46	0.040	  145.55	 99.77
 196.00	 194.48	 9.2208	34.0879	26.3720	 1.83	 79.60	0.040	  145.41	 99.78
 197.00	 195.48	 9.2177	34.0889	26.3733	 1.83	 79.61	0.040	  145.37	 99.78
 198.00	 196.47	 9.2166	34.0892	26.3737	 1.82	 79.33	0.040	  145.37	 99.78
 199.00	 197.46	 9.2144	34.0898	26.3745	 1.82	 78.99	0.040	  145.35	 99.78
 200.00	 198.45	 9.2116	34.0905	26.3756	 1.81	 78.91	0.040	  145.29	 99.78
 201.00	 199.44	 9.2111	34.0908	26.3759	 1.82	 79.08	0.040	  145.37	 99.78
 202.00	 200.44	 9.2108	34.0909	26.3760	 1.81	 78.83	0.040	  145.41	 99.78
 203.00	 201.43	 9.2091	34.0910	26.3764	 1.81	 78.78	0.040	  145.34	 99.78
 204.00	 202.42	 9.2064	34.0918	26.3775	 1.81	 78.82	0.040	  145.33	 99.78
 205.00	 203.41	 9.2053	34.0921	26.3779	 1.81	 78.64	0.040	  145.42	 99.78
 206.00	 204.40	 9.2045	34.0921	26.3781	 1.80	 78.33	0.040	  145.37	 99.78
 207.00	 205.39	 9.2007	34.0928	26.3793	 1.79	 78.05	0.040	  145.37	 99.78
 208.00	 206.39	 9.1967	34.0936	26.3805	 1.79	 78.04	0.040	  145.32	 99.78
 209.00	 207.38	 9.1928	34.0943	26.3817	 1.79	 78.00	0.040	  145.31	 99.78
 210.00	 208.37	 9.1895	34.0950	26.3828	 1.79	 77.90	0.040	  145.37	 99.78
 211.00	 209.36	 9.1842	34.0961	26.3845	 1.79	 77.79	0.040	  145.32	 99.78
 212.00	 210.35	 9.1806	34.0970	26.3859	 1.79	 77.79	0.040	  145.30	 99.78
 213.00	 211.34	 9.1783	34.0974	26.3865	 1.78	 77.57	0.040	  145.34	 99.78
 214.00	 212.34	 9.1765	34.0978	26.3872	 1.78	 77.58	0.040	  145.33	 99.78
 215.00	 213.33	 9.1755	34.0981	26.3876	 1.78	 77.59	0.040	  145.36	 99.78
 216.00	 214.32	 9.1750	34.0982	26.3877	 1.78	 77.63	0.040	  145.35	 99.79
 217.00	 215.31	 9.1743	34.0984	26.3880	 1.79	 77.70	0.040	  145.34	 99.79
 218.00	 216.30	 9.1729	34.0986	26.3885	 1.79	 77.69	0.040	  145.34	 99.78
 219.00	 217.29	 9.1714	34.0990	26.3890	 1.78	 77.50	0.040	  145.32	 99.78
 220.00	 218.29	 9.1703	34.0991	26.3893	 1.78	 77.33	0.040	  145.25	 99.79
 221.00	 219.28	 9.1686	34.0995	26.3899	 1.78	 77.43	0.040	  145.27	 99.79
 222.00	 220.27	 9.1682	34.0997	26.3901	 1.78	 77.42	0.040	  145.27	 99.79
 223.00	 221.26	 9.1677	34.0997	26.3902	 1.78	 77.33	0.040	  145.22	 99.78
 224.00	 222.25	 9.1656	34.1002	26.3910	 1.77	 77.07	0.040	  145.31	 99.79
 225.00	 223.24	 9.1642	34.1004	26.3914	 1.77	 76.86	0.040	  145.31	 99.79
 226.00	 224.24	 9.1596	34.1013	26.3928	 1.76	 76.66	0.040	  145.24	 99.79
 227.00	 225.23	 9.1533	34.1023	26.3946	 1.75	 76.12	0.040	  145.28	 99.80
 228.00	 226.22	 9.1455	34.1035	26.3969	 1.74	 75.77	0.040	  145.34	 99.79
 229.00	 227.21	 9.1289	34.1070	26.4022	 1.74	 75.55	0.040	  145.32	 99.80
 230.00	 228.20	 9.1202	34.1088	26.4050	 1.72	 75.04	0.040	  145.29	 99.80
 231.00	 229.19	 9.1133	34.1101	26.4072	 1.71	 74.52	0.040	  145.28	 99.80
 232.00	 230.19	 9.1085	34.1113	26.4089	 1.70	 73.89	0.040	  145.32	 99.80
 233.00	 231.18	 9.0989	34.1119	26.4109	 1.69	 73.42	0.040	  145.26	 99.80
 234.00	 232.17	 9.0728	34.1166	26.4188	 1.68	 73.04	0.040	  145.26	 99.80
 235.00	 233.16	 9.0556	34.1200	26.4242	 1.67	 72.80	0.040	  145.28	 99.80
 236.00	 234.15	 9.0512	34.1211	26.4258	 1.67	 72.72	0.040	  145.23	 99.80
 237.00	 235.14	 9.0483	34.1215	26.4266	 1.67	 72.77	0.040	  145.22	 99.80
 238.00	 236.14	 9.0473	34.1218	26.4270	 1.67	 72.48	0.040	  145.24	 99.80
 239.00	 237.13	 9.0433	34.1224	26.4281	 1.65	 71.88	0.040	  145.17	 99.80
 240.00	 238.12	 9.0392	34.1228	26.4291	 1.64	 71.16	0.040	  145.24	 99.80
 241.00	 239.11	 9.0181	34.1247	26.4340	 1.63	 70.80	0.040	  145.30	 99.81
 242.00	 240.10	 8.9952	34.1277	26.4400	 1.63	 71.05	0.040	  145.30	 99.80
 243.00	 241.09	 8.9827	34.1280	26.4422	 1.65	 71.71	0.040	  145.26	 99.81
 244.00	 242.09	 8.9607	34.1259	26.4441	 1.65	 71.89	0.040	  145.28	 99.81
 245.00	 243.08	 8.9178	34.1244	26.4496	 1.64	 71.32	0.040	  145.28	 99.82
 246.00	 244.07	 8.8882	34.1311	26.4595	 1.62	 70.35	0.040	  145.28	 99.82
 247.00	 245.06	 8.8891	34.1314	26.4597	 1.59	 69.07	0.040	  145.19	 99.82
 248.00	 246.05	 8.8893	34.1333	26.4612	 1.56	 68.06	0.040	  145.23	 99.82
 249.00	 247.04	 8.8742	34.1362	26.4659	 1.55	 67.61	0.040	  145.20	 99.82
 250.00	 248.03	 8.8520	34.1416	26.4735	 1.55	 67.47	0.040	  145.18	 99.83
 251.00	 249.03	 8.8519	34.1418	26.4737	 1.54	 67.16	0.040	  145.18	 99.83
 252.00	 250.02	 8.8430	34.1422	26.4755	 1.53	 66.74	0.040	  145.19	 99.83
 253.00	 251.01	 8.8214	34.1455	26.4814	 1.53	 66.45	0.040	  145.28	 99.83
 254.00	 252.00	 8.8069	34.1471	26.4850	 1.52	 66.15	0.040	  145.26	 99.83
 255.00	 252.99	 8.7985	34.1487	26.4876	 1.51	 65.80	0.040	  145.30	 99.83
 256.00	 253.98	 8.7928	34.1498	26.4893	 1.51	 65.58	0.040	  145.30	 99.83
 257.00	 254.98	 8.7888	34.1498	26.4900	 1.50	 65.33	0.040	  145.26	 99.83
 258.00	 255.97	 8.7751	34.1520	26.4939	 1.49	 65.02	0.040	  145.22	 99.83
 259.00	 256.96	 8.7696	34.1533	26.4957	 1.49	 64.75	0.040	  145.21	 99.83
 260.00	 257.95	 8.7672	34.1539	26.4967	 1.49	 64.82	0.040	  145.21	 99.83
 261.00	 258.94	 8.7642	34.1539	26.4971	 1.49	 64.88	0.040	  145.19	 99.83
 262.00	 259.93	 8.7609	34.1542	26.4979	 1.49	 64.91	0.040	  145.20	 99.84
 263.00	 260.92	 8.7593	34.1542	26.4982	 1.49	 65.04	0.040	  145.20	 99.84
 264.00	 261.92	 8.7593	34.1543	26.4983	 1.49	 64.85	0.040	  145.33	 99.84
 265.00	 262.91	 8.7564	34.1544	26.4988	 1.49	 64.63	0.040	  145.28	 99.84
 266.00	 263.90	 8.7435	34.1558	26.5019	 1.48	 64.34	0.040	  145.19	 99.84
 267.00	 264.89	 8.7396	34.1559	26.5026	 1.46	 63.61	0.040	  145.16	 99.84
 268.00	 265.88	 8.7317	34.1568	26.5045	 1.43	 62.38	0.040	  145.17	 99.84
 269.00	 266.87	 8.7159	34.1600	26.5095	 1.41	 61.21	0.041	  145.18	 99.84
 270.00	 267.86	 8.7079	34.1621	26.5125	 1.39	 60.58	0.041	  145.18	 99.84
 271.00	 268.86	 8.6996	34.1647	26.5158	 1.39	 60.30	0.040	  145.09	 99.85
 272.00	 269.85	 8.6947	34.1672	26.5185	 1.38	 60.07	0.040	  145.15	 99.85
 273.00	 270.84	 8.6937	34.1676	26.5191	 1.38	 59.94	0.040	  145.26	 99.85
 274.00	 271.83	 8.6905	34.1688	26.5204	 1.38	 59.86	0.040	  145.27	 99.85
 275.00	 272.82	 8.6892	34.1696	26.5213	 1.37	 59.71	0.040	  145.26	 99.85
 276.00	 273.81	 8.6881	34.1699	26.5217	 1.37	 59.53	0.040	  145.21	 99.85
 277.00	 274.80	 8.6842	34.1706	26.5229	 1.36	 59.14	0.040	  145.18	 99.85
 278.00	 275.80	 8.6825	34.1708	26.5234	 1.31	 56.97	0.040	  145.14	 99.85
 279.00	 276.79	 8.6789	34.1712	26.5242	 1.25	 54.29	0.040	  145.25	 99.85
 280.00	 277.78	 8.6503	34.1749	26.5316	 1.22	 52.89	0.040	  145.15	 99.85
 281.00	 278.77	 8.6077	34.1844	26.5457	 1.20	 52.08	0.040	  145.27	 99.85
 282.00	 279.76	 8.5838	34.1888	26.5528	 1.19	 51.68	0.040	  145.27	 99.85
 283.00	 280.75	 8.5596	34.1906	26.5580	 1.18	 51.24	0.040	  145.29	 99.85
 284.00	 281.74	 8.5397	34.1930	26.5629	 1.17	 50.79	0.040	  145.21	 99.87
 285.00	 282.74	 8.5133	34.1954	26.5689	 1.16	 50.57	0.040	  145.20	 99.88
 286.00	 283.73	 8.5056	34.1959	26.5704	 1.16	 50.46	0.040	  145.21	 99.88
 287.00	 284.72	 8.4993	34.1965	26.5719	 1.15	 50.22	0.040	  145.25	 99.88
 288.00	 285.71	 8.4949	34.1970	26.5730	 1.15	 50.12	0.040	  145.33	 99.88
 289.00	 286.70	 8.4881	34.1968	26.5739	 1.15	 50.09	0.040	  145.28	 99.88
 290.00	 287.69	 8.4717	34.1976	26.5770	 1.15	 50.00	0.040	  145.26	 99.88
 291.00	 288.68	 8.4643	34.1983	26.5787	 1.14	 49.79	0.040	  145.19	 99.89
 292.00	 289.67	 8.4565	34.1984	26.5800	 1.14	 49.80	0.040	  145.26	 99.89
 293.00	 290.67	 8.4503	34.1988	26.5813	 1.14	 49.56	0.040	  145.26	 99.89
 294.00	 291.66	 8.4478	34.1994	26.5821	 1.13	 49.24	0.040	  145.27	 99.89
 295.00	 292.65	 8.4454	34.2004	26.5833	 1.12	 48.87	0.040	  145.29	 99.89
 296.00	 293.64	 8.4452	34.2007	26.5836	 1.12	 48.62	0.040	  145.29	 99.89
 297.00	 294.63	 8.4466	34.2013	26.5839	 1.12	 48.73	0.040	  145.27	 99.89
 298.00	 295.62	 8.4464	34.2014	26.5840	 1.12	 48.81	0.040	  145.20	 99.89
 299.00	 296.61	 8.4445	34.2020	26.5848	 1.12	 48.72	0.040	  145.20	 99.90
 300.00	 297.61	 8.4353	34.2025	26.5866	 1.12	 48.69	0.040	  145.27	 99.90
 301.00	 298.60	 8.4296	34.2026	26.5876	 1.12	 48.51	0.040	  145.20	 99.90
 302.00	 299.59	 8.4233	34.2024	26.5883	 1.11	 48.14	0.040	  145.16	 99.90
 303.00	 300.58	 8.4157	34.2024	26.5895	 1.10	 47.72	0.040	  145.19	 99.90
 304.00	 301.57	 8.4093	34.2020	26.5903	 1.09	 47.40	0.040	  145.18	 99.90
 305.00	 302.56	 8.3956	34.2032	26.5933	 1.07	 46.75	0.040	  145.18	 99.90
 306.00	 303.55	 8.3800	34.2026	26.5952	 1.06	 46.03	0.040	  145.17	 99.90
 307.00	 304.54	 8.3451	34.2058	26.6030	 1.05	 45.67	0.040	  145.27	 99.90
 308.00	 305.54	 8.3242	34.2097	26.6093	 1.04	 45.18	0.040	  145.29	 99.90
 309.00	 306.53	 8.3142	34.2103	26.6112	 1.03	 44.79	0.040	  145.26	 99.90
 310.00	 307.52	 8.3017	34.2107	26.6135	 1.03	 44.68	0.040	  145.19	 99.90
 311.00	 308.51	 8.2913	34.2123	26.6163	 1.03	 44.74	0.040	  145.17	 99.90
 312.00	 309.50	 8.2875	34.2127	26.6172	 1.03	 44.61	0.040	  145.23	 99.90
 313.00	 310.49	 8.2860	34.2130	26.6177	 1.02	 44.54	0.040	  145.24	 99.90
 314.00	 311.48	 8.2839	34.2136	26.6185	 1.02	 44.49	0.040	  145.20	 99.90
 315.00	 312.47	 8.2829	34.2140	26.6189	 1.02	 44.47	0.040	  145.18	 99.91
 316.00	 313.47	 8.2813	34.2143	26.6194	 1.01	 44.09	0.040	  145.18	 99.90
 317.00	 314.46	 8.2701	34.2137	26.6207	 1.00	 43.67	0.040	  145.23	 99.91
 318.00	 315.45	 8.2473	34.2149	26.6251	 1.01	 43.80	0.040	  145.19	 99.91
 319.00	 316.44	 8.2337	34.2161	26.6281	 1.01	 43.73	0.040	  145.16	 99.90
 320.00	 317.43	 8.2242	34.2158	26.6293	 1.00	 43.37	0.040	  145.25	 99.91
 321.00	 318.42	 8.2166	34.2158	26.6305	 1.00	 43.37	0.041	  145.23	 99.91
 322.00	 319.41	 8.2098	34.2164	26.6320	 0.99	 43.28	0.041	  145.18	 99.91
 323.00	 320.40	 8.1963	34.2167	26.6342	 0.99	 43.16	0.040	  145.15	 99.92
 324.00	 321.40	 8.1499	34.2120	26.6375	 0.99	 42.88	0.040	  145.12	 99.92
 325.00	 322.39	 8.1298	34.2123	26.6408	 0.96	 41.69	0.040	  145.18	 99.92
 326.00	 323.38	 8.1153	34.2160	26.6459	 0.94	 40.75	0.040	  145.13	 99.92
 327.00	 324.37	 8.1368	34.2246	26.6494	 0.94	 40.77	0.040	  145.14	 99.92
 328.00	 325.36	 8.1340	34.2275	26.6521	 0.95	 41.13	0.040	  145.15	 99.92
 329.00	 326.35	 8.1017	34.2233	26.6537	 0.95	 41.40	0.040	  145.08	 99.92
 330.00	 327.34	 8.0679	34.2223	26.6580	 0.94	 40.99	0.040	  145.18	 99.92
 331.00	 328.33	 8.0592	34.2231	26.6598	 0.92	 40.24	0.040	  145.15	 99.92
 332.00	 329.32	 8.0635	34.2256	26.6612	 0.93	 40.25	0.040	  145.17	 99.93
 333.00	 330.32	 8.0602	34.2263	26.6623	 0.93	 40.50	0.040	  145.18	 99.93
 334.00	 331.31	 8.0282	34.2216	26.6633	 0.94	 40.87	0.040	  145.18	 99.93
 335.00	 332.30	 7.9842	34.2209	26.6693	 0.95	 41.17	0.040	  145.06	 99.93
 336.00	 333.29	 7.9517	34.2176	26.6715	 0.97	 42.12	0.040	  145.11	 99.93
 337.00	 334.28	 7.9242	34.2137	26.6725	 1.02	 44.34	0.041	  145.13	 99.93
 338.00	 335.27	 7.8064	34.1892	26.6705	 1.06	 46.09	0.040	  145.17	 99.93
 339.00	 336.26	 7.7417	34.1889	26.6797	 1.06	 46.18	0.040	  145.21	 99.93
 340.00	 337.25	 7.7283	34.1864	26.6797	 1.06	 46.12	0.040	  145.19	 99.93
 341.00	 338.24	 7.7060	34.1842	26.6812	 1.04	 45.40	0.040	  145.20	 99.93
 342.00	 339.24	 7.6772	34.1785	26.6809	 1.01	 44.01	0.040	  145.18	 99.92
 343.00	 340.23	 7.6629	34.1850	26.6881	 0.98	 42.54	0.040	  145.19	 99.91
 344.00	 341.22	 7.6795	34.1956	26.6940	 0.96	 41.73	0.040	  145.18	 99.90
 345.00	 342.21	 7.6814	34.1951	26.6934	 0.95	 41.22	0.040	  145.18	 99.91
 346.00	 343.20	 7.6894	34.1993	26.6955	 0.93	 40.59	0.040	  145.21	 99.91
 347.00	 344.19	 7.6975	34.2025	26.6969	 0.92	 40.23	0.040	  145.13	 99.92
 348.00	 345.18	 7.7076	34.2049	26.6973	 0.93	 40.31	0.040	  145.19	 99.92
 349.00	 346.17	 7.7083	34.2051	26.6974	 0.93	 40.30	0.040	  145.18	 99.93
 350.00	 347.16	 7.7082	34.2056	26.6978	 0.92	 40.16	0.040	  145.15	 99.93
 351.00	 348.16	 7.7105	34.2064	26.6981	 0.92	 39.85	0.040	  145.12	 99.93
 352.00	 349.15	 7.7167	34.2085	26.6989	 0.91	 39.57	0.040	  145.08	 99.93
 353.00	 350.14	 7.7209	34.2100	26.6994	 0.90	 39.34	0.040	  145.18	 99.93
 354.00	 351.13	 7.7221	34.2105	26.6997	 0.89	 38.69	0.040	  145.18	 99.93
 355.00	 352.12	 7.7242	34.2118	26.7004	 0.88	 38.28	0.040	  145.16	 99.93
 356.00	 353.11	 7.7320	34.2156	26.7023	 0.87	 37.97	0.040	  145.04	 99.93
 357.00	 354.10	 7.7349	34.2158	26.7020	 0.87	 37.71	0.040	  145.10	 99.93
 358.00	 355.09	 7.7356	34.2163	26.7024	 0.86	 37.59	0.040	  145.04	 99.93
 359.00	 356.08	 7.7510	34.2207	26.7037	 0.86	 37.35	0.041	  145.13	 99.93
 360.00	 357.07	 7.7572	34.2220	26.7038	 0.85	 37.06	0.041	  145.05	 99.93
 361.00	 358.07	 7.7620	34.2225	26.7035	 0.84	 36.62	0.040	  145.06	 99.93
 362.00	 359.06	 7.7670	34.2243	26.7042	 0.83	 36.09	0.040	  145.09	 99.93
 363.00	 360.05	 7.7771	34.2271	26.7049	 0.82	 35.71	0.040	  145.06	 99.93
 364.00	 361.04	 7.7926	34.2307	26.7055	 0.81	 35.33	0.040	  145.02	 99.93
 365.00	 362.03	 7.7986	34.2324	26.7060	 0.81	 35.07	0.040	  145.06	 99.93
 366.00	 363.02	 7.7965	34.2340	26.7076	 0.80	 34.92	0.040	  145.06	 99.94
 367.00	 364.01	 7.7821	34.2345	26.7101	 0.81	 35.07	0.040	  145.07	 99.94
 368.00	 365.00	 7.7685	34.2331	26.7110	 0.82	 35.57	0.040	  145.08	 99.94
 369.00	 365.99	 7.7492	34.2307	26.7119	 0.83	 36.01	0.041	  145.03	 99.94
 370.00	 366.98	 7.7297	34.2288	26.7133	 0.83	 36.21	0.041	  145.04	 99.94
 371.00	 367.98	 7.7030	34.2249	26.7141	 0.84	 36.48	0.040	  145.07	 99.94
 372.00	 368.97	 7.6872	34.2218	26.7139	 0.85	 36.98	0.040	  145.06	 99.94
 373.00	 369.96	 7.6567	34.2197	26.7167	 0.86	 37.48	0.040	  145.02	 99.94
 374.00	 370.95	 7.6418	34.2181	26.7175	 0.86	 37.52	0.040	  144.98	 99.94
 375.00	 371.94	 7.6269	34.2164	26.7184	 0.85	 37.19	0.040	  145.06	 99.95
 376.00	 372.93	 7.6016	34.2120	26.7186	 0.85	 37.02	0.040	  145.01	 99.94
 377.00	 373.92	 7.5754	34.2123	26.7226	 0.85	 37.03	0.041	  145.01	 99.94
 378.00	 374.91	 7.5626	34.2132	26.7251	 0.85	 37.07	0.041	  145.08	 99.94
 379.00	 375.90	 7.5587	34.2132	26.7257	 0.85	 37.00	0.040	  145.02	 99.94
 380.00	 376.89	 7.5568	34.2131	26.7259	 0.85	 36.79	0.040	  145.04	 99.94
 381.00	 377.89	 7.5530	34.2121	26.7257	 0.84	 36.73	0.040	  145.07	 99.94
 382.00	 378.88	 7.5356	34.2113	26.7276	 0.85	 36.85	0.040	  145.05	 99.93
 383.00	 379.87	 7.5256	34.2119	26.7295	 0.84	 36.66	0.040	  145.03	 99.93
 384.00	 380.86	 7.5228	34.2120	26.7299	 0.84	 36.50	0.040	  144.96	 99.93
 385.00	 381.85	 7.5111	34.2110	26.7309	 0.83	 36.31	0.040	  144.96	 99.93
 386.00	 382.84	 7.4961	34.2130	26.7346	 0.83	 36.04	0.040	  145.03	 99.94
 387.00	 383.83	 7.4898	34.2135	26.7358	 0.83	 36.00	0.042	  144.96	 99.94
 388.00	 384.82	 7.4796	34.2139	26.7377	 0.83	 35.89	0.041	  145.03	 99.94
 389.00	 385.81	 7.4627	34.2118	26.7384	 0.81	 35.40	0.040	  144.92	 99.94
 390.00	 386.80	 7.4451	34.2119	26.7410	 0.81	 35.27	0.040	  145.02	 99.94
 391.00	 387.79	 7.4041	34.2089	26.7445	 0.81	 35.34	0.040	  145.02	 99.94
 392.00	 388.78	 7.3727	34.2121	26.7514	 0.81	 35.21	0.040	  144.96	 99.94
 393.00	 389.78	 7.3693	34.2128	26.7525	 0.81	 35.22	0.040	  144.95	 99.94
 394.00	 390.77	 7.3669	34.2122	26.7524	 0.81	 35.05	0.040	  145.04	 99.94
 395.00	 391.76	 7.3635	34.2128	26.7533	 0.80	 34.82	0.042	  145.03	 99.94
 396.00	 392.75	 7.3629	34.2127	26.7533	 0.80	 34.90	0.042	  144.98	 99.94
 397.00	 393.74	 7.3624	34.2128	26.7535	 0.81	 35.11	0.040	  144.96	 99.95
 398.00	 394.73	 7.3590	34.2122	26.7535	 0.81	 35.08	0.040	  144.93	 99.95
 399.00	 395.72	 7.3507	34.2123	26.7547	 0.80	 34.82	0.041	  144.95	 99.95
 400.00	 396.71	 7.3509	34.2124	26.7548	 0.80	 34.68	0.041	  144.98	 99.95
 401.00	 397.70	 7.3476	34.2124	26.7553	 0.80	 34.85	0.040	  144.97	 99.94
 402.00	 398.69	 7.3470	34.2125	26.7555	 0.80	 34.90	0.040	  144.93	 99.94
 403.00	 399.68	 7.3456	34.2124	26.7556	 0.80	 34.85	0.040	  144.98	 99.95
 404.00	 400.67	 7.3429	34.2123	26.7559	 0.80	 34.69	0.040	  144.94	 99.95
 405.00	 401.67	 7.3393	34.2121	26.7563	 0.80	 34.93	0.040	  144.94	 99.94
 406.00	 402.66	 7.3378	34.2120	26.7565	 0.80	 34.95	0.040	  144.92	 99.95
 407.00	 403.65	 7.3365	34.2118	26.7565	 0.80	 34.65	0.041	  144.89	 99.95
 408.00	 404.64	 7.3296	34.2112	26.7570	 0.80	 34.60	0.042	  144.84	 99.95
 409.00	 405.63	 7.3277	34.2119	26.7578	 0.79	 34.37	0.041	  144.87	 99.95
 410.00	 406.62	 7.3224	34.2113	26.7581	 0.79	 34.38	0.040	  144.87	 99.95
 411.00	 407.61	 7.3157	34.2117	26.7593	 0.79	 34.19	0.040	  144.87	 99.95
 412.00	 408.60	 7.3001	34.2120	26.7618	 0.77	 33.58	0.041	  144.90	 99.95
 413.00	 409.59	 7.2651	34.2150	26.7691	 0.75	 32.79	0.041	  144.88	 99.95
 414.00	 410.58	 7.2594	34.2163	26.7709	 0.74	 32.39	0.040	  144.87	 99.95
 415.00	 411.57	 7.2507	34.2165	26.7723	 0.73	 31.95	0.042	  144.87	 99.95
 416.00	 412.56	 7.2352	34.2189	26.7764	 0.72	 31.51	0.042	  144.90	 99.95
 417.00	 413.55	 7.2206	34.2212	26.7802	 0.71	 30.91	0.042	  144.91	 99.95
 418.00	 414.55	 7.2016	34.2243	26.7853	 0.70	 30.45	0.041	  144.82	 99.95
 419.00	 415.54	 7.1874	34.2269	26.7893	 0.69	 30.17	0.041	  144.88	 99.95
 420.00	 416.53	 7.1809	34.2277	26.7909	 0.68	 29.79	0.041	  144.86	 99.95
 421.00	 417.52	 7.1656	34.2302	26.7950	 0.67	 29.29	0.040	  144.87	 99.95
 422.00	 418.51	 7.1609	34.2318	26.7969	 0.66	 28.92	0.040	  144.82	 99.95
 423.00	 419.50	 7.1580	34.2325	26.7979	 0.66	 28.59	0.040	  144.85	 99.95
 424.00	 420.49	 7.1495	34.2326	26.7991	 0.65	 28.09	0.040	  144.86	 99.95
 425.00	 421.48	 7.1339	34.2376	26.8053	 0.64	 27.83	0.041	  144.89	 99.95
 426.00	 422.47	 7.1289	34.2399	26.8078	 0.63	 27.53	0.041	  144.82	 99.95
 427.00	 423.46	 7.1286	34.2407	26.8085	 0.63	 27.28	0.040	  144.86	 99.95
 428.00	 424.45	 7.1291	34.2415	26.8091	 0.63	 27.24	0.040	  144.78	 99.96
 429.00	 425.44	 7.1298	34.2419	26.8093	 0.61	 26.75	0.040	  144.79	 99.96
 430.00	 426.43	 7.1306	34.2428	26.8099	 0.60	 26.23	0.040	  144.82	 99.96
 431.00	 427.42	 7.1351	34.2480	26.8134	 0.59	 25.70	0.040	  144.78	 99.97
 432.00	 428.42	 7.1318	34.2515	26.8166	 0.58	 25.41	0.040	  144.80	 99.97
 433.00	 429.41	 7.1258	34.2528	26.8185	 0.58	 25.38	0.040	  144.80	 99.97
 434.00	 430.40	 7.1214	34.2537	26.8198	 0.58	 25.26	0.041	  144.79	 99.98
 435.00	 431.39	 7.1155	34.2548	26.8215	 0.57	 24.95	0.042	  144.88	 99.97
 436.00	 432.38	 7.1110	34.2555	26.8227	 0.57	 24.78	0.042	  144.77	 99.98
 437.00	 433.37	 7.1085	34.2559	26.8233	 0.58	 25.04	0.040	  144.84	 99.98
 438.00	 434.36	 7.1072	34.2561	26.8237	 0.58	 25.05	0.040	  144.83	 99.98
 439.00	 435.35	 7.1064	34.2563	26.8240	 0.57	 24.91	0.040	  144.83	 99.98
 440.00	 436.34	 7.1063	34.2565	26.8242	 0.57	 24.74	0.041	  144.80	 99.98
 441.00	 437.33	 7.1062	34.2568	26.8244	 0.56	 24.30	0.040	  144.81	 99.98
 442.00	 438.32	 7.1043	34.2582	26.8258	 0.55	 23.85	0.040	  144.82	 99.98
 443.00	 439.31	 7.1023	34.2622	26.8293	 0.55	 23.71	0.040	  144.78	 99.98
 444.00	 440.30	 7.1025	34.2633	26.8301	 0.54	 23.47	0.040	  144.83	 99.98
 445.00	 441.29	 7.0975	34.2638	26.8312	 0.53	 23.15	0.040	  144.82	 99.98
 446.00	 442.28	 7.0919	34.2646	26.8326	 0.53	 23.20	0.040	  144.82	 99.98
 447.00	 443.28	 7.0852	34.2651	26.8339	 0.53	 23.19	0.041	  144.79	 99.98
 448.00	 444.27	 7.0799	34.2663	26.8356	 0.53	 23.15	0.041	  144.77	 99.98
 449.00	 445.26	 7.0753	34.2665	26.8365	 0.53	 22.93	0.041	  144.76	 99.98
 450.00	 446.25	 7.0661	34.2676	26.8386	 0.52	 22.70	0.041	  144.76	 99.98
 451.00	 447.24	 7.0639	34.2680	26.8392	 0.52	 22.76	0.040	  144.71	 99.98
 452.00	 448.23	 7.0604	34.2684	26.8400	 0.52	 22.81	0.040	  144.72	 99.98
 453.00	 449.22	 7.0563	34.2686	26.8408	 0.52	 22.58	0.040	  144.78	 99.98
 454.00	 450.21	 7.0454	34.2702	26.8436	 0.51	 22.20	0.040	  144.82	 99.98
 455.00	 451.20	 7.0440	34.2726	26.8457	 0.51	 22.04	0.041	  144.72	 99.98
 456.00	 452.19	 7.0468	34.2744	26.8467	 0.51	 21.97	0.042	  144.66	 99.98
 457.00	 453.18	 7.0476	34.2753	26.8473	 0.50	 21.65	0.042	  144.79	 99.98
 458.00	 454.17	 7.0490	34.2762	26.8478	 0.49	 21.33	0.041	  144.80	 99.98
 459.00	 455.16	 7.0492	34.2774	26.8488	 0.49	 21.46	0.040	  144.80	 99.98
 460.00	 456.15	 7.0451	34.2774	26.8494	 0.50	 21.69	0.041	  144.72	 99.98
 461.00	 457.14	 7.0364	34.2780	26.8510	 0.50	 21.59	0.042	  144.70	 99.98
 462.00	 458.13	 7.0326	34.2782	26.8517	 0.49	 21.35	0.041	  144.72	 99.98
 463.00	 459.12	 7.0163	34.2776	26.8535	 0.49	 21.22	0.040	  144.69	 99.98
 464.00	 460.11	 7.0035	34.2776	26.8552	 0.49	 21.18	0.041	  144.69	 99.98
 465.00	 461.11	 6.9911	34.2779	26.8572	 0.49	 21.13	0.041	  144.70	 99.98
 466.00	 462.10	 6.9862	34.2789	26.8586	 0.48	 20.97	0.040	  144.72	 99.98
 467.00	 463.09	 6.9827	34.2799	26.8599	 0.48	 20.84	0.040	  144.77	 99.98
 468.00	 464.08	 6.9819	34.2796	26.8598	 0.48	 20.86	0.040	  144.70	 99.99
 469.00	 465.07	 6.9812	34.2799	26.8601	 0.48	 20.83	0.041	  144.64	 99.99
 470.00	 466.06	 6.9808	34.2799	26.8602	 0.48	 20.91	0.041	  144.65	 99.99
 471.00	 467.05	 6.9797	34.2799	26.8604	 0.48	 20.79	0.040	  144.58	 99.98
 472.00	 468.04	 6.9783	34.2799	26.8606	 0.48	 20.70	0.040	  144.63	 99.98
 473.00	 469.03	 6.9764	34.2800	26.8609	 0.48	 20.89	0.040	  144.64	 99.98
 474.00	 470.02	 6.9736	34.2802	26.8615	 0.48	 20.80	0.040	  144.63	 99.98
 475.00	 471.01	 6.9721	34.2801	26.8617	 0.48	 20.78	0.040	  144.68	 99.98
 476.00	 472.00	 6.9701	34.2801	26.8619	 0.48	 20.77	0.040	  144.58	 99.99
 477.00	 472.99	 6.9653	34.2802	26.8627	 0.47	 20.60	0.040	  144.63	 99.98
 478.00	 473.98	 6.9598	34.2803	26.8635	 0.47	 20.53	0.040	  144.62	 99.99
 479.00	 474.97	 6.9525	34.2813	26.8653	 0.47	 20.52	0.040	  144.63	 99.99
 480.00	 475.96	 6.9476	34.2814	26.8661	 0.47	 20.34	0.041	  144.55	 99.99
 481.00	 476.95	 6.9357	34.2810	26.8674	 0.47	 20.25	0.041	  144.57	 99.98
 482.00	 477.94	 6.9328	34.2816	26.8682	 0.47	 20.51	0.041	  144.56	 99.99
 483.00	 478.93	 6.9277	34.2803	26.8680	 0.47	 20.41	0.042	  144.60	 99.99
 484.00	 479.92	 6.9166	34.2808	26.8698	 0.46	 20.15	0.041	  144.61	 99.98
 485.00	 480.91	 6.9163	34.2817	26.8706	 0.46	 19.96	0.040	  144.51	 99.99
 486.00	 481.90	 6.9211	34.2834	26.8713	 0.46	 19.95	0.040	  144.55	 99.99
 487.00	 482.90	 6.9216	34.2840	26.8717	 0.46	 20.04	0.041	  144.55	 99.99
 488.00	 483.89	 6.9145	34.2841	26.8728	 0.46	 20.02	0.041	  144.53	 99.99
 489.00	 484.88	 6.9102	34.2842	26.8735	 0.45	 19.60	0.040	  144.54	 99.99
 490.00	 485.87	 6.9014	34.2836	26.8742	 0.45	 19.65	0.040	  144.57	 99.99
 491.00	 486.86	 6.8917	34.2841	26.8759	 0.46	 19.94	0.040	  144.56	 99.99
 492.00	 487.85	 6.8790	34.2825	26.8764	 0.45	 19.78	0.040	  144.57	 99.99
 493.00	 488.84	 6.8615	34.2819	26.8783	 0.46	 19.87	0.040	  144.55	 99.99
 494.00	 489.83	 6.8391	34.2811	26.8807	 0.46	 19.87	0.041	  144.58	 99.99
 495.00	 490.82	 6.8220	34.2809	26.8829	 0.45	 19.69	0.041	  144.57	 99.99
 496.00	 491.81	 6.8171	34.2810	26.8836	 0.45	 19.51	0.041	  144.56	 99.99
 497.00	 492.80	 6.8093	34.2817	26.8853	 0.45	 19.44	0.041	  144.54	 99.99
 498.00	 493.79	 6.8008	34.2821	26.8867	 0.45	 19.43	0.040	  144.48	100.00
 499.00	 494.78	 6.7944	34.2817	26.8872	 0.43	 18.89	0.040	  144.54	 99.99
 500.00	 495.77	 6.7794	34.2810	26.8887	 0.43	 18.66	0.040	  144.50	 99.99
 501.00	 496.76	 6.7637	34.2816	26.8914	 0.43	 18.80	0.040	  144.53	100.00
 502.00	 497.75	 6.7454	34.2842	26.8959	 0.43	 18.75	0.040	  144.53	 99.99
 503.00	 498.74	 6.7376	34.2848	26.8974	 0.43	 18.56	0.041	  144.48	 99.99
 504.00	 499.73	 6.7334	34.2850	26.8982	 0.43	 18.50	0.040	  144.58	100.00
 505.00	 500.72	 6.7313	34.2853	26.8986	 0.43	 18.57	0.041	  144.53	 99.99
 506.00	 501.71	 6.7249	34.2849	26.8992	 0.43	 18.55	0.042	  144.47	100.00
 507.00	 502.70	 6.7090	34.2844	26.9010	 0.43	 18.56	0.041	  144.49	 99.99
 508.00	 503.69	 6.6962	34.2833	26.9018	 0.43	 18.53	0.040	  144.44	100.00
 509.00	 504.68	 6.6790	34.2826	26.9036	 0.43	 18.54	0.040	  144.60	 99.99
 510.00	 505.67	 6.6642	34.2816	26.9047	 0.43	 18.53	0.041	  144.54	 99.99
 511.00	 506.66	 6.6528	34.2813	26.9060	 0.43	 18.60	0.042	  144.49	100.00
 512.00	 507.65	 6.6478	34.2816	26.9070	 0.43	 18.53	0.041	  144.52	100.00
 513.00	 508.64	 6.6444	34.2810	26.9069	 0.42	 18.35	0.040	  144.50	100.00
 514.00	 509.63	 6.6385	34.2810	26.9077	 0.42	 18.30	0.040	  144.57	100.00
 515.00	 510.62	 6.6375	34.2809	26.9078	 0.42	 18.43	0.040	  144.52	100.00
 516.00	 511.62	 6.6291	34.2800	26.9082	 0.43	 18.54	0.041	  144.51	100.00
 517.00	 512.61	 6.6199	34.2796	26.9091	 0.42	 18.48	0.041	  144.51	100.00
 518.00	 513.60	 6.6120	34.2804	26.9108	 0.42	 18.32	0.040	  144.53	100.00
 519.00	 514.59	 6.6124	34.2806	26.9109	 0.42	 18.21	0.040	  144.58	 99.99
 520.00	 515.58	 6.6118	34.2807	26.9111	 0.42	 18.13	0.040	  144.46	100.00
 521.00	 516.57	 6.6106	34.2809	26.9114	 0.42	 18.20	0.040	  144.47	 99.99
 522.00	 517.56	 6.6065	34.2821	26.9130	 0.42	 18.08	0.040	  144.47	 99.99
 523.00	 518.55	 6.6062	34.2828	26.9136	 0.41	 17.93	0.040	  144.50	100.00
 524.00	 519.54	 6.6065	34.2833	26.9139	 0.41	 17.92	0.040	  144.47	100.00
 525.00	 520.53	 6.6090	34.2846	26.9146	 0.41	 18.01	0.040	  144.44	100.00
 526.00	 521.52	 6.6082	34.2851	26.9152	 0.41	 17.96	0.041	  144.44	100.00
 527.00	 522.51	 6.6084	34.2853	26.9152	 0.41	 17.78	0.041	  144.39	100.00
 528.00	 523.50	 6.6039	34.2843	26.9151	 0.41	 17.77	0.040	  144.42	100.00
 529.00	 524.49	 6.5893	34.2834	26.9164	 0.41	 18.00	0.040	  144.42	100.00
 530.00	 525.48	 6.5799	34.2827	26.9170	 0.42	 18.24	0.040	  144.45	100.00
 531.00	 526.47	 6.5608	34.2809	26.9182	 0.42	 18.28	0.040	  144.52	100.00
 532.00	 527.46	 6.5458	34.2791	26.9187	 0.42	 18.14	0.040	  144.30	100.00
 533.00	 528.45	 6.5250	34.2774	26.9201	 0.42	 18.13	0.040	  144.36	100.00
 534.00	 529.44	 6.4791	34.2719	26.9218	 0.42	 18.20	0.040	  144.41	100.00
 535.00	 530.43	 6.4315	34.2697	26.9263	 0.42	 18.19	0.041	  144.40	100.00
 536.00	 531.42	 6.4132	34.2718	26.9304	 0.42	 18.15	0.041	  144.48	100.00
 537.00	 532.41	 6.4115	34.2722	26.9309	 0.41	 17.96	0.041	  144.39	100.00
 538.00	 533.40	 6.4116	34.2725	26.9311	 0.41	 17.82	0.040	  144.41	100.00
 539.00	 534.39	 6.4121	34.2730	26.9314	 0.41	 17.82	0.042	  144.42	100.00
 540.00	 535.38	 6.4123	34.2730	26.9315	 0.41	 17.62	0.042	  144.37	100.00
 541.00	 536.37	 6.4068	34.2730	26.9322	 0.40	 17.61	0.040	  144.41	100.00
 542.00	 537.36	 6.3886	34.2726	26.9343	 0.40	 17.43	0.040	  144.33	100.00
 543.00	 538.35	 6.3715	34.2727	26.9365	 0.40	 17.28	0.041	  144.31	100.00
 544.00	 539.34	 6.3598	34.2743	26.9394	 0.40	 17.40	0.041	  144.34	100.00
 545.00	 540.33	 6.3542	34.2747	26.9404	 0.40	 17.36	0.041	  144.34	100.00
 546.00	 541.32	 6.3438	34.2756	26.9425	 0.39	 17.16	0.041	  144.35	100.00
 547.00	 542.31	 6.3329	34.2752	26.9436	 0.38	 16.60	0.040	  144.36	100.00
 548.00	 543.30	 6.3145	34.2763	26.9469	 0.38	 16.74	0.040	  144.34	100.00
 549.00	 544.29	 6.3064	34.2783	26.9495	 0.39	 17.04	0.040	  144.35	100.00
 550.00	 545.28	 6.3037	34.2786	26.9501	 0.39	 16.88	0.040	  144.30	100.00
 551.00	 546.27	 6.3027	34.2787	26.9503	 0.38	 16.69	0.040	  144.41	100.00
 552.00	 547.26	 6.2976	34.2792	26.9513	 0.38	 16.62	0.040	  144.32	100.00
 553.00	 548.25	 6.2917	34.2797	26.9525	 0.38	 16.64	0.041	  144.33	100.00
 554.00	 549.24	 6.2850	34.2797	26.9534	 0.38	 16.71	0.041	  144.29	100.00
 555.00	 550.23	 6.2763	34.2808	26.9554	 0.38	 16.70	0.040	  144.32	100.00
 556.00	 551.22	 6.2754	34.2809	26.9556	 0.38	 16.57	0.040	  144.35	100.00
 557.00	 552.21	 6.2750	34.2809	26.9557	 0.37	 16.29	0.041	  144.33	100.00
 558.00	 553.20	 6.2741	34.2810	26.9558	 0.38	 16.42	0.042	  144.33	100.00
 559.00	 554.19	 6.2732	34.2809	26.9559	 0.38	 16.46	0.040	  144.30	100.00
 560.00	 555.18	 6.2725	34.2810	26.9561	 0.38	 16.47	0.040	  144.29	100.00
 561.00	 556.17	 6.2720	34.2810	26.9562	 0.38	 16.46	0.040	  144.30	100.00
 562.00	 557.16	 6.2716	34.2811	26.9563	 0.38	 16.31	0.040	  144.33	100.00
 563.00	 558.15	 6.2712	34.2811	26.9564	 0.38	 16.35	0.041	  144.27	100.00
 564.00	 559.14	 6.2710	34.2811	26.9564	 0.38	 16.42	0.042	  144.24	100.00
 565.00	 560.13	 6.2655	34.2807	26.9568	 0.38	 16.34	0.040	  144.21	100.00
 566.00	 561.12	 6.2497	34.2821	26.9600	 0.37	 16.24	0.040	  144.19	100.00
 567.00	 562.11	 6.2321	34.2826	26.9626	 0.37	 16.01	0.041	  144.36	100.00
 568.00	 563.10	 6.2246	34.2841	26.9648	 0.36	 15.86	0.041	  144.28	100.00
 569.00	 564.09	 6.2175	34.2837	26.9653	 0.37	 15.89	0.040	  144.25	100.00
 570.00	 565.08	 6.2045	34.2844	26.9676	 0.37	 16.02	0.040	  144.25	100.00
 571.00	 566.07	 6.2039	34.2861	26.9690	 0.37	 16.00	0.040	  144.34	100.00
 572.00	 567.06	 6.2041	34.2872	26.9699	 0.36	 15.71	0.040	  144.30	100.00
 573.00	 568.05	 6.1985	34.2878	26.9711	 0.35	 15.33	0.040	  144.34	100.00
 574.00	 569.04	 6.1958	34.2882	26.9718	 0.35	 15.39	0.040	  144.28	100.00
 575.00	 570.03	 6.1896	34.2875	26.9720	 0.36	 15.53	0.040	  144.24	100.00
 576.00	 571.02	 6.1788	34.2890	26.9745	 0.36	 15.54	0.041	  144.23	100.00
 577.00	 572.01	 6.1785	34.2902	26.9756	 0.35	 15.23	0.041	  144.32	100.00
 578.00	 573.00	 6.1796	34.2914	26.9764	 0.34	 14.88	0.040	  144.24	100.00
 579.00	 573.99	 6.1858	34.2941	26.9777	 0.34	 14.96	0.040	  144.22	100.00
 580.00	 574.98	 6.2005	34.2997	26.9803	 0.34	 14.88	0.040	  144.20	100.00
 581.00	 575.97	 6.1950	34.2982	26.9798	 0.34	 14.89	0.040	  144.19	100.00
 582.00	 576.96	 6.1894	34.2967	26.9794	 0.34	 14.99	0.040	  144.20	100.00
 583.00	 577.95	 6.1557	34.2967	26.9837	 0.34	 14.94	0.040	  144.15	100.00
 584.00	 578.94	 6.1376	34.2972	26.9864	 0.34	 14.81	0.040	  144.23	100.00
 585.00	 579.93	 6.1339	34.2976	26.9872	 0.34	 14.85	0.040	  144.16	100.00
 586.00	 580.92	 6.1310	34.2974	26.9875	 0.34	 14.95	0.041	  144.19	100.00
 587.00	 581.91	 6.1214	34.2976	26.9888	 0.34	 14.87	0.040	  144.11	100.00
 588.00	 582.90	 6.1067	34.2998	26.9924	 0.34	 14.59	0.040	  144.18	100.00
 589.00	 583.89	 6.0923	34.3002	26.9946	 0.33	 14.26	0.041	  144.20	100.00
 590.00	 584.88	 6.0713	34.3030	26.9994	 0.33	 14.31	0.042	  144.16	100.00
 591.00	 585.87	 6.0635	34.3042	27.0014	 0.33	 14.43	0.040	  144.16	100.00
 592.00	 586.86	 6.0590	34.3043	27.0020	 0.33	 14.28	0.040	  144.18	100.00
 593.00	 587.85	 6.0488	34.3050	27.0039	 0.33	 14.32	0.041	  144.12	100.00
 594.00	 588.84	 6.0440	34.3056	27.0050	 0.32	 14.07	0.041	  144.07	100.00
 595.00	 589.83	 6.0339	34.3066	27.0071	 0.32	 13.84	0.040	  144.10	100.00
 596.00	 590.82	 6.0284	34.3076	27.0085	 0.32	 14.10	0.040	  144.14	100.00
 597.00	 591.81	 6.0259	34.3078	27.0090	 0.33	 14.15	0.040	  144.17	100.00
 598.00	 592.80	 6.0210	34.3081	27.0099	 0.32	 14.04	0.041	  144.18	100.00
 599.00	 593.79	 6.0151	34.3090	27.0113	 0.32	 13.99	0.042	  144.13	100.00
 600.00	 594.78	 6.0119	34.3090	27.0117	 0.32	 13.95	0.041	  144.10	100.00
 601.00	 595.77	 6.0007	34.3096	27.0137	 0.32	 13.74	0.040	  144.10	100.00
 602.00	 596.76	 5.9927	34.3103	27.0152	 0.32	 13.81	0.040	  144.12	100.00
 603.00	 597.75	 5.9843	34.3107	27.0167	 0.32	 13.93	0.040	  144.18	100.00
 604.00	 598.74	 5.9702	34.3116	27.0191	 0.32	 13.88	0.040	  144.11	100.00
 605.00	 599.73	 5.9528	34.3142	27.0233	 0.32	 13.83	0.040	  144.09	100.00
 606.00	 600.72	 5.9458	34.3145	27.0244	 0.32	 13.77	0.041	  144.09	100.00
 607.00	 601.71	 5.9291	34.3150	27.0270	 0.31	 13.62	0.040	  144.07	100.00
 608.00	 602.70	 5.9186	34.3172	27.0300	 0.31	 13.62	0.042	  144.09	100.00
 609.00	 603.69	 5.9106	34.3169	27.0307	 0.31	 13.66	0.041	  144.12	100.00
 610.00	 604.68	 5.8982	34.3184	27.0335	 0.31	 13.42	0.040	  144.05	100.00
 611.00	 605.67	 5.8853	34.3195	27.0360	 0.31	 13.69	0.040	  144.09	100.00
 612.00	 606.66	 5.8763	34.3206	27.0380	 0.31	 13.52	0.040	  144.10	100.00
 613.00	 607.65	 5.8711	34.3212	27.0391	 0.30	 13.24	0.040	  144.05	100.00
 614.00	 608.64	 5.8651	34.3218	27.0403	 0.30	 13.23	0.041	  144.06	100.00
 615.00	 609.63	 5.8619	34.3223	27.0412	 0.30	 13.21	0.041	  144.08	100.00
 616.00	 610.62	 5.8564	34.3226	27.0421	 0.31	 13.42	0.040	  144.07	100.00
 617.00	 611.61	 5.8533	34.3228	27.0426	 0.31	 13.29	0.040	  144.06	100.00
 618.00	 612.60	 5.8336	34.3223	27.0447	 0.30	 13.13	0.040	  144.07	100.00
 619.00	 613.59	 5.8139	34.3236	27.0482	 0.30	 12.92	0.041	  144.02	100.00
 620.00	 614.58	 5.8042	34.3244	27.0500	 0.30	 13.01	0.042	  144.05	100.00
 621.00	 615.57	 5.7921	34.3235	27.0508	 0.30	 13.17	0.042	  144.02	100.00
 622.00	 616.56	 5.7876	34.3259	27.0533	 0.30	 13.13	0.042	  144.03	100.00
 623.00	 617.55	 5.7842	34.3259	27.0537	 0.30	 12.92	0.041	  144.04	100.00
 624.00	 618.54	 5.7725	34.3251	27.0545	 0.29	 12.74	0.041	  144.05	100.00
 625.00	 619.53	 5.7609	34.3242	27.0552	 0.29	 12.68	0.041	  144.05	100.00
 626.00	 620.52	 5.7587	34.3248	27.0560	 0.29	 12.41	0.040	  144.09	100.00
 627.00	 621.51	 5.7492	34.3225	27.0553	 0.29	 12.45	0.040	  144.07	100.00
 628.00	 622.50	 5.7382	34.3243	27.0581	 0.29	 12.51	0.041	  144.03	100.00
 629.00	 623.49	 5.7369	34.3248	27.0587	 0.29	 12.46	0.041	  144.06	100.00
 630.00	 624.48	 5.7355	34.3253	27.0593	 0.29	 12.53	0.040	  144.04	100.00
 631.00	 625.47	 5.7343	34.3258	27.0598	 0.29	 12.44	0.040	  144.06	100.00
 632.00	 626.45	 5.7344	34.3265	27.0604	 0.28	 12.04	0.040	  144.03	100.00
 633.00	 627.44	 5.7325	34.3269	27.0610	 0.28	 12.30	0.040	  143.97	100.00
 634.00	 628.43	 5.7300	34.3274	27.0617	 0.29	 12.43	0.042	  143.97	100.00
 635.00	 629.42	 5.7244	34.3282	27.0630	 0.29	 12.43	0.041	  143.97	100.00
 636.00	 630.41	 5.7173	34.3280	27.0637	 0.29	 12.43	0.040	  143.96	100.00
 637.00	 631.40	 5.7050	34.3284	27.0656	 0.29	 12.44	0.041	  143.98	100.00
 638.00	 632.39	 5.6889	34.3268	27.0662	 0.29	 12.44	0.041	  143.99	100.00
 639.00	 633.38	 5.6773	34.3269	27.0677	 0.28	 12.32	0.041	  143.95	100.00
 640.00	 634.37	 5.6622	34.3249	27.0680	 0.28	 12.21	0.040	  143.92	100.00
 641.00	 635.36	 5.6475	34.3255	27.0703	 0.28	 12.28	0.041	  143.96	100.00
 642.00	 636.35	 5.6453	34.3292	27.0735	 0.28	 12.16	0.041	  143.96	100.00
 643.00	 637.34	 5.6439	34.3299	27.0742	 0.28	 12.23	0.040	  143.98	100.00
 644.00	 638.33	 5.6193	34.3311	27.0781	 0.28	 12.30	0.041	  143.96	100.00
 645.00	 639.32	 5.6071	34.3317	27.0801	 0.28	 12.28	0.041	  143.89	100.00
 646.00	 640.31	 5.6026	34.3319	27.0808	 0.28	 12.11	0.042	  143.94	100.00
 647.00	 641.30	 5.5994	34.3318	27.0811	 0.27	 11.89	0.042	  143.90	100.00
 648.00	 642.29	 5.5949	34.3318	27.0817	 0.28	 12.07	0.040	  143.94	100.00
 649.00	 643.28	 5.5879	34.3317	27.0824	 0.28	 12.12	0.040	  143.92	100.00
 650.00	 644.27	 5.5831	34.3323	27.0835	 0.28	 12.03	0.040	  143.92	100.00
 651.00	 645.26	 5.5732	34.3328	27.0851	 0.28	 12.08	0.040	  143.94	100.00
 652.00	 646.25	 5.5627	34.3339	27.0873	 0.28	 12.12	0.040	  143.85	100.00
 653.00	 647.24	 5.5595	34.3345	27.0881	 0.28	 12.03	0.041	  143.84	100.00
 654.00	 648.23	 5.5581	34.3348	27.0885	 0.27	 11.79	0.040	  143.92	100.00
 655.00	 649.22	 5.5568	34.3348	27.0887	 0.27	 11.74	0.041	  143.86	100.00
 656.00	 650.21	 5.5532	34.3352	27.0895	 0.27	 11.90	0.042	  143.90	100.00
 657.00	 651.20	 5.5424	34.3354	27.0910	 0.27	 11.89	0.041	  143.87	100.00
 658.00	 652.19	 5.5376	34.3369	27.0927	 0.27	 11.95	0.041	  143.89	100.00
 659.00	 653.18	 5.5376	34.3370	27.0928	 0.27	 11.94	0.042	  143.86	100.00
 660.00	 654.17	 5.5354	34.3367	27.0928	 0.27	 11.90	0.042	  143.79	100.00
 661.00	 655.15	 5.5305	34.3366	27.0934	 0.27	 11.93	0.041	  143.84	100.00
 662.00	 656.14	 5.5292	34.3364	27.0934	 0.27	 11.93	0.042	  143.81	100.00
 663.00	 657.13	 5.5278	34.3366	27.0937	 0.27	 11.86	0.041	  143.81	100.00
 664.00	 658.12	 5.5242	34.3358	27.0936	 0.27	 11.73	0.041	  143.78	100.00
 665.00	 659.11	 5.5191	34.3358	27.0942	 0.27	 11.82	0.041	  143.79	100.00
 666.00	 660.10	 5.5166	34.3357	27.0944	 0.27	 11.92	0.040	  143.87	100.00
 667.00	 661.09	 5.5079	34.3354	27.0952	 0.27	 11.88	0.040	  143.86	100.00
 668.00	 662.08	 5.4870	34.3352	27.0976	 0.27	 11.96	0.040	  143.84	100.00
 669.00	 663.07	 5.4823	34.3366	27.0992	 0.28	 12.02	0.040	  143.79	100.00
 670.00	 664.06	 5.4837	34.3374	27.0997	 0.27	 11.85	0.040	  143.82	100.00
 671.00	 665.05	 5.4918	34.3422	27.1026	 0.27	 11.54	0.040	  143.82	100.00
 672.00	 666.04	 5.5014	34.3435	27.1024	 0.26	 11.48	0.040	  143.79	100.00
 673.00	 667.03	 5.4872	34.3417	27.1028	 0.27	 11.76	0.040	  143.83	100.00
 674.00	 668.02	 5.4856	34.3481	27.1080	 0.27	 11.77	0.040	  143.72	100.00
 675.00	 669.01	 5.4758	34.3501	27.1108	 0.27	 11.77	0.040	  143.74	100.00
 676.00	 670.00	 5.4729	34.3506	27.1115	 0.27	 11.79	0.041	  143.78	100.00
 677.00	 670.99	 5.4677	34.3512	27.1126	 0.27	 11.82	0.041	  143.78	100.00
 678.00	 671.98	 5.4632	34.3504	27.1126	 0.27	 11.76	0.040	  143.75	100.00
 679.00	 672.97	 5.4529	34.3516	27.1147	 0.27	 11.75	0.041	  143.82	100.00
 680.00	 673.96	 5.4500	34.3524	27.1157	 0.27	 11.79	0.041	  143.76	100.00
 681.00	 674.95	 5.4496	34.3527	27.1160	 0.27	 11.76	0.040	  143.74	100.00
 682.00	 675.93	 5.4492	34.3531	27.1164	 0.27	 11.75	0.041	  143.74	100.00
 683.00	 676.92	 5.4460	34.3536	27.1172	 0.27	 11.79	0.041	  143.72	100.00
 684.00	 677.91	 5.4323	34.3552	27.1201	 0.27	 11.82	0.041	  143.76	100.00
 685.00	 678.90	 5.4297	34.3558	27.1209	 0.27	 11.80	0.041	  143.71	100.00
 686.00	 679.89	 5.4284	34.3561	27.1213	 0.27	 11.80	0.042	  143.74	100.00
 687.00	 680.88	 5.4262	34.3560	27.1215	 0.27	 11.80	0.041	  143.83	100.00
 688.00	 681.87	 5.4199	34.3564	27.1225	 0.27	 11.81	0.040	  143.69	100.00
 689.00	 682.86	 5.4149	34.3566	27.1233	 0.27	 11.81	0.040	  143.79	100.00
 690.00	 683.85	 5.4118	34.3572	27.1241	 0.27	 11.75	0.040	  143.72	100.00
 691.00	 684.84	 5.4109	34.3572	27.1242	 0.27	 11.65	0.040	  143.67	100.00
 692.00	 685.83	 5.4098	34.3573	27.1245	 0.27	 11.72	0.040	  143.70	100.00
 693.00	 686.82	 5.4093	34.3575	27.1247	 0.27	 11.82	0.040	  143.71	100.00
 694.00	 687.81	 5.4083	34.3574	27.1248	 0.27	 11.72	0.041	  143.64	100.00
 695.00	 688.80	 5.4056	34.3574	27.1251	 0.27	 11.67	0.041	  143.66	100.00
 696.00	 689.79	 5.4030	34.3578	27.1258	 0.27	 11.82	0.040	  143.52	100.00
 697.00	 690.78	 5.4004	34.3577	27.1260	 0.27	 11.85	0.041	  143.63	100.00
 698.00	 691.77	 5.3938	34.3578	27.1268	 0.27	 11.77	0.041	  143.60	100.00
 699.00	 692.76	 5.3894	34.3580	27.1275	 0.27	 11.87	0.040	  143.61	100.00
 700.00	 693.75	 5.3869	34.3582	27.1280	 0.27	 11.87	0.041	  143.58	100.00
 701.00	 694.73	 5.3861	34.3580	27.1280	 0.27	 11.84	0.040	  143.59	100.00
 702.00	 695.72	 5.3792	34.3583	27.1291	 0.27	 11.74	0.040	  143.62	100.00
 703.00	 696.71	 5.3774	34.3588	27.1296	 0.27	 11.64	0.040	  143.62	100.00
 704.00	 697.70	 5.3770	34.3589	27.1298	 0.27	 11.53	0.040	  143.61	100.00
 705.00	 698.69	 5.3765	34.3590	27.1299	 0.27	 11.58	0.040	  143.64	100.00
 706.00	 699.68	 5.3764	34.3591	27.1300	 0.27	 11.72	0.040	  143.63	100.00
 707.00	 700.67	 5.3760	34.3595	27.1304	 0.27	 11.78	0.041	  143.60	100.00
 708.00	 701.66	 5.3755	34.3598	27.1307	 0.27	 11.77	0.041	  143.61	100.00
 709.00	 702.65	 5.3698	34.3594	27.1311	 0.27	 11.87	0.041	  143.58	100.00
 710.00	 703.64	 5.3648	34.3598	27.1320	 0.27	 11.91	0.040	  143.57	100.00
 711.00	 704.63	 5.3640	34.3600	27.1323	 0.27	 11.74	0.040	  143.57	100.00
 712.00	 705.62	 5.3623	34.3600	27.1325	 0.27	 11.81	0.040	  143.56	100.00
 713.00	 706.61	 5.3605	34.3601	27.1328	 0.27	 11.84	0.040	  143.57	100.00
 714.00	 707.60	 5.3586	34.3603	27.1332	 0.27	 11.80	0.040	  143.57	100.00
 715.00	 708.59	 5.3583	34.3604	27.1333	 0.27	 11.82	0.040	  143.58	100.00
 716.00	 709.57	 5.3569	34.3604	27.1335	 0.27	 11.86	0.041	  143.50	100.00
 717.00	 710.56	 5.3545	34.3608	27.1341	 0.27	 11.80	0.041	  143.50	100.00
 718.00	 711.55	 5.3528	34.3611	27.1345	 0.26	 11.49	0.040	  143.49	100.00
 719.00	 712.54	 5.3473	34.3607	27.1349	 0.27	 11.63	0.040	  143.48	100.00
 720.00	 713.53	 5.3382	34.3615	27.1366	 0.27	 11.76	0.040	  143.48	100.00
 721.00	 714.52	 5.3257	34.3623	27.1387	 0.27	 11.79	0.041	  143.48	100.00
 722.00	 715.51	 5.3186	34.3629	27.1400	 0.27	 11.82	0.041	  143.52	100.00
 723.00	 716.50	 5.3169	34.3630	27.1403	 0.27	 11.85	0.041	  143.54	100.00
 724.00	 717.49	 5.3159	34.3629	27.1403	 0.27	 11.78	0.041	  143.55	100.00
 725.00	 718.48	 5.3142	34.3630	27.1406	 0.27	 11.72	0.041	  143.52	100.00
 726.00	 719.47	 5.3119	34.3631	27.1410	 0.28	 11.99	0.042	  143.55	100.00
 727.00	 720.46	 5.3086	34.3630	27.1413	 0.27	 11.84	0.042	  143.43	100.00
 728.00	 721.45	 5.2958	34.3621	27.1421	 0.27	 11.85	0.041	  143.46	100.00
 729.00	 722.44	 5.2774	34.3640	27.1458	 0.27	 11.95	0.041	  143.44	100.00
 730.00	 723.42	 5.2747	34.3649	27.1469	 0.27	 11.95	0.040	  143.44	100.00
 731.00	 724.41	 5.2744	34.3653	27.1472	 0.27	 11.91	0.040	  143.48	100.00
 732.00	 725.40	 5.2745	34.3653	27.1472	 0.27	 11.94	0.040	  143.44	100.00
 733.00	 726.39	 5.2749	34.3660	27.1477	 0.27	 11.93	0.040	  143.41	100.00
 734.00	 727.38	 5.2746	34.3660	27.1477	 0.27	 11.91	0.040	  143.42	100.00
 735.00	 728.37	 5.2644	34.3654	27.1485	 0.27	 11.93	0.040	  143.40	100.00
 736.00	 729.36	 5.2610	34.3662	27.1495	 0.27	 11.81	0.041	  143.42	100.00
 737.00	 730.35	 5.2567	34.3658	27.1497	 0.27	 11.73	0.042	  143.43	100.00
 738.00	 731.34	 5.2509	34.3659	27.1505	 0.27	 11.76	0.041	  143.46	100.00
 739.00	 732.33	 5.2467	34.3658	27.1509	 0.27	 11.83	0.041	  143.43	100.00
 740.00	 733.32	 5.2407	34.3652	27.1512	 0.27	 11.88	0.041	  143.45	100.00
 741.00	 734.31	 5.2404	34.3665	27.1522	 0.27	 11.83	0.040	  143.52	100.00
 742.00	 735.30	 5.2497	34.3697	27.1536	 0.27	 11.73	0.040	  143.49	100.00
 743.00	 736.28	 5.2526	34.3696	27.1533	 0.27	 11.86	0.041	  143.34	100.00
 744.00	 737.27	 5.2497	34.3702	27.1541	 0.27	 11.92	0.041	  143.33	100.00
 745.00	 738.26	 5.2428	34.3714	27.1559	 0.28	 12.06	0.040	  143.37	100.00
 746.00	 739.25	 5.2349	34.3730	27.1581	 0.28	 12.01	0.041	  143.34	100.00
 747.00	 740.24	 5.2326	34.3732	27.1585	 0.28	 11.99	0.041	  143.44	100.00
 748.00	 741.23	 5.2303	34.3735	27.1590	 0.28	 11.96	0.040	  143.33	100.00
 749.00	 742.22	 5.2249	34.3739	27.1600	 0.28	 11.97	0.040	  143.32	100.00
 750.00	 743.21	 5.2198	34.3748	27.1613	 0.28	 11.97	0.041	  143.32	100.00
 751.00	 744.20	 5.2159	34.3751	27.1620	 0.28	 11.97	0.042	  143.33	100.00
 752.00	 745.19	 5.2128	34.3758	27.1629	 0.28	 11.98	0.041	  143.36	100.00
 753.00	 746.18	 5.2093	34.3758	27.1633	 0.28	 12.00	0.040	  143.34	100.00
 754.00	 747.17	 5.1988	34.3771	27.1656	 0.28	 12.16	0.040	  143.36	100.00
 755.00	 748.15	 5.1916	34.3782	27.1673	 0.28	 12.26	0.040	  143.33	100.00
 756.00	 749.14	 5.1874	34.3790	27.1684	 0.28	 12.23	0.040	  143.36	100.00
 757.00	 750.13	 5.1864	34.3792	27.1687	 0.28	 12.34	0.040	  143.35	100.00
 758.00	 751.12	 5.1809	34.3794	27.1695	 0.28	 12.23	0.040	  143.33	100.00
 759.00	 752.11	 5.1727	34.3799	27.1709	 0.28	 12.20	0.040	  143.35	100.00
 760.00	 753.10	 5.1663	34.3810	27.1725	 0.28	 12.24	0.041	  143.32	100.00
 761.00	 754.09	 5.1651	34.3810	27.1727	 0.28	 12.32	0.042	  143.33	100.00
 762.00	 755.08	 5.1628	34.3813	27.1732	 0.29	 12.48	0.040	  143.34	100.00
 763.00	 756.07	 5.1548	34.3805	27.1735	 0.29	 12.65	0.040	  143.32	100.00
 764.00	 757.06	 5.1383	34.3823	27.1768	 0.29	 12.57	0.040	  143.38	100.00
 765.00	 758.05	 5.1272	34.3834	27.1790	 0.29	 12.48	0.040	  143.35	100.00
 766.00	 759.04	 5.1219	34.3845	27.1805	 0.29	 12.44	0.042	  143.30	100.00
 767.00	 760.02	 5.1213	34.3847	27.1807	 0.29	 12.45	0.042	  143.26	100.00
 768.00	 761.01	 5.1204	34.3845	27.1807	 0.29	 12.45	0.040	  143.33	100.00
 769.00	 762.00	 5.1149	34.3848	27.1816	 0.28	 12.37	0.040	  143.27	100.00
 770.00	 762.99	 5.1075	34.3849	27.1825	 0.28	 12.29	0.040	  143.28	100.00
 771.00	 763.98	 5.0991	34.3850	27.1835	 0.29	 12.40	0.040	  143.24	100.00
 772.00	 764.97	 5.0946	34.3856	27.1846	 0.29	 12.59	0.040	  143.24	100.00
 773.00	 765.96	 5.0910	34.3860	27.1853	 0.28	 12.37	0.040	  143.29	100.00
 774.00	 766.95	 5.0873	34.3859	27.1857	 0.29	 12.45	0.041	  143.37	100.00
 775.00	 767.94	 5.0838	34.3862	27.1863	 0.29	 12.52	0.042	  143.28	100.00
 776.00	 768.93	 5.0782	34.3864	27.1871	 0.28	 12.35	0.041	  143.33	100.00
 777.00	 769.91	 5.0740	34.3875	27.1884	 0.29	 12.47	0.040	  143.25	100.00
 778.00	 770.90	 5.0723	34.3878	27.1889	 0.29	 12.48	0.040	  143.27	100.00
 779.00	 771.89	 5.0661	34.3881	27.1898	 0.29	 12.53	0.040	  143.26	100.00
 780.00	 772.88	 5.0540	34.3892	27.1921	 0.29	 12.49	0.040	  143.25	100.00
 781.00	 773.87	 5.0508	34.3898	27.1930	 0.29	 12.58	0.040	  143.28	100.00
 782.00	 774.86	 5.0422	34.3894	27.1937	 0.29	 12.53	0.040	  143.25	100.00
 783.00	 775.85	 5.0382	34.3907	27.1951	 0.29	 12.50	0.040	  143.34	100.00
 784.00	 776.84	 5.0357	34.3905	27.1953	 0.29	 12.54	0.040	  143.25	100.00
 785.00	 777.83	 5.0322	34.3907	27.1959	 0.29	 12.49	0.041	  143.22	100.00
 786.00	 778.82	 5.0301	34.3910	27.1963	 0.29	 12.55	0.040	  143.23	100.00
 787.00	 779.81	 5.0182	34.3904	27.1973	 0.29	 12.69	0.040	  143.27	100.00
 788.00	 780.79	 5.0075	34.3911	27.1990	 0.30	 12.98	0.040	  143.18	100.00
 789.00	 781.78	 4.9945	34.3900	27.1997	 0.30	 12.98	0.040	  143.24	100.00
 790.00	 782.77	 4.9730	34.3916	27.2034	 0.29	 12.78	0.040	  143.30	100.00
 791.00	 783.76	 4.9655	34.3927	27.2051	 0.29	 12.74	0.041	  143.33	100.00
 792.00	 784.75	 4.9619	34.3933	27.2060	 0.29	 12.71	0.041	  143.18	100.00
 793.00	 785.74	 4.9621	34.3933	27.2060	 0.29	 12.73	0.040	  143.12	100.00
 794.00	 786.73	 4.9622	34.3934	27.2061	 0.30	 12.90	0.041	  143.16	100.00
 795.00	 787.72	 4.9621	34.3936	27.2062	 0.30	 12.99	0.041	  143.20	100.00
 796.00	 788.71	 4.9620	34.3938	27.2064	 0.29	 12.76	0.040	  143.12	100.00
 797.00	 789.69	 4.9600	34.3934	27.2063	 0.29	 12.78	0.040	  143.11	100.00
 798.00	 790.68	 4.9505	34.3938	27.2077	 0.30	 12.84	0.041	  143.17	100.00
 799.00	 791.67	 4.9464	34.3940	27.2084	 0.30	 12.83	0.042	  143.16	100.00
 800.00	 792.66	 4.9425	34.3942	27.2090	 0.29	 12.80	0.042	  143.20	100.00
 801.00	 793.65	 4.9387	34.3945	27.2097	 0.29	 12.74	0.040	  143.16	100.00
 802.00	 794.64	 4.9371	34.3948	27.2101	 0.29	 12.80	0.041	  143.13	100.00
 803.00	 795.63	 4.9359	34.3948	27.2102	 0.30	 12.88	0.042	  143.14	100.00
 804.00	 796.62	 4.9315	34.3944	27.2104	 0.30	 13.07	0.041	  143.15	100.00
 805.00	 797.61	 4.9237	34.3952	27.2120	 0.30	 13.00	0.040	  143.17	100.00
 806.00	 798.60	 4.9190	34.3950	27.2123	 0.30	 12.86	0.040	  143.14	100.00
 807.00	 799.58	 4.9152	34.3955	27.2131	 0.30	 12.92	0.040	  143.11	100.00
 808.00	 800.57	 4.9135	34.3956	27.2135	 0.30	 12.94	0.040	  143.09	100.00
 809.00	 801.56	 4.9116	34.3958	27.2139	 0.30	 12.89	0.040	  143.09	100.00
 810.00	 802.55	 4.9071	34.3960	27.2145	 0.29	 12.79	0.041	  143.14	100.00
 811.00	 803.54	 4.9021	34.3960	27.2151	 0.30	 12.90	0.042	  143.12	100.00
 812.00	 804.53	 4.8893	34.3952	27.2159	 0.30	 13.01	0.041	  143.12	100.00
 813.00	 805.52	 4.8811	34.3959	27.2174	 0.30	 13.09	0.041	  143.10	100.00
 814.00	 806.51	 4.8772	34.3953	27.2174	 0.29	 12.72	0.042	  143.11	100.00
 815.00	 807.50	 4.8711	34.3959	27.2185	 0.29	 12.53	0.041	  143.11	100.00
 816.00	 808.48	 4.8691	34.3954	27.2183	 0.29	 12.77	0.041	  143.11	100.00
 817.00	 809.47	 4.8654	34.3955	27.2188	 0.29	 12.79	0.041	  143.07	100.00
 818.00	 810.46	 4.8664	34.3957	27.2189	 0.29	 12.82	0.040	  143.10	100.00
 819.00	 811.45	 4.8660	34.3956	27.2189	 0.29	 12.82	0.041	  143.09	100.00
 820.00	 812.44	 4.8610	34.3951	27.2191	 0.29	 12.82	0.042	  143.11	100.00
 821.00	 813.43	 4.8436	34.3954	27.2212	 0.30	 12.83	0.041	  143.12	100.00
 822.00	 814.42	 4.8379	34.3963	27.2226	 0.30	 12.83	0.042	  143.10	100.00
 823.00	 815.41	 4.8374	34.3963	27.2227	 0.30	 12.87	0.041	  143.09	100.00
 824.00	 816.39	 4.8370	34.3963	27.2227	 0.30	 12.93	0.040	  143.10	100.00
 825.00	 817.38	 4.8360	34.3964	27.2230	 0.30	 13.25	0.041	  143.10	100.00
 826.00	 818.37	 4.8354	34.3966	27.2232	 0.31	 13.30	0.042	  143.04	100.00
 827.00	 819.36	 4.8353	34.3966	27.2232	 0.30	 12.93	0.040	  143.10	100.00
 828.00	 820.35	 4.8350	34.3966	27.2233	 0.30	 12.93	0.040	  143.12	100.00
 829.00	 821.34	 4.8346	34.3968	27.2234	 0.30	 12.92	0.041	  143.07	100.00
 830.00	 822.33	 4.8333	34.3969	27.2237	 0.30	 12.84	0.042	  142.98	100.00
 831.00	 823.32	 4.8313	34.3970	27.2240	 0.30	 12.84	0.040	  143.01	100.00
 832.00	 824.30	 4.8298	34.3971	27.2243	 0.30	 12.89	0.040	  143.00	100.00
 833.00	 825.29	 4.8244	34.3972	27.2250	 0.30	 12.95	0.040	  143.01	100.00
 834.00	 826.28	 4.8158	34.3973	27.2260	 0.30	 13.03	0.041	  143.02	100.00
 835.00	 827.27	 4.8053	34.3974	27.2273	 0.30	 13.20	0.041	  142.98	100.00
 836.00	 828.26	 4.7984	34.3981	27.2286	 0.30	 13.08	0.040	  142.99	100.00
 837.00	 829.25	 4.7959	34.3983	27.2291	 0.30	 13.09	0.040	  143.00	100.00
 838.00	 830.24	 4.7932	34.3987	27.2297	 0.30	 13.17	0.042	  143.05	100.00
 839.00	 831.23	 4.7914	34.3994	27.2304	 0.30	 13.09	0.041	  143.03	100.00
 840.00	 832.22	 4.7912	34.3995	27.2305	 0.30	 13.12	0.040	  142.99	100.00
 841.00	 833.20	 4.7913	34.3995	27.2306	 0.30	 13.18	0.040	  143.07	100.00
 842.00	 834.19	 4.7912	34.3997	27.2307	 0.31	 13.36	0.040	  143.00	100.00
 843.00	 835.18	 4.7884	34.3996	27.2309	 0.31	 13.33	0.040	  142.98	100.00
 844.00	 836.17	 4.7793	34.4002	27.2324	 0.30	 13.18	0.041	  143.01	100.00
 845.00	 837.16	 4.7716	34.4009	27.2339	 0.31	 13.28	0.041	  142.97	100.00
 846.00	 838.15	 4.7674	34.4014	27.2348	 0.31	 13.34	0.041	  142.98	100.00
 847.00	 839.14	 4.7670	34.4017	27.2350	 0.31	 13.40	0.040	  142.95	100.00
 848.00	 840.12	 4.7665	34.4015	27.2350	 0.31	 13.32	0.041	  142.91	100.00
 849.00	 841.11	 4.7582	34.4009	27.2354	 0.31	 13.32	0.042	  142.95	100.00
 850.00	 842.10	 4.7486	34.4030	27.2382	 0.31	 13.37	0.041	  142.94	100.00
 851.00	 843.09	 4.7415	34.4026	27.2387	 0.31	 13.39	0.041	  142.93	100.00
 852.00	 844.08	 4.7390	34.4034	27.2396	 0.31	 13.41	0.042	  142.92	100.00
 853.00	 845.07	 4.7387	34.4034	27.2396	 0.31	 13.50	0.042	  142.88	100.00
 854.00	 846.06	 4.7379	34.4036	27.2399	 0.31	 13.63	0.041	  142.93	100.00
 855.00	 847.05	 4.7367	34.4039	27.2402	 0.31	 13.69	0.040	  142.90	100.00
 856.00	 848.03	 4.7320	34.4021	27.2393	 0.31	 13.55	0.040	  142.86	100.00
 857.00	 849.02	 4.7078	34.4043	27.2438	 0.31	 13.60	0.040	  142.89	100.00
 858.00	 850.01	 4.7059	34.4052	27.2447	 0.31	 13.58	0.040	  142.97	100.00
 859.00	 851.00	 4.7047	34.4050	27.2447	 0.31	 13.54	0.041	  142.93	100.00
 860.00	 851.99	 4.7039	34.4052	27.2450	 0.31	 13.56	0.041	  142.93	100.00
 861.00	 852.98	 4.7015	34.4052	27.2452	 0.31	 13.59	0.040	  142.86	100.00
 862.00	 853.97	 4.6981	34.4051	27.2455	 0.32	 13.71	0.040	  142.87	100.00
 863.00	 854.95	 4.6876	34.4047	27.2464	 0.32	 13.77	0.040	  142.89	100.00
 864.00	 855.94	 4.6753	34.4068	27.2494	 0.32	 13.70	0.040	  142.90	100.00
 865.00	 856.93	 4.6735	34.4065	27.2493	 0.32	 13.96	0.041	  142.79	100.00
 866.00	 857.92	 4.6720	34.4068	27.2498	 0.32	 14.12	0.041	  142.83	100.00
 867.00	 858.91	 4.6718	34.4068	27.2498	 0.32	 13.88	0.040	  142.85	100.00
 868.00	 859.90	 4.6710	34.4069	27.2500	 0.32	 13.74	0.041	  142.86	100.00
 869.00	 860.89	 4.6710	34.4069	27.2500	 0.32	 13.73	0.042	  142.91	100.00
 870.00	 861.88	 4.6704	34.4070	27.2502	 0.31	 13.62	0.041	  142.86	100.00
 871.00	 862.86	 4.6700	34.4073	27.2504	 0.31	 13.51	0.040	  142.84	100.00
 872.00	 863.85	 4.6696	34.4073	27.2505	 0.31	 13.57	0.041	  142.84	100.00
 873.00	 864.84	 4.6699	34.4073	27.2505	 0.31	 13.56	0.042	  142.87	100.00
 874.00	 865.83	 4.6694	34.4072	27.2505	 0.32	 13.80	0.041	  142.87	100.00
 875.00	 866.82	 4.6688	34.4074	27.2507	 0.32	 13.95	0.040	  142.85	100.00
 876.00	 867.81	 4.6682	34.4075	27.2509	 0.32	 13.91	0.041	  142.84	100.00
 877.00	 868.80	 4.6677	34.4076	27.2510	 0.32	 13.75	0.041	  142.82	100.00
 878.00	 869.78	 4.6679	34.4077	27.2510	 0.32	 13.90	0.040	  142.82	100.00
 879.00	 870.77	 4.6677	34.4075	27.2510	 0.32	 13.78	0.041	  142.75	100.00
 880.00	 871.76	 4.6667	34.4075	27.2510	 0.31	 13.67	0.041	  142.75	100.00
 881.00	 872.75	 4.6633	34.4078	27.2517	 0.31	 13.65	0.040	  142.77	100.00
 882.00	 873.74	 4.6632	34.4079	27.2517	 0.32	 13.72	0.040	  142.79	100.00
 883.00	 874.73	 4.6629	34.4080	27.2519	 0.32	 13.86	0.040	  142.79	100.00
 884.00	 875.72	 4.6617	34.4078	27.2518	 0.32	 14.09	0.041	  142.85	100.00
 885.00	 876.70	 4.6586	34.4080	27.2524	 0.32	 14.03	0.041	  142.84	100.00
 886.00	 877.69	 4.6517	34.4081	27.2532	 0.32	 13.89	0.040	  142.81	100.00
 887.00	 878.68	 4.6418	34.4090	27.2550	 0.32	 13.90	0.040	  142.79	100.00
 888.00	 879.67	 4.6359	34.4091	27.2558	 0.32	 13.90	0.040	  142.71	100.00
 889.00	 880.66	 4.6332	34.4094	27.2563	 0.32	 13.90	0.041	  142.77	100.00
 890.00	 881.65	 4.6315	34.4094	27.2565	 0.32	 13.96	0.042	  142.77	100.00
 891.00	 882.63	 4.6283	34.4098	27.2572	 0.32	 14.12	0.041	  142.77	100.00
 892.00	 883.62	 4.6257	34.4101	27.2577	 0.33	 14.24	0.040	  142.78	100.00
 893.00	 884.61	 4.6195	34.4101	27.2584	 0.33	 14.18	0.041	  142.86	100.00
 894.00	 885.60	 4.6051	34.4106	27.2604	 0.33	 14.17	0.041	  142.83	100.00
 895.00	 886.59	 4.5964	34.4125	27.2628	 0.33	 14.21	0.041	  142.77	100.00
 896.00	 887.58	 4.5951	34.4122	27.2628	 0.33	 14.18	0.041	  142.72	100.00
 897.00	 888.57	 4.5912	34.4128	27.2636	 0.33	 14.22	0.040	  142.73	100.00
 898.00	 889.55	 4.5910	34.4130	27.2638	 0.33	 14.23	0.041	  142.71	100.00
 899.00	 890.54	 4.5896	34.4128	27.2639	 0.33	 14.36	0.040	  142.74	 84.48
 900.00	 891.53	 4.5866	34.4132	27.2645	 0.33	 14.48	0.040	  142.71	100.22
 901.00	 892.52	 4.5858	34.4130	27.2644	 0.33	 14.32	0.040	  142.69	100.00
 902.00	 893.51	 4.5812	34.4133	27.2652	 0.33	 14.31	0.040	  142.66	 99.85
 903.00	 894.50	 4.5795	34.4140	27.2660	 0.33	 14.33	0.041	  142.69	 99.54
 904.00	 895.48	 4.5801	34.4137	27.2657	 0.33	 14.25	0.041	  142.72	 96.49
 905.00	 896.47	 4.5755	34.4139	27.2664	 0.33	 14.39	0.041	  142.73	 95.99
 906.00	 897.46	 4.5695	34.4146	27.2675	 0.34	 14.68	0.040	  142.67	 98.41
 907.00	 898.45	 4.5629	34.4146	27.2683	 0.34	 14.83	0.040	  142.68	 97.94
 908.00	 899.44	 4.5530	34.4155	27.2700	 0.33	 14.56	0.040	  142.65	 92.41
 909.00	 900.43	 4.5479	34.4160	27.2710	 0.34	 14.61	0.040	  142.61	 91.54
 910.00	 901.42	 4.5439	34.4162	27.2716	 0.34	 14.68	0.040	  142.65	 90.55
 911.00	 902.40	 4.5394	34.4167	27.2725	 0.33	 14.56	0.040	  142.58	 89.52
 912.00	 903.39	 4.5330	34.4173	27.2737	 0.34	 14.61	0.040	  142.52	 88.38
 913.00	 904.38	 4.5298	34.4177	27.2744	 0.34	 14.91	0.041	  142.51	 87.29
 914.00	 905.37	 4.5164	34.4189	27.2768	 0.35	 15.17	0.041	  142.55	 86.14
 915.00	 906.36	 4.5023	34.4196	27.2789	 0.35	 15.22	0.040	  142.56	 85.31
 916.00	 907.35	 4.4978	34.4203	27.2799	 0.35	 15.07	0.040	  142.50	 84.47
 917.00	 908.33	 4.4944	34.4195	27.2796	 0.35	 15.03	0.040	  142.51	 83.61
 918.00	 909.32	 4.4826	34.4208	27.2820	 0.35	 15.04	0.040	  142.49	 82.57
 919.00	 910.31	 4.4807	34.4215	27.2828	 0.35	 15.04	0.041	  142.62	 88.09
 920.00	 911.30	 4.4810	34.4216	27.2828	 0.35	 15.32	0.042	  142.61	 80.72
 921.00	 912.29	 4.4807	34.4215	27.2828	 0.35	 15.34	0.041	  142.60	 79.35
 922.00	 913.28	 4.4798	34.4216	27.2830	 0.35	 15.15	0.041	  142.57	 78.23
 923.00	 914.26	 4.4781	34.4216	27.2831	 0.35	 15.08	0.041	  142.63	 80.64
 924.00	 915.25	 4.4750	34.4221	27.2838	 0.35	 15.06	0.041	  142.53	 83.06
 925.00	 916.24	 4.4742	34.4222	27.2840	 0.35	 15.28	0.041	  142.51	 75.36
 926.00	 917.23	 4.4737	34.4222	27.2841	 0.35	 15.37	0.041	  142.58	 79.75
 927.00	 918.22	 4.4729	34.4223	27.2843	 0.35	 15.16	0.041	  142.54	 73.33
 928.00	 919.21	 4.4725	34.4224	27.2844	 0.35	 15.16	0.042	  142.57	 72.32
 929.00	 920.19	 4.4725	34.4224	27.2844	 0.35	 15.09	0.041	  142.53	 71.25
 930.00	 921.18	 4.4722	34.4226	27.2846	 0.35	 15.05	0.041	  142.53	 70.28
 931.00	 922.17	 4.4695	34.4222	27.2846	 0.36	 15.52	0.040	  142.55	 69.36
 932.00	 923.16	 4.4641	34.4237	27.2864	 0.36	 15.53	0.041	  142.58	 68.42
 933.00	 924.15	 4.4634	34.4234	27.2862	 0.35	 15.29	0.042	  142.61	 67.46
 934.00	 925.14	 4.4631	34.4235	27.2863	 0.35	 15.29	0.042	  142.58	 66.42
 935.00	 926.12	 4.4625	34.4234	27.2864	 0.35	 15.29	0.041	  142.55	 65.36
 936.00	 927.11	 4.4623	34.4236	27.2865	 0.35	 15.29	0.040	  142.49	 64.33
 937.00	 928.10	 4.4621	34.4236	27.2865	 0.35	 15.33	0.041	  142.47	 63.35
 938.00	 929.09	 4.4613	34.4236	27.2867	 0.35	 15.38	0.042	  142.41	 62.36
 939.00	 930.08	 4.4602	34.4237	27.2868	 0.35	 15.36	0.041	  142.44	 61.34
 940.00	 931.07	 4.4574	34.4240	27.2874	 0.35	 15.34	0.040	  142.44	 60.28
 941.00	 932.05	 4.4502	34.4243	27.2884	 0.35	 15.39	0.041	  142.41	 59.24
 942.00	 933.04	 4.4421	34.4250	27.2899	 0.36	 15.58	0.041	  142.41	 58.23
 943.00	 934.03	 4.4398	34.4252	27.2903	 0.36	 15.70	0.041	  142.39	 57.31
 944.00	 935.02	 4.4392	34.4252	27.2903	 0.36	 15.47	0.040	  142.38	 56.41
 945.00	 936.01	 4.4367	34.4249	27.2904	 0.36	 15.45	0.040	  142.41	 55.53
 946.00	 937.00	 4.4326	34.4254	27.2912	 0.35	 15.41	0.040	  142.36	 54.54
 947.00	 937.98	 4.4309	34.4257	27.2917	 0.36	 15.52	0.040	  142.35	 53.55
 948.00	 938.97	 4.4300	34.4259	27.2919	 0.36	 15.56	0.040	  142.39	 52.49
 949.00	 939.96	 4.4279	34.4257	27.2920	 0.36	 15.52	0.040	  142.39	 51.38
 950.00	 940.95	 4.4234	34.4261	27.2928	 0.36	 15.61	0.042	  142.38	 50.24
 951.00	 941.94	 4.4208	34.4261	27.2931	 0.36	 15.55	0.041	  142.34	 49.29
 952.00	 942.92	 4.4190	34.4262	27.2934	 0.36	 15.55	0.040	  142.31	 48.30
 953.00	 943.91	 4.4138	34.4265	27.2942	 0.36	 15.69	0.040	  142.36	 47.44
 954.00	 944.90	 4.4117	34.4267	27.2946	 0.36	 15.79	0.042	  142.31	 46.46
 955.00	 945.89	 4.4086	34.4266	27.2948	 0.36	 15.56	0.042	  142.30	 45.46
 956.00	 946.88	 4.4023	34.4272	27.2960	 0.36	 15.59	0.041	  142.38	 44.31
 957.00	 947.87	 4.3955	34.4273	27.2968	 0.37	 15.94	0.041	  142.28	 43.21
 958.00	 948.85	 4.3809	34.4278	27.2988	 0.38	 16.33	0.041	  142.35	 42.22
 959.00	 949.84	 4.3621	34.4280	27.3010	 0.37	 16.26	0.040	  142.35	 41.31
 960.00	 950.83	 4.3496	34.4292	27.3032	 0.37	 16.02	0.040	  142.29	 40.40
 961.00	 951.82	 4.3416	34.4297	27.3044	 0.37	 16.12	0.040	  142.31	 39.49
 962.00	 952.81	 4.3357	34.4305	27.3057	 0.37	 16.29	0.040	  142.26	 38.51
 963.00	 953.79	 4.3337	34.4309	27.3063	 0.38	 16.47	0.040	  142.27	 37.45
 964.00	 954.78	 4.3297	34.4309	27.3067	 0.38	 16.38	0.040	  142.29	 36.36
 965.00	 955.77	 4.3251	34.4317	27.3078	 0.37	 16.12	0.040	  142.31	 35.25
 966.00	 956.76	 4.3243	34.4318	27.3081	 0.37	 16.09	0.041	  142.36	 34.23
 967.00	 957.75	 4.3235	34.4319	27.3082	 0.38	 16.33	0.042	  142.25	 33.26
 968.00	 958.74	 4.3228	34.4319	27.3083	 0.38	 16.46	0.042	  142.25	 32.31
 969.00	 959.72	 4.3216	34.4320	27.3085	 0.37	 16.28	0.042	  142.27	 31.32
 970.00	 960.71	 4.3192	34.4323	27.3090	 0.38	 16.32	0.042	  142.25	 30.37
 971.00	 961.70	 4.3173	34.4321	27.3091	 0.38	 16.57	0.041	  142.21	 29.43
 972.00	 962.69	 4.2982	34.4319	27.3109	 0.39	 17.02	0.040	  142.24	 28.34
 973.00	 963.68	 4.2651	34.4362	27.3178	 0.40	 17.24	0.041	  142.27	 27.22
 974.00	 964.66	 4.2514	34.4380	27.3207	 0.40	 17.20	0.042	  142.30	 26.21
 975.00	 965.65	 4.2478	34.4380	27.3211	 0.39	 17.15	0.042	  142.25	 25.26
 976.00	 966.64	 4.2403	34.4392	27.3228	 0.40	 17.36	0.042	  142.22	 24.35
 977.00	 967.63	 4.2387	34.4393	27.3231	 0.40	 17.29	0.042	  142.22	 23.36
 978.00	 968.62	 4.2376	34.4397	27.3235	 0.39	 16.82	0.042	  142.17	 22.41
 979.00	 969.60	 4.2369	34.4398	27.3237	 0.39	 16.79	0.042	  142.19	 21.41
 980.00	 970.59	 4.2371	34.4399	27.3237	 0.39	 16.92	0.042	  142.24	 20.32
 981.00	 971.58	 4.2377	34.4398	27.3236	 0.39	 16.96	0.041	  142.18	 19.14
 982.00	 972.57	 4.2374	34.4401	27.3239	 0.39	 16.94	0.042	  142.14	 18.19
 983.00	 973.56	 4.2372	34.4400	27.3239	 0.39	 16.91	0.041	  142.10	 17.15
 984.00	 974.55	 4.2371	34.4401	27.3239	 0.39	 16.84	0.042	  142.05	 16.08
 985.00	 975.53	 4.2362	34.4400	27.3240	 0.39	 16.80	0.042	  142.03	 15.05
 986.00	 976.52	 4.2340	34.4402	27.3243	 0.39	 16.77	0.041	  141.99	 14.07
 987.00	 977.51	 4.2323	34.4402	27.3245	 0.39	 16.75	0.041	  141.94	 13.07
 988.00	 978.50	 4.2318	34.4403	27.3247	 0.39	 16.75	0.042	  141.87	 12.11
 989.00	 979.49	 4.2314	34.4404	27.3248	 0.39	 16.77	0.042	  141.87	 11.13
 990.00	 980.47	 4.2320	34.4403	27.3247	 0.39	 16.75	0.042	  141.83	 10.13
 991.00	 981.46	 4.2328	34.4402	27.3245	 0.38	 16.72	0.042	  141.50	  9.09
