* Sea-Bird SBE 9 Data:
* Software Version Seasave V 7.26.7.107
* Vessel: NOAA Ship Ronald H. Brown
* Cruise: RB2102, West Coast Ocean Acidification (WCOA) 2021
* Dates: 20210622 to 20210723
* Region: NE Pacific, USA West Coast
* Ports: San Diego, CA to Port Angeles, WA to San Diego, CA
* Chief Scientists: R. Feely, NOAA PMEL; D. Greeley, NOAA PMEL; B. Carter, NOAA PMEL / UW CICOES
* Contacts: R. Feely, richard.a.feely@noaa.gov; D. Greeley, dana.greeley@noaa.gov; B. Carter, brendan.carter@noaa.gov
* Station: 071
* Cast: 1
* Cast Date-Time [GMT]: 08-Jul-2021 00:17:16
* Longitude: -124.7148 W
* Latitude: 40.1002 N
* Water Depth [m]: 935.8
**********
* Column  1: Pressure [decibar]
* Column  2: Depth [m]
* Column  3: Temperature ITS-90 [degree C]
* Column  4: Salinity PSS-78 [psu]
* Column  5: Sigma-theta EOS-80 [kg/m^3 - 1000]
* Column  6: Oxygen [ml/L]
* Column  7: Oxygen [umol/kg]
* Column  8: Fluorescence [volts]
* Column  9: Oxygen Reduction Potential [mV]
* Column 10: Altimeter [m]
**********
*END*
   3.00	   2.98	14.2804	32.7546	24.3942	 6.13	267.26	0.053	  156.32	116.16
   4.00	   3.97	14.2841	32.7547	24.3936	 6.15	268.27	0.068	  156.21	 79.55
   5.00	   4.96	14.2864	32.7547	24.3931	 6.17	269.10	0.063	  156.15	 89.17
   6.00	   5.95	14.2893	32.7547	24.3925	 6.18	269.63	0.060	  156.16	 99.76
   7.00	   6.95	14.2897	32.7547	24.3925	 6.20	270.19	0.061	  156.15	 99.68
   8.00	   7.94	14.2899	32.7547	24.3925	 6.21	270.62	0.063	  156.10	 99.68
   9.00	   8.93	14.2909	32.7547	24.3923	 6.21	270.89	0.064	  156.11	 99.68
  10.00	   9.92	14.2931	32.7546	24.3918	 6.23	271.60	0.061	  156.04	 99.68
  11.00	  10.92	14.2954	32.7542	24.3911	 6.21	270.93	0.062	  156.04	 99.68
  12.00	  11.91	14.2938	32.7543	24.3915	 6.21	270.75	0.064	  156.01	 99.69
  13.00	  12.90	14.2935	32.7541	24.3914	 6.21	270.77	0.073	  156.03	 90.29
  14.00	  13.89	14.2922	32.7542	24.3918	 6.20	270.21	0.074	  155.99	100.05
  15.00	  14.88	14.2910	32.7542	24.3921	 6.21	270.60	0.074	  155.95	 99.68
  16.00	  15.88	14.2862	32.7545	24.3934	 6.23	271.45	0.081	  155.95	 99.68
  17.00	  16.87	14.2786	32.7555	24.3957	 6.23	271.39	0.090	  155.90	 99.68
  18.00	  17.86	14.2789	32.7542	24.3947	 6.24	271.94	0.085	  155.87	 99.68
  19.00	  18.85	14.2737	32.7558	24.3970	 6.23	271.59	0.082	  155.82	 99.68
  20.00	  19.85	14.2694	32.7563	24.3984	 6.22	271.23	0.089	  155.87	 99.69
  21.00	  20.84	14.2735	32.7562	24.3974	 6.21	270.84	0.095	  155.77	 99.68
  22.00	  21.83	14.2665	32.7564	24.3991	 6.21	270.75	0.092	  155.79	 99.68
  23.00	  22.82	14.1892	32.7655	24.4223	 6.25	272.44	0.104	  155.75	 99.68
  24.00	  23.81	14.1570	32.7699	24.4324	 6.25	272.36	0.099	  155.80	 99.68
  25.00	  24.81	14.0892	32.7808	24.4549	 6.24	272.19	0.106	  155.75	 99.69
  26.00	  25.80	14.0378	32.7932	24.4751	 6.26	272.72	0.112	  155.80	 99.69
  27.00	  26.79	14.0304	32.7955	24.4784	 6.25	272.27	0.098	  155.79	 99.68
  28.00	  27.78	14.0103	32.8014	24.4872	 6.23	271.73	0.120	  155.82	 99.68
  29.00	  28.78	13.8821	32.8218	24.5294	 6.26	272.80	0.105	  155.83	 99.68
  30.00	  29.77	13.7096	32.8354	24.5751	 6.25	272.51	0.100	  155.84	 99.68
  31.00	  30.76	13.5736	32.8357	24.6030	 6.26	272.66	0.119	  155.93	 99.68
  32.00	  31.75	13.3859	32.8322	24.6381	 6.27	273.40	0.120	  155.97	 99.67
  33.00	  32.74	12.9886	32.8103	24.7001	 6.32	275.38	0.103	  156.05	 99.67
  34.00	  33.74	12.4811	32.7538	24.7548	 6.39	278.60	0.088	  156.14	 99.66
  35.00	  34.73	12.1860	32.7552	24.8119	 6.35	276.80	0.079	  156.19	 99.66
  36.00	  35.72	12.0574	32.7915	24.8643	 6.29	274.26	0.079	  156.28	 99.67
  37.00	  36.71	11.3910	32.6900	24.9081	 6.32	275.53	0.072	  156.34	 99.64
  38.00	  37.70	11.2372	32.6797	24.9278	 6.25	272.45	0.069	  156.32	 99.63
  39.00	  38.70	11.4779	32.7900	24.9701	 6.17	268.78	0.070	  156.31	 99.61
  40.00	  39.69	11.7048	32.8730	24.9932	 6.11	266.37	0.065	  156.25	 99.58
  41.00	  40.68	11.7552	32.9084	25.0114	 6.07	264.33	0.064	  156.31	 99.56
  42.00	  41.67	11.6263	32.9121	25.0380	 6.07	264.28	0.063	  156.34	 99.56
  43.00	  42.67	11.5736	32.9341	25.0648	 6.05	263.73	0.063	  156.39	 99.55
  44.00	  43.66	11.5234	32.9446	25.0821	 6.02	262.17	0.063	  156.40	 99.54
  45.00	  44.65	11.4574	32.9801	25.1217	 5.98	260.41	0.060	  156.41	 99.54
  46.00	  45.64	11.1874	32.9876	25.1763	 5.97	260.01	0.059	  156.53	 99.52
  47.00	  46.63	11.4277	33.1876	25.2885	 5.80	252.81	0.058	  156.56	 99.51
  48.00	  47.63	11.3266	33.2657	25.3676	 5.77	251.30	0.053	  156.62	 99.12
  49.00	  48.62	11.1716	33.2787	25.4057	 5.72	249.05	0.052	  156.75	 99.51
  50.00	  49.61	11.0305	33.2996	25.4472	 5.66	246.52	0.051	  156.78	 99.45
  51.00	  50.60	10.6849	33.3697	25.5628	 5.61	244.41	0.049	  157.01	 99.43
  52.00	  51.59	10.6220	33.3775	25.5798	 5.54	241.28	0.049	  156.98	 96.32
  53.00	  52.59	10.5581	33.3859	25.5975	 5.48	238.44	0.048	  157.00	 98.43
  54.00	  53.58	10.4846	33.3925	25.6154	 5.45	237.50	0.048	  157.03	 99.38
  55.00	  54.57	10.4033	33.4040	25.6384	 5.38	234.27	0.048	  157.07	 99.37
  56.00	  55.56	10.3655	33.4079	25.6479	 5.22	227.13	0.046	  157.10	 99.37
  57.00	  56.55	10.1007	33.4269	25.7078	 5.12	222.99	0.046	  157.25	 99.37
  58.00	  57.55	 9.8789	33.4667	25.7761	 5.06	220.44	0.045	  157.36	 94.14
  59.00	  58.54	 9.8476	33.4728	25.7861	 4.97	216.50	0.044	  157.37	 99.52
  60.00	  59.53	 9.8415	33.4745	25.7885	 4.91	213.92	0.045	  157.43	 99.32
  61.00	  60.52	 9.8306	33.4771	25.7923	 4.85	211.24	0.044	  157.40	 99.31
  62.00	  61.52	 9.7675	33.4832	25.8076	 4.80	208.82	0.044	  157.48	 99.30
  63.00	  62.51	 9.7219	33.4882	25.8191	 4.76	207.10	0.044	  157.50	 99.30
  64.00	  63.50	 9.6918	33.4940	25.8285	 4.70	204.66	0.044	  157.53	 99.30
  65.00	  64.49	 9.6592	33.4955	25.8351	 4.60	200.14	0.043	  157.57	 99.30
  66.00	  65.48	 9.5637	33.4916	25.8477	 4.54	197.76	0.043	  157.60	 99.30
  67.00	  66.48	 9.5386	33.4925	25.8525	 4.49	195.40	0.043	  157.59	 99.32
  68.00	  67.47	 9.5118	33.4897	25.8547	 4.40	191.41	0.042	  157.65	 99.32
  69.00	  68.46	 9.4326	33.4860	25.8648	 4.34	188.82	0.042	  157.60	 93.18
  70.00	  69.45	 9.4058	33.4908	25.8728	 4.31	187.80	0.042	  157.68	 93.04
  71.00	  70.44	 9.3997	33.4924	25.8751	 4.29	186.92	0.042	  157.73	 99.24
  72.00	  71.44	 9.3934	33.4953	25.8784	 4.26	185.54	0.042	  157.71	 99.34
  73.00	  72.43	 9.3824	33.4994	25.8834	 4.22	183.63	0.042	  157.68	 99.34
  74.00	  73.42	 9.3476	33.5107	25.8979	 4.22	183.85	0.042	  157.69	 99.34
  75.00	  74.41	 9.3172	33.5356	25.9222	 4.24	184.51	0.042	  157.77	 99.34
  76.00	  75.40	 9.3122	33.5411	25.9274	 4.25	185.07	0.042	  157.76	 99.35
  77.00	  76.40	 9.2953	33.5510	25.9378	 4.26	185.23	0.042	  157.71	 89.68
  78.00	  77.39	 9.2632	33.5688	25.9569	 4.26	185.56	0.042	  157.75	 99.55
  79.00	  78.38	 9.2289	33.5894	25.9786	 4.28	186.51	0.042	  157.78	 99.35
  80.00	  79.37	 9.2048	33.6076	25.9967	 4.30	187.27	0.042	  157.75	 99.36
  81.00	  80.36	 9.2082	33.6201	26.0059	 4.32	188.09	0.043	  157.75	 96.09
  82.00	  81.35	 9.2138	33.6262	26.0098	 4.33	188.53	0.043	  157.75	 99.42
  83.00	  82.35	 9.2181	33.6313	26.0131	 4.33	188.62	0.043	  157.77	 99.34
  84.00	  83.34	 9.2170	33.6381	26.0186	 4.33	188.55	0.043	  157.80	 99.34
  85.00	  84.33	 9.2057	33.6558	26.0344	 4.34	188.73	0.043	  157.81	 99.34
  86.00	  85.32	 9.2011	33.6644	26.0418	 4.32	187.95	0.044	  157.78	 99.34
  87.00	  86.31	 9.1989	33.6680	26.0450	 4.27	185.67	0.044	  157.84	 99.34
  88.00	  87.31	 9.1457	33.6957	26.0752	 4.21	183.26	0.043	  157.83	 94.16
  89.00	  88.30	 9.0863	33.7087	26.0949	 4.14	180.38	0.043	  157.91	 99.29
  90.00	  89.29	 9.0506	33.7125	26.1035	 4.08	177.60	0.043	  157.93	 99.36
  91.00	  90.28	 9.0230	33.7148	26.1097	 4.04	175.93	0.042	  157.96	 99.37
  92.00	  91.27	 9.0052	33.7166	26.1139	 4.01	174.39	0.042	  157.93	 99.37
  93.00	  92.27	 8.9811	33.7182	26.1190	 3.98	173.22	0.042	  157.96	 99.38
  94.00	  93.26	 8.9718	33.7194	26.1214	 3.96	172.14	0.042	  157.95	 99.39
  95.00	  94.25	 8.9587	33.7202	26.1241	 3.94	171.38	0.042	  157.92	 99.39
  96.00	  95.24	 8.9446	33.7221	26.1278	 3.93	170.84	0.042	  157.98	 99.39
  97.00	  96.23	 8.9398	33.7232	26.1295	 3.91	169.98	0.041	  157.95	 99.39
  98.00	  97.23	 8.9309	33.7249	26.1322	 3.88	168.91	0.041	  158.02	 99.40
  99.00	  98.22	 8.9175	33.7279	26.1367	 3.85	167.69	0.042	  157.96	 99.27
 100.00	  99.21	 8.9068	33.7302	26.1402	 3.82	166.39	0.041	  157.95	 98.47
 101.00	 100.20	 8.8804	33.7364	26.1492	 3.80	165.35	0.041	  157.97	 99.40
 102.00	 101.19	 8.8630	33.7415	26.1559	 3.77	163.94	0.041	  157.99	 99.42
 103.00	 102.18	 8.8528	33.7444	26.1598	 3.73	162.45	0.041	  157.97	 99.42
 104.00	 103.18	 8.8309	33.7525	26.1696	 3.70	160.90	0.041	  157.96	 99.43
 105.00	 104.17	 8.8041	33.7636	26.1825	 3.67	159.89	0.041	  158.00	 99.44
 106.00	 105.16	 8.7952	33.7676	26.1870	 3.64	158.55	0.040	  157.99	 99.44
 107.00	 106.15	 8.7904	33.7700	26.1897	 3.61	157.03	0.040	  158.03	 99.44
 108.00	 107.14	 8.7789	33.7776	26.1975	 3.60	156.68	0.040	  157.97	 99.46
 109.00	 108.14	 8.7688	33.7872	26.2065	 3.62	157.41	0.040	  157.98	 99.46
 110.00	 109.13	 8.7878	33.7990	26.2128	 3.62	157.55	0.040	  157.94	 99.46
 111.00	 110.12	 8.7953	33.8053	26.2167	 3.62	157.68	0.040	  157.95	 99.46
 112.00	 111.11	 8.8037	33.8126	26.2210	 3.63	157.79	0.040	  158.00	 99.46
 113.00	 112.10	 8.8078	33.8189	26.2253	 3.62	157.64	0.040	  157.93	 99.46
 114.00	 113.09	 8.8140	33.8287	26.2321	 3.61	157.17	0.040	  157.89	 99.46
 115.00	 114.09	 8.8211	33.8394	26.2394	 3.56	155.07	0.040	  157.96	 99.46
 116.00	 115.08	 8.8006	33.8442	26.2464	 3.51	152.79	0.040	  157.88	 99.46
 117.00	 116.07	 8.7564	33.8500	26.2578	 3.47	150.94	0.040	  157.95	 99.46
 118.00	 117.06	 8.7423	33.8509	26.2607	 3.42	149.04	0.040	  157.88	 99.46
 119.00	 118.05	 8.7294	33.8521	26.2637	 3.38	146.95	0.040	  157.90	 99.48
 120.00	 119.04	 8.7132	33.8541	26.2678	 3.29	143.04	0.040	  157.87	 99.49
 121.00	 120.04	 8.6943	33.8556	26.2719	 3.20	139.22	0.040	  157.88	 99.50
 122.00	 121.03	 8.6861	33.8588	26.2757	 3.18	138.42	0.040	  157.87	 99.51
 123.00	 122.02	 8.6849	33.8600	26.2768	 3.16	137.70	0.040	  157.82	 99.52
 124.00	 123.01	 8.6830	33.8620	26.2787	 3.15	137.08	0.040	  157.83	 99.54
 125.00	 124.00	 8.6805	33.8639	26.2806	 3.14	136.57	0.040	  157.84	 99.54
 126.00	 125.00	 8.6791	33.8649	26.2816	 3.13	136.05	0.040	  157.85	 99.55
 127.00	 125.99	 8.6781	33.8655	26.2822	 3.10	134.96	0.040	  157.81	 99.56
 128.00	 126.98	 8.6739	33.8688	26.2855	 3.04	132.45	0.040	  157.84	 99.56
 129.00	 127.97	 8.6731	33.8755	26.2909	 2.99	130.29	0.040	  157.77	 99.56
 130.00	 128.96	 8.6660	33.8874	26.3013	 2.97	129.22	0.040	  157.79	 99.56
 131.00	 129.95	 8.6622	33.8966	26.3091	 2.96	128.64	0.040	  157.80	 99.56
 132.00	 130.95	 8.6606	33.8997	26.3119	 2.93	127.59	0.040	  157.81	 99.57
 133.00	 131.94	 8.6498	33.9053	26.3179	 2.91	126.64	0.040	  157.73	 99.58
 134.00	 132.93	 8.6378	33.9065	26.3207	 2.91	126.60	0.040	  157.75	 99.59
 135.00	 133.92	 8.6162	33.9091	26.3261	 2.91	126.51	0.040	  157.77	 99.58
 136.00	 134.91	 8.5868	33.9145	26.3349	 2.90	126.26	0.040	  157.75	 99.60
 137.00	 135.90	 8.5829	33.9166	26.3371	 2.89	125.66	0.040	  157.77	 99.60
 138.00	 136.90	 8.5671	33.9240	26.3454	 2.88	125.12	0.040	  157.74	 99.61
 139.00	 137.89	 8.5579	33.9277	26.3497	 2.86	124.57	0.040	  157.74	 99.61
 140.00	 138.88	 8.5550	33.9285	26.3508	 2.86	124.32	0.040	  157.74	 99.61
 141.00	 139.87	 8.5521	33.9302	26.3526	 2.85	124.15	0.040	  157.78	 99.61
 142.00	 140.86	 8.5499	33.9328	26.3550	 2.85	124.05	0.040	  157.72	 99.61
 143.00	 141.85	 8.5496	33.9340	26.3560	 2.84	123.76	0.040	  157.77	 99.61
 144.00	 142.85	 8.5494	33.9361	26.3577	 2.83	123.29	0.040	  157.71	 99.61
 145.00	 143.84	 8.5489	33.9389	26.3600	 2.82	122.59	0.040	  157.75	 99.61
 146.00	 144.83	 8.5438	33.9418	26.3631	 2.79	121.50	0.040	  157.71	 99.61
 147.00	 145.82	 8.5343	33.9464	26.3681	 2.78	121.09	0.040	  157.74	 99.62
 148.00	 146.81	 8.5197	33.9485	26.3720	 2.81	122.14	0.040	  157.71	 99.62
 149.00	 147.80	 8.3970	33.9316	26.3775	 2.88	125.37	0.040	  157.67	 99.63
 150.00	 148.80	 8.3533	33.9294	26.3824	 2.92	127.16	0.040	  157.72	 99.63
 151.00	 149.79	 8.3182	33.9214	26.3815	 2.95	128.38	0.040	  157.72	 99.63
 152.00	 150.78	 8.2331	33.9160	26.3900	 2.97	129.27	0.040	  157.67	 99.63
 153.00	 151.77	 8.1769	33.9132	26.3963	 2.98	129.56	0.040	  157.70	 99.61
 154.00	 152.76	 8.1683	33.9155	26.3994	 2.97	129.12	0.040	  157.67	 99.61
 155.00	 153.75	 8.1360	33.9202	26.4079	 2.96	128.98	0.040	  157.70	 99.60
 156.00	 154.74	 8.1160	33.9222	26.4125	 2.96	128.63	0.040	  157.70	 99.59
 157.00	 155.74	 8.0927	33.9226	26.4163	 2.95	128.38	0.040	  157.72	 99.60
 158.00	 156.73	 8.0683	33.9252	26.4219	 2.94	128.05	0.040	  157.68	 99.60
 159.00	 157.72	 8.0625	33.9265	26.4238	 2.94	127.78	0.040	  157.68	 99.60
 160.00	 158.71	 8.0578	33.9277	26.4255	 2.93	127.54	0.040	  157.63	 99.60
 161.00	 159.70	 8.0514	33.9293	26.4277	 2.92	127.25	0.040	  157.63	 99.61
 162.00	 160.69	 8.0488	33.9302	26.4288	 2.92	126.87	0.040	  157.61	 99.61
 163.00	 161.69	 8.0441	33.9306	26.4299	 2.91	126.70	0.040	  157.64	 99.61
 164.00	 162.68	 8.0350	33.9323	26.4325	 2.90	126.31	0.040	  157.60	 99.61
 165.00	 163.67	 8.0320	33.9336	26.4340	 2.90	126.15	0.040	  157.53	 99.61
 166.00	 164.66	 8.0322	33.9336	26.4340	 2.90	126.02	0.040	  157.59	 99.61
 167.00	 165.65	 8.0177	33.9357	26.4378	 2.89	125.77	0.040	  157.56	 99.61
 168.00	 166.64	 8.0104	33.9392	26.4416	 2.88	125.13	0.040	  157.54	 99.61
 169.00	 167.63	 8.0080	33.9408	26.4433	 2.85	123.84	0.040	  157.52	 99.61
 170.00	 168.63	 8.0121	33.9522	26.4516	 2.82	122.49	0.040	  157.50	 99.61
 171.00	 169.62	 8.0253	33.9564	26.4530	 2.79	121.43	0.040	  157.52	 99.62
 172.00	 170.61	 8.0338	33.9595	26.4542	 2.76	120.26	0.040	  157.52	 99.62
 173.00	 171.60	 8.0428	33.9667	26.4585	 2.73	118.68	0.040	  157.50	 99.63
 174.00	 172.59	 8.0313	33.9722	26.4646	 2.70	117.65	0.040	  157.51	 99.63
 175.00	 173.58	 8.0137	33.9721	26.4671	 2.69	117.20	0.040	  157.48	 99.63
 176.00	 174.58	 8.0074	33.9724	26.4683	 2.69	116.83	0.040	  157.49	 99.64
 177.00	 175.57	 8.0165	33.9778	26.4712	 2.67	116.28	0.040	  157.51	 99.65
 178.00	 176.56	 8.0104	33.9787	26.4729	 2.66	115.91	0.040	  157.50	 99.66
 179.00	 177.55	 8.0125	33.9798	26.4734	 2.66	115.54	0.040	  157.47	 99.66
 180.00	 178.54	 8.0052	33.9801	26.4747	 2.65	115.50	0.040	  157.53	 99.66
 181.00	 179.53	 7.9945	33.9795	26.4758	 2.66	115.63	0.040	  157.43	 99.66
 182.00	 180.52	 7.9826	33.9783	26.4767	 2.65	115.45	0.040	  157.49	 99.66
 183.00	 181.52	 7.9725	33.9785	26.4783	 2.65	115.08	0.040	  157.46	 99.66
 184.00	 182.51	 7.9668	33.9794	26.4799	 2.63	114.60	0.040	  157.48	 99.66
 185.00	 183.50	 7.9599	33.9795	26.4810	 2.64	114.67	0.040	  157.49	 99.66
 186.00	 184.49	 7.9435	33.9788	26.4829	 2.63	114.58	0.040	  157.45	 99.66
 187.00	 185.48	 7.9353	33.9793	26.4845	 2.62	113.95	0.040	  157.41	 99.66
 188.00	 186.47	 7.9295	33.9801	26.4860	 2.61	113.39	0.040	  157.39	 99.66
 189.00	 187.46	 7.9224	33.9813	26.4880	 2.60	113.08	0.040	  157.40	 99.66
 190.00	 188.46	 7.9184	33.9821	26.4892	 2.59	112.66	0.040	  157.47	 99.66
 191.00	 189.45	 7.9163	33.9825	26.4898	 2.57	111.94	0.040	  157.49	 99.67
 192.00	 190.44	 7.9146	33.9830	26.4905	 2.55	110.98	0.040	  157.52	 99.67
 193.00	 191.43	 7.9100	33.9845	26.4924	 2.52	109.71	0.040	  157.47	 99.67
 194.00	 192.42	 7.9034	33.9888	26.4968	 2.49	108.16	0.040	  157.47	 99.67
 195.00	 193.41	 7.8963	33.9932	26.5013	 2.44	106.35	0.040	  157.45	 99.68
 196.00	 194.40	 7.8861	33.9963	26.5052	 2.42	105.29	0.040	  157.47	 99.68
 197.00	 195.40	 7.8859	33.9964	26.5053	 2.40	104.29	0.040	  157.50	 99.69
 198.00	 196.39	 7.8855	33.9966	26.5055	 2.34	101.86	0.040	  157.47	 99.70
 199.00	 197.38	 7.8722	34.0031	26.5126	 2.30	100.18	0.040	  157.49	 99.71
 200.00	 198.37	 7.8659	34.0059	26.5158	 2.29	 99.53	0.040	  157.59	 99.71
 201.00	 199.36	 7.8601	34.0067	26.5173	 2.27	 98.86	0.040	  157.53	 99.71
 202.00	 200.35	 7.8565	34.0069	26.5180	 2.25	 98.06	0.040	  157.50	 99.72
 203.00	 201.34	 7.8484	34.0070	26.5192	 2.23	 97.19	0.040	  157.56	 99.73
 204.00	 202.34	 7.8365	34.0076	26.5214	 2.21	 96.13	0.040	  157.52	 99.73
 205.00	 203.33	 7.8181	34.0102	26.5261	 2.19	 95.40	0.040	  157.50	 99.73
 206.00	 204.32	 7.8056	34.0118	26.5293	 2.18	 94.80	0.040	  157.50	 99.73
 207.00	 205.31	 7.7962	34.0129	26.5315	 2.17	 94.26	0.040	  157.56	 99.73
 208.00	 206.30	 7.7893	34.0131	26.5327	 2.16	 93.97	0.040	  157.48	 99.73
 209.00	 207.29	 7.7853	34.0131	26.5333	 2.16	 93.81	0.040	  157.53	 99.74
 210.00	 208.28	 7.7825	34.0133	26.5338	 2.15	 93.55	0.040	  157.54	 99.75
 211.00	 209.27	 7.7801	34.0133	26.5343	 2.14	 93.11	0.040	  157.50	 99.75
 212.00	 210.27	 7.7811	34.0147	26.5352	 2.12	 92.29	0.040	  157.51	 99.76
 213.00	 211.26	 7.7831	34.0158	26.5358	 2.09	 91.02	0.040	  157.51	 99.76
 214.00	 212.25	 7.7811	34.0192	26.5387	 2.08	 90.31	0.040	  157.52	 99.76
 215.00	 213.24	 7.7652	34.0182	26.5403	 2.07	 90.18	0.040	  157.51	 99.76
 216.00	 214.23	 7.7389	34.0177	26.5437	 2.08	 90.37	0.040	  157.50	 99.76
 217.00	 215.22	 7.7247	34.0174	26.5456	 2.08	 90.57	0.040	  157.51	 99.76
 218.00	 216.21	 7.7121	34.0168	26.5469	 2.09	 91.10	0.040	  157.49	 99.76
 219.00	 217.20	 7.6744	34.0126	26.5491	 2.11	 91.65	0.040	  157.54	 99.77
 220.00	 218.20	 7.6364	34.0122	26.5542	 2.11	 91.92	0.040	  157.51	 99.76
 221.00	 219.19	 7.6221	34.0118	26.5560	 2.12	 92.08	0.040	  157.51	 99.76
 222.00	 220.18	 7.6067	34.0110	26.5576	 2.12	 92.15	0.040	  157.53	 99.76
 223.00	 221.17	 7.5850	34.0111	26.5608	 2.12	 92.19	0.040	  157.50	 99.76
 224.00	 222.16	 7.5763	34.0112	26.5621	 2.12	 92.11	0.040	  157.53	 99.76
 225.00	 223.15	 7.5477	34.0100	26.5653	 2.13	 92.81	0.040	  157.50	 99.76
 226.00	 224.14	 7.5115	34.0073	26.5683	 2.16	 93.83	0.040	  157.47	 99.76
 227.00	 225.13	 7.4764	34.0044	26.5710	 2.19	 95.42	0.040	  157.48	 99.76
 228.00	 226.13	 7.4505	34.0002	26.5715	 2.23	 96.85	0.040	  157.52	 99.76
 229.00	 227.12	 7.3946	33.9930	26.5736	 2.24	 97.54	0.040	  157.48	 99.76
 230.00	 228.11	 7.3474	33.9911	26.5788	 2.24	 97.46	0.040	  157.45	 99.76
 231.00	 229.10	 7.3325	33.9925	26.5820	 2.22	 96.67	0.040	  157.47	 99.76
 232.00	 230.09	 7.3483	33.9979	26.5841	 2.19	 95.40	0.040	  157.35	 99.76
 233.00	 231.08	 7.3601	34.0001	26.5842	 2.17	 94.19	0.040	  157.42	 99.74
 234.00	 232.07	 7.3715	34.0039	26.5856	 2.14	 93.18	0.040	  157.47	 99.75
 235.00	 233.06	 7.3733	34.0043	26.5857	 2.11	 91.59	0.040	  157.47	 99.74
 236.00	 234.06	 7.3841	34.0089	26.5878	 2.05	 89.25	0.040	  157.42	 99.75
 237.00	 235.05	 7.4080	34.0178	26.5914	 2.00	 86.84	0.040	  157.47	 99.76
 238.00	 236.04	 7.4148	34.0203	26.5924	 1.97	 85.82	0.040	  157.54	 99.76
 239.00	 237.03	 7.4127	34.0212	26.5934	 1.96	 85.47	0.040	  157.44	 99.76
 240.00	 238.02	 7.4134	34.0215	26.5936	 1.96	 85.13	0.041	  157.43	 99.77
 241.00	 239.01	 7.4152	34.0216	26.5934	 1.95	 84.84	0.040	  157.47	 99.78
 242.00	 240.00	 7.4159	34.0218	26.5935	 1.94	 84.60	0.040	  157.51	 99.78
 243.00	 240.99	 7.4170	34.0219	26.5934	 1.94	 84.36	0.040	  157.46	 99.78
 244.00	 241.99	 7.4171	34.0221	26.5936	 1.92	 83.51	0.040	  157.44	 99.78
 245.00	 242.98	 7.4244	34.0259	26.5955	 1.89	 82.28	0.040	  157.42	 99.78
 246.00	 243.97	 7.4286	34.0293	26.5976	 1.87	 81.56	0.040	  157.40	 99.78
 247.00	 244.96	 7.4265	34.0314	26.5997	 1.87	 81.13	0.040	  157.39	 99.78
 248.00	 245.95	 7.4264	34.0323	26.6003	 1.85	 80.67	0.040	  157.46	 99.78
 249.00	 246.94	 7.4229	34.0325	26.6010	 1.84	 80.08	0.040	  157.51	 99.79
 250.00	 247.93	 7.4184	34.0335	26.6025	 1.83	 79.48	0.040	  157.50	 75.80
 251.00	 248.92	 7.4099	34.0357	26.6054	 1.82	 79.02	0.040	  157.39	 99.75
 252.00	 249.91	 7.3959	34.0367	26.6082	 1.81	 78.55	0.040	  157.42	 99.80
 253.00	 250.91	 7.3730	34.0371	26.6117	 1.80	 78.24	0.040	  157.46	 99.80
 254.00	 251.90	 7.3522	34.0372	26.6148	 1.79	 77.85	0.040	  157.42	 99.80
 255.00	 252.89	 7.3406	34.0373	26.6165	 1.79	 77.68	0.040	  157.42	 99.80
 256.00	 253.88	 7.3324	34.0373	26.6176	 1.78	 77.58	0.040	  157.48	 99.80
 257.00	 254.87	 7.3232	34.0363	26.6182	 1.77	 77.13	0.040	  157.44	 99.81
 258.00	 255.86	 7.3127	34.0369	26.6201	 1.76	 76.75	0.040	  157.38	 99.81
 259.00	 256.85	 7.2966	34.0399	26.6247	 1.75	 76.34	0.040	  157.43	 99.81
 260.00	 257.84	 7.2862	34.0404	26.6266	 1.75	 75.92	0.041	  157.46	 99.82
 261.00	 258.83	 7.2830	34.0411	26.6276	 1.74	 75.70	0.041	  157.44	 99.82
 262.00	 259.83	 7.2807	34.0421	26.6287	 1.73	 75.47	0.041	  157.41	 99.83
 263.00	 260.82	 7.2816	34.0432	26.6295	 1.73	 75.24	0.040	  157.41	 99.82
 264.00	 261.81	 7.2840	34.0439	26.6297	 1.72	 75.01	0.040	  157.39	 99.83
 265.00	 262.80	 7.2834	34.0446	26.6304	 1.72	 74.74	0.040	  157.46	 99.83
 266.00	 263.79	 7.2848	34.0456	26.6310	 1.71	 74.46	0.040	  157.36	 99.83
 267.00	 264.78	 7.2860	34.0461	26.6312	 1.71	 74.24	0.040	  157.42	 99.83
 268.00	 265.77	 7.2851	34.0468	26.6319	 1.70	 73.95	0.040	  157.39	 99.83
 269.00	 266.76	 7.2797	34.0471	26.6329	 1.69	 73.40	0.040	  157.35	 99.83
 270.00	 267.75	 7.2767	34.0499	26.6356	 1.68	 72.98	0.040	  157.41	 99.83
 271.00	 268.74	 7.2766	34.0510	26.6365	 1.67	 72.75	0.040	  157.38	 99.83
 272.00	 269.74	 7.2671	34.0512	26.6379	 1.67	 72.48	0.040	  157.37	 99.83
 273.00	 270.73	 7.2431	34.0505	26.6407	 1.67	 72.53	0.040	  157.43	 99.83
 274.00	 271.72	 7.2284	34.0498	26.6422	 1.67	 72.84	0.040	  157.40	 99.83
 275.00	 272.71	 7.1887	34.0458	26.6446	 1.69	 73.31	0.040	  157.36	 99.83
 276.00	 273.70	 7.1696	34.0456	26.6471	 1.70	 73.86	0.040	  157.32	 99.83
 277.00	 274.69	 7.1540	34.0429	26.6472	 1.72	 74.99	0.040	  157.39	 99.83
 278.00	 275.68	 7.0905	34.0318	26.6472	 1.75	 76.20	0.040	  157.30	 99.83
 279.00	 276.67	 7.0351	34.0274	26.6513	 1.78	 77.27	0.040	  157.36	 99.83
 280.00	 277.66	 7.0169	34.0251	26.6521	 1.79	 77.87	0.040	  157.33	 99.83
 281.00	 278.65	 6.9637	34.0193	26.6547	 1.79	 77.99	0.040	  157.31	 99.83
 282.00	 279.65	 6.9284	34.0229	26.6624	 1.79	 78.08	0.040	  157.31	 99.83
 283.00	 280.64	 6.9233	34.0239	26.6639	 1.79	 77.94	0.040	  157.36	 99.82
 284.00	 281.63	 6.9236	34.0240	26.6640	 1.79	 77.78	0.040	  157.31	 99.82
 285.00	 282.62	 6.9093	34.0245	26.6663	 1.78	 77.56	0.040	  157.31	 99.82
 286.00	 283.61	 6.8718	34.0247	26.6715	 1.78	 77.52	0.040	  157.32	 99.82
 287.00	 284.60	 6.8499	34.0248	26.6746	 1.78	 77.51	0.040	  157.39	 99.82
 288.00	 285.59	 6.8258	34.0216	26.6753	 1.78	 77.36	0.040	  157.34	 99.82
 289.00	 286.58	 6.7992	34.0223	26.6795	 1.78	 77.22	0.040	  157.34	 99.83
 290.00	 287.57	 6.7823	34.0220	26.6815	 1.77	 76.88	0.040	  157.33	 99.82
 291.00	 288.56	 6.7659	34.0213	26.6831	 1.76	 76.43	0.040	  157.29	 99.83
 292.00	 289.56	 6.7523	34.0217	26.6853	 1.75	 76.07	0.040	  157.37	 99.83
 293.00	 290.55	 6.7502	34.0218	26.6857	 1.75	 75.95	0.040	  157.36	 99.83
 294.00	 291.54	 6.7491	34.0223	26.6862	 1.74	 75.63	0.040	  157.33	 99.83
 295.00	 292.53	 6.7481	34.0227	26.6867	 1.73	 75.25	0.040	  157.36	 99.83
 296.00	 293.52	 6.7449	34.0232	26.6875	 1.72	 74.87	0.040	  157.36	 99.83
 297.00	 294.51	 6.7371	34.0241	26.6892	 1.71	 74.52	0.040	  157.37	 99.83
 298.00	 295.50	 6.7318	34.0250	26.6907	 1.71	 74.32	0.040	  157.30	 99.83
 299.00	 296.49	 6.7326	34.0251	26.6907	 1.71	 74.43	0.040	  157.29	 99.83
 300.00	 297.48	 6.6889	34.0194	26.6920	 1.72	 74.62	0.040	  157.30	 99.83
 301.00	 298.47	 6.6675	34.0202	26.6955	 1.72	 74.64	0.040	  157.38	 99.83
 302.00	 299.46	 6.6574	34.0209	26.6974	 1.71	 74.54	0.041	  157.33	 99.83
 303.00	 300.46	 6.6521	34.0219	26.6990	 1.71	 74.25	0.041	  157.35	 99.83
 304.00	 301.45	 6.6505	34.0218	26.6991	 1.70	 73.94	0.040	  157.30	 99.83
 305.00	 302.44	 6.6468	34.0222	26.6999	 1.69	 73.65	0.041	  157.31	 99.83
 306.00	 303.43	 6.6341	34.0232	26.7024	 1.69	 73.53	0.040	  157.32	 99.83
 307.00	 304.42	 6.6258	34.0232	26.7035	 1.69	 73.35	0.040	  157.36	 99.83
 308.00	 305.41	 6.6129	34.0231	26.7051	 1.68	 72.99	0.040	  157.32	 99.83
 309.00	 306.40	 6.6049	34.0243	26.7071	 1.67	 72.50	0.040	  157.28	 99.83
 310.00	 307.39	 6.6014	34.0256	26.7086	 1.65	 71.98	0.040	  157.34	 99.83
 311.00	 308.38	 6.5972	34.0273	26.7105	 1.65	 71.56	0.040	  157.39	 99.83
 312.00	 309.37	 6.5802	34.0282	26.7135	 1.64	 71.24	0.040	  157.34	 99.83
 313.00	 310.36	 6.5680	34.0285	26.7154	 1.63	 71.07	0.040	  157.29	 99.84
 314.00	 311.35	 6.5612	34.0286	26.7164	 1.63	 70.77	0.040	  157.26	 99.84
 315.00	 312.35	 6.5457	34.0289	26.7187	 1.62	 70.49	0.040	  157.26	 99.84
 316.00	 313.34	 6.5369	34.0297	26.7204	 1.62	 70.32	0.040	  157.25	 99.85
 317.00	 314.33	 6.5059	34.0279	26.7231	 1.61	 70.17	0.040	  157.31	 99.85
 318.00	 315.32	 6.4943	34.0287	26.7253	 1.61	 70.04	0.040	  157.33	 99.84
 319.00	 316.31	 6.4892	34.0285	26.7258	 1.61	 69.86	0.040	  157.32	 99.84
 320.00	 317.30	 6.4799	34.0283	26.7268	 1.60	 69.53	0.040	  157.26	 99.85
 321.00	 318.29	 6.4702	34.0297	26.7292	 1.59	 69.07	0.040	  157.23	 99.85
 322.00	 319.28	 6.4632	34.0299	26.7303	 1.56	 68.01	0.040	  157.34	 99.85
 323.00	 320.27	 6.4736	34.0376	26.7351	 1.52	 66.03	0.040	  157.28	 99.85
 324.00	 321.26	 6.5236	34.0533	26.7409	 1.46	 63.45	0.040	  157.30	 99.85
 325.00	 322.25	 6.5778	34.0649	26.7429	 1.42	 61.75	0.040	  157.28	 99.85
 326.00	 323.24	 6.5828	34.0680	26.7447	 1.39	 60.61	0.040	  157.26	 99.85
 327.00	 324.24	 6.5949	34.0711	26.7456	 1.37	 59.53	0.040	  157.28	 99.85
 328.00	 325.23	 6.6249	34.0790	26.7479	 1.35	 58.63	0.040	  157.37	 99.87
 329.00	 326.22	 6.6349	34.0821	26.7490	 1.33	 57.78	0.040	  157.24	 99.88
 330.00	 327.21	 6.6450	34.0852	26.7501	 1.32	 57.37	0.040	  157.33	 99.88
 331.00	 328.20	 6.6480	34.0846	26.7493	 1.32	 57.30	0.040	  157.23	 99.88
 332.00	 329.19	 6.6120	34.0806	26.7509	 1.32	 57.49	0.040	  157.21	 99.88
 333.00	 330.18	 6.5841	34.0772	26.7519	 1.32	 57.28	0.040	  157.25	 99.88
 334.00	 331.17	 6.5835	34.0789	26.7533	 1.30	 56.56	0.040	  157.24	 99.89
 335.00	 332.16	 6.5869	34.0854	26.7580	 1.29	 56.24	0.040	  157.25	 99.89
 336.00	 333.15	 6.5869	34.0841	26.7570	 1.29	 55.99	0.040	  157.24	 99.89
 337.00	 334.14	 6.5628	34.0833	26.7596	 1.27	 55.05	0.040	  157.26	 99.89
 338.00	 335.13	 6.5991	34.0935	26.7629	 1.24	 53.95	0.040	  157.23	 99.89
 339.00	 336.12	 6.6051	34.0942	26.7626	 1.23	 53.48	0.040	  157.32	 99.89
 340.00	 337.11	 6.6216	34.0969	26.7626	 1.23	 53.30	0.040	  157.33	 99.89
 341.00	 338.11	 6.6101	34.0938	26.7617	 1.23	 53.30	0.040	  157.28	 99.90
 342.00	 339.10	 6.6145	34.0954	26.7624	 1.22	 53.16	0.040	  157.27	 99.90
 343.00	 340.09	 6.6208	34.0960	26.7620	 1.21	 52.81	0.041	  157.27	 99.90
 344.00	 341.08	 6.6254	34.0977	26.7628	 1.21	 52.75	0.040	  157.29	 99.90
 345.00	 342.07	 6.6227	34.0965	26.7622	 1.22	 52.85	0.040	  157.21	 99.90
 346.00	 343.06	 6.6170	34.0958	26.7624	 1.22	 53.05	0.040	  157.25	 99.90
 347.00	 344.05	 6.6004	34.0923	26.7618	 1.23	 53.45	0.040	  157.27	 99.90
 348.00	 345.04	 6.5876	34.0900	26.7617	 1.24	 53.87	0.040	  157.26	 99.90
 349.00	 346.03	 6.5748	34.0877	26.7616	 1.25	 54.49	0.040	  157.24	 99.90
 350.00	 347.02	 6.5295	34.0815	26.7627	 1.28	 55.76	0.040	  157.26	 99.90
 351.00	 348.01	 6.4551	34.0688	26.7624	 1.34	 58.27	0.040	  157.18	 99.90
 352.00	 349.00	 6.3807	34.0559	26.7619	 1.41	 61.23	0.040	  157.20	 99.90
 353.00	 349.99	 6.1923	34.0289	26.7648	 1.44	 62.84	0.040	  157.28	 99.90
 354.00	 350.98	 6.1275	34.0283	26.7726	 1.46	 63.34	0.040	  157.26	 99.90
 355.00	 351.97	 6.1337	34.0327	26.7753	 1.46	 63.30	0.040	  157.30	 99.89
 356.00	 352.97	 6.1409	34.0346	26.7759	 1.45	 62.95	0.040	  157.18	 99.88
 357.00	 353.96	 6.1379	34.0356	26.7770	 1.44	 62.67	0.040	  157.18	 99.88
 358.00	 354.95	 6.1400	34.0370	26.7779	 1.44	 62.70	0.040	  157.21	 99.88
 359.00	 355.94	 6.1292	34.0351	26.7778	 1.44	 62.79	0.040	  157.22	 99.88
 360.00	 356.93	 6.0990	34.0323	26.7794	 1.44	 62.76	0.042	  157.19	 99.88
 361.00	 357.92	 6.0907	34.0341	26.7819	 1.44	 62.58	0.040	  157.22	 99.88
 362.00	 358.91	 6.0895	34.0343	26.7822	 1.43	 62.33	0.040	  157.21	 99.88
 363.00	 359.90	 6.0821	34.0350	26.7837	 1.43	 62.09	0.040	  157.19	 99.88
 364.00	 360.89	 6.0757	34.0364	26.7856	 1.42	 61.86	0.040	  157.21	 99.88
 365.00	 361.88	 6.0740	34.0370	26.7863	 1.42	 61.81	0.040	  157.22	 99.88
 366.00	 362.87	 6.0738	34.0376	26.7868	 1.42	 61.69	0.040	  157.26	 99.88
 367.00	 363.86	 6.0740	34.0381	26.7872	 1.41	 61.43	0.040	  157.17	 99.88
 368.00	 364.85	 6.0731	34.0387	26.7878	 1.41	 61.29	0.040	  157.24	 99.88
 369.00	 365.84	 6.0714	34.0391	26.7883	 1.41	 61.16	0.040	  157.19	 99.88
 370.00	 366.83	 6.0668	34.0392	26.7890	 1.40	 61.08	0.040	  157.19	 99.88
 371.00	 367.82	 6.0660	34.0396	26.7894	 1.40	 61.05	0.040	  157.17	 99.88
 372.00	 368.81	 6.0627	34.0392	26.7896	 1.40	 60.81	0.040	  157.23	 99.88
 373.00	 369.81	 6.0542	34.0394	26.7908	 1.39	 60.41	0.040	  157.17	 99.88
 374.00	 370.80	 6.0383	34.0396	26.7930	 1.38	 60.07	0.040	  157.18	 99.88
 375.00	 371.79	 6.0116	34.0415	26.7978	 1.37	 59.56	0.040	  157.19	 99.88
 376.00	 372.78	 6.0004	34.0450	26.8020	 1.35	 58.93	0.040	  157.13	 99.88
 377.00	 373.77	 6.0004	34.0471	26.8037	 1.34	 58.32	0.040	  157.13	 99.88
 378.00	 374.76	 6.0015	34.0502	26.8060	 1.33	 57.78	0.040	  157.14	 99.88
 379.00	 375.75	 6.0033	34.0517	26.8070	 1.32	 57.24	0.040	  157.10	 99.89
 380.00	 376.74	 6.0065	34.0534	26.8080	 1.30	 56.43	0.040	  157.15	 99.89
 381.00	 377.73	 6.0116	34.0575	26.8106	 1.28	 55.68	0.040	  157.10	 99.89
 382.00	 378.72	 6.0063	34.0593	26.8127	 1.27	 55.18	0.040	  157.12	 99.90
 383.00	 379.71	 5.9879	34.0609	26.8162	 1.26	 54.90	0.040	  157.14	 99.89
 384.00	 380.70	 5.9790	34.0605	26.8171	 1.26	 54.67	0.040	  157.15	 99.90
 385.00	 381.69	 5.9740	34.0603	26.8175	 1.26	 54.59	0.040	  157.11	 99.90
 386.00	 382.68	 5.9695	34.0600	26.8179	 1.26	 54.60	0.040	  157.15	 99.90
 387.00	 383.67	 5.9635	34.0599	26.8185	 1.25	 54.45	0.040	  157.09	 99.90
 388.00	 384.66	 5.9565	34.0600	26.8195	 1.25	 54.27	0.040	  157.15	 99.90
 389.00	 385.65	 5.9528	34.0599	26.8199	 1.25	 54.22	0.040	  157.16	 99.90
 390.00	 386.64	 5.9517	34.0601	26.8202	 1.24	 54.13	0.040	  157.14	 99.90
 391.00	 387.63	 5.9509	34.0599	26.8202	 1.24	 54.06	0.040	  157.07	 99.90
 392.00	 388.62	 5.9487	34.0598	26.8203	 1.24	 53.73	0.040	  157.08	 99.90
 393.00	 389.62	 5.9436	34.0600	26.8212	 1.22	 53.21	0.040	  157.08	 99.90
 394.00	 390.61	 5.9315	34.0647	26.8264	 1.21	 52.71	0.040	  157.08	 99.90
 395.00	 391.60	 5.9056	34.0633	26.8285	 1.21	 52.63	0.040	  157.07	 99.90
 396.00	 392.59	 5.8549	34.0568	26.8296	 1.22	 53.01	0.040	  157.09	 99.90
 397.00	 393.58	 5.8074	34.0527	26.8322	 1.22	 52.88	0.040	  157.11	 99.91
 398.00	 394.57	 5.7885	34.0545	26.8360	 1.20	 52.39	0.040	  157.10	 99.91
 399.00	 395.56	 5.7948	34.0591	26.8389	 1.20	 52.08	0.040	  157.09	 99.91
 400.00	 396.55	 5.7936	34.0608	26.8404	 1.19	 51.92	0.042	  157.02	 99.91
 401.00	 397.54	 5.7851	34.0606	26.8413	 1.19	 51.76	0.040	  157.00	 99.91
 402.00	 398.53	 5.7664	34.0590	26.8423	 1.18	 51.50	0.040	  157.14	 99.91
 403.00	 399.52	 5.7549	34.0589	26.8437	 1.18	 51.23	0.040	  157.11	 99.91
 404.00	 400.51	 5.7528	34.0597	26.8446	 1.17	 51.00	0.040	  157.11	 99.91
 405.00	 401.50	 5.7518	34.0606	26.8454	 1.17	 50.81	0.040	  157.13	 99.91
 406.00	 402.49	 5.7442	34.0602	26.8460	 1.16	 50.65	0.040	  157.04	 99.92
 407.00	 403.48	 5.7229	34.0585	26.8473	 1.16	 50.62	0.040	  157.03	 99.92
 408.00	 404.47	 5.6951	34.0573	26.8497	 1.16	 50.36	0.040	  157.08	 99.92
 409.00	 405.46	 5.6612	34.0571	26.8537	 1.15	 49.98	0.040	  157.07	 99.92
 410.00	 406.45	 5.6471	34.0604	26.8580	 1.14	 49.58	0.040	  157.06	 99.92
 411.00	 407.44	 5.6345	34.0609	26.8600	 1.13	 49.26	0.040	  157.09	 99.92
 412.00	 408.43	 5.6302	34.0617	26.8611	 1.13	 49.07	0.040	  157.08	 99.93
 413.00	 409.42	 5.6276	34.0620	26.8617	 1.13	 49.01	0.040	  157.07	 99.93
 414.00	 410.41	 5.6260	34.0620	26.8619	 1.12	 48.88	0.040	  157.05	 99.93
 415.00	 411.40	 5.6237	34.0623	26.8624	 1.12	 48.76	0.040	  157.05	 99.93
 416.00	 412.39	 5.6215	34.0625	26.8628	 1.12	 48.67	0.040	  157.02	 99.93
 417.00	 413.38	 5.6179	34.0629	26.8636	 1.12	 48.62	0.041	  157.02	 99.93
 418.00	 414.37	 5.6148	34.0632	26.8643	 1.12	 48.54	0.040	  157.00	 99.93
 419.00	 415.37	 5.6123	34.0635	26.8648	 1.11	 48.32	0.040	  157.05	 99.93
 420.00	 416.36	 5.6075	34.0636	26.8655	 1.11	 48.06	0.040	  157.02	 99.93
 421.00	 417.35	 5.5860	34.0628	26.8674	 1.10	 47.71	0.040	  157.04	 99.93
 422.00	 418.34	 5.5649	34.0645	26.8713	 1.09	 47.34	0.040	  157.03	 99.93
 423.00	 419.33	 5.5574	34.0652	26.8728	 1.07	 46.72	0.041	  157.07	 99.93
 424.00	 420.32	 5.5532	34.0661	26.8740	 1.06	 46.27	0.041	  157.02	 99.93
 425.00	 421.31	 5.5518	34.0669	26.8749	 1.06	 45.95	0.040	  157.05	 99.93
 426.00	 422.30	 5.5514	34.0670	26.8750	 1.05	 45.82	0.040	  156.99	 99.93
 427.00	 423.29	 5.5496	34.0671	26.8753	 1.05	 45.62	0.040	  157.00	 99.93
 428.00	 424.28	 5.5411	34.0675	26.8766	 1.04	 45.43	0.041	  157.02	 99.93
 429.00	 425.27	 5.5360	34.0681	26.8777	 1.04	 45.27	0.040	  157.01	 99.93
 430.00	 426.26	 5.5271	34.0689	26.8794	 1.04	 45.11	0.040	  157.01	 99.93
 431.00	 427.25	 5.5216	34.0691	26.8803	 1.03	 44.94	0.040	  156.99	 99.93
 432.00	 428.24	 5.5178	34.0697	26.8812	 1.03	 44.77	0.040	  157.01	 99.93
 433.00	 429.23	 5.5154	34.0692	26.8811	 1.03	 44.58	0.040	  157.03	 99.93
 434.00	 430.22	 5.5041	34.0697	26.8829	 1.02	 44.51	0.040	  157.07	 99.93
 435.00	 431.21	 5.5020	34.0700	26.8834	 1.02	 44.54	0.041	  157.04	 99.94
 436.00	 432.20	 5.5010	34.0700	26.8835	 1.02	 44.48	0.041	  157.04	 99.94
 437.00	 433.19	 5.5002	34.0703	26.8838	 1.02	 44.41	0.040	  157.01	 99.93
 438.00	 434.18	 5.4998	34.0702	26.8838	 1.02	 44.32	0.040	  157.03	 99.94
 439.00	 435.17	 5.4985	34.0704	26.8841	 1.02	 44.23	0.040	  157.03	 99.93
 440.00	 436.16	 5.4927	34.0706	26.8850	 1.02	 44.17	0.040	  157.00	 99.94
 441.00	 437.15	 5.4870	34.0717	26.8865	 1.01	 44.03	0.040	  156.94	 99.94
 442.00	 438.14	 5.4843	34.0717	26.8869	 1.01	 43.95	0.040	  157.02	 99.94
 443.00	 439.13	 5.4813	34.0718	26.8874	 1.01	 43.93	0.040	  156.99	 99.94
 444.00	 440.12	 5.4801	34.0721	26.8877	 1.01	 43.90	0.040	  157.01	 99.94
 445.00	 441.11	 5.4798	34.0721	26.8878	 1.01	 43.77	0.040	  156.99	 99.94
 446.00	 442.10	 5.4747	34.0722	26.8885	 1.00	 43.57	0.040	  156.96	 99.94
 447.00	 443.09	 5.4666	34.0732	26.8902	 1.00	 43.52	0.040	  156.98	 99.94
 448.00	 444.08	 5.4628	34.0734	26.8909	 1.00	 43.49	0.040	  156.95	 99.94
 449.00	 445.07	 5.4619	34.0738	26.8913	 1.00	 43.40	0.040	  156.94	 99.94
 450.00	 446.06	 5.4624	34.0737	26.8912	 1.00	 43.33	0.040	  156.99	 99.94
 451.00	 447.05	 5.4618	34.0738	26.8913	 1.00	 43.29	0.040	  156.96	 99.94
 452.00	 448.04	 5.4584	34.0739	26.8918	 0.99	 43.21	0.041	  156.95	 99.94
 453.00	 449.03	 5.4528	34.0743	26.8928	 0.99	 43.13	0.041	  156.93	 99.94
 454.00	 450.02	 5.4470	34.0748	26.8939	 0.99	 42.96	0.040	  156.91	 99.94
 455.00	 451.01	 5.4446	34.0751	26.8944	 0.98	 42.79	0.040	  156.93	 99.94
 456.00	 452.00	 5.4369	34.0757	26.8958	 0.98	 42.59	0.040	  156.90	 99.94
 457.00	 452.99	 5.4302	34.0762	26.8970	 0.98	 42.44	0.040	  156.94	 99.94
 458.00	 453.98	 5.4262	34.0767	26.8979	 0.98	 42.48	0.040	  156.89	 99.94
 459.00	 454.97	 5.4232	34.0770	26.8985	 0.97	 42.39	0.040	  156.91	 99.95
 460.00	 455.96	 5.4233	34.0769	26.8985	 0.97	 42.25	0.040	  156.85	 99.95
 461.00	 456.95	 5.4222	34.0770	26.8986	 0.97	 42.15	0.040	  156.89	 99.95
 462.00	 457.94	 5.4216	34.0773	26.8990	 0.97	 42.07	0.040	  156.91	 99.95
 463.00	 458.93	 5.4210	34.0772	26.8990	 0.97	 41.99	0.040	  156.89	 99.95
 464.00	 459.92	 5.4199	34.0775	26.8993	 0.96	 41.88	0.040	  156.88	 99.95
 465.00	 460.91	 5.4159	34.0773	26.8997	 0.96	 41.63	0.040	  156.83	 99.95
 466.00	 461.90	 5.4001	34.0780	26.9021	 0.95	 41.41	0.040	  156.82	 99.95
 467.00	 462.90	 5.3802	34.0797	26.9058	 0.95	 41.20	0.040	  156.81	 99.95
 468.00	 463.89	 5.3629	34.0817	26.9094	 0.94	 40.83	0.040	  156.85	 99.95
 469.00	 464.88	 5.3587	34.0817	26.9099	 0.93	 40.47	0.040	  156.82	 99.95
 470.00	 465.87	 5.3452	34.0825	26.9122	 0.92	 40.14	0.040	  156.86	 99.95
 471.00	 466.86	 5.3304	34.0854	26.9162	 0.92	 39.98	0.040	  156.77	 99.95
 472.00	 467.85	 5.3285	34.0857	26.9167	 0.92	 39.81	0.040	  156.83	 99.95
 473.00	 468.84	 5.3260	34.0859	26.9172	 0.91	 39.76	0.040	  156.78	 99.95
 474.00	 469.83	 5.3228	34.0867	26.9182	 0.91	 39.61	0.041	  156.80	 99.95
 475.00	 470.82	 5.3215	34.0869	26.9185	 0.90	 39.33	0.042	  156.85	 76.13
 476.00	 471.81	 5.3142	34.0889	26.9209	 0.90	 39.07	0.040	  156.77	100.11
 477.00	 472.80	 5.3078	34.0908	26.9232	 0.89	 38.89	0.040	  156.83	 99.95
 478.00	 473.79	 5.3019	34.0911	26.9242	 0.89	 38.69	0.040	  156.85	 99.95
 479.00	 474.78	 5.2936	34.0913	26.9253	 0.88	 38.45	0.041	  156.81	 99.95
 480.00	 475.77	 5.2899	34.0916	26.9260	 0.88	 38.26	0.041	  156.79	 99.95
 481.00	 476.76	 5.2796	34.0924	26.9278	 0.88	 38.14	0.040	  156.81	 99.95
 482.00	 477.75	 5.2760	34.0945	26.9299	 0.87	 37.77	0.040	  156.80	 99.95
 483.00	 478.74	 5.2919	34.1001	26.9325	 0.86	 37.45	0.040	  156.81	 99.95
 484.00	 479.73	 5.3142	34.1040	26.9330	 0.85	 37.15	0.040	  156.78	 99.95
 485.00	 480.72	 5.3212	34.1053	26.9332	 0.85	 36.95	0.040	  156.79	 99.95
 486.00	 481.71	 5.3256	34.1064	26.9336	 0.85	 36.85	0.040	  156.75	 99.96
 487.00	 482.70	 5.3253	34.1066	26.9338	 0.85	 36.76	0.040	  156.75	 99.96
 488.00	 483.69	 5.3303	34.1082	26.9344	 0.84	 36.75	0.040	  156.76	 99.96
 489.00	 484.68	 5.3374	34.1097	26.9348	 0.84	 36.57	0.040	  156.82	 99.96
 490.00	 485.67	 5.3400	34.1111	26.9356	 0.84	 36.48	0.040	  156.73	 99.96
 491.00	 486.66	 5.3387	34.1109	26.9356	 0.83	 36.30	0.040	  156.74	 99.96
 492.00	 487.65	 5.3368	34.1114	26.9362	 0.83	 36.23	0.041	  156.76	 99.95
 493.00	 488.64	 5.3382	34.1116	26.9363	 0.83	 36.09	0.041	  156.67	 99.96
 494.00	 489.63	 5.3419	34.1135	26.9373	 0.82	 35.88	0.040	  156.69	 99.96
 495.00	 490.62	 5.3499	34.1159	26.9383	 0.82	 35.71	0.040	  156.73	 99.96
 496.00	 491.61	 5.3537	34.1174	26.9391	 0.82	 35.51	0.040	  156.73	 99.97
 497.00	 492.60	 5.3580	34.1192	26.9400	 0.81	 35.19	0.040	  156.74	 99.97
 498.00	 493.59	 5.3506	34.1205	26.9419	 0.80	 34.92	0.040	  156.62	 99.97
 499.00	 494.58	 5.3615	34.1246	26.9439	 0.80	 34.75	0.040	  156.65	 99.97
 500.00	 495.57	 5.3627	34.1247	26.9438	 0.79	 34.56	0.040	  156.65	 99.97
 501.00	 496.56	 5.3604	34.1247	26.9441	 0.79	 34.46	0.040	  156.65	 99.97
 502.00	 497.55	 5.3584	34.1249	26.9445	 0.79	 34.39	0.040	  156.68	 99.98
 503.00	 498.54	 5.3570	34.1249	26.9447	 0.79	 34.47	0.040	  156.70	 99.98
 504.00	 499.53	 5.3536	34.1248	26.9450	 0.79	 34.40	0.040	  156.65	 99.98
 505.00	 500.52	 5.3512	34.1252	26.9457	 0.79	 34.30	0.040	  156.62	 99.98
 506.00	 501.51	 5.3508	34.1260	26.9463	 0.79	 34.18	0.040	  156.71	 99.98
 507.00	 502.50	 5.3524	34.1266	26.9467	 0.78	 34.01	0.040	  156.65	 99.98
 508.00	 503.49	 5.3488	34.1260	26.9466	 0.78	 33.73	0.040	  156.65	 99.98
 509.00	 504.47	 5.3345	34.1286	26.9504	 0.77	 33.44	0.040	  156.64	 99.97
 510.00	 505.46	 5.3269	34.1316	26.9536	 0.77	 33.32	0.042	  156.60	 99.98
 511.00	 506.45	 5.3249	34.1330	26.9550	 0.76	 33.14	0.041	  156.59	 99.98
 512.00	 507.44	 5.3198	34.1338	26.9562	 0.75	 32.79	0.040	  156.57	 99.98
 513.00	 508.43	 5.3141	34.1350	26.9578	 0.75	 32.61	0.042	  156.59	 99.98
 514.00	 509.42	 5.3073	34.1355	26.9590	 0.75	 32.43	0.041	  156.62	 99.98
 515.00	 510.41	 5.3005	34.1366	26.9607	 0.74	 32.23	0.040	  156.62	 99.98
 516.00	 511.40	 5.2964	34.1377	26.9621	 0.74	 32.13	0.040	  156.54	 99.98
 517.00	 512.39	 5.2919	34.1381	26.9629	 0.74	 32.14	0.040	  156.57	 99.98
 518.00	 513.38	 5.2888	34.1383	26.9635	 0.74	 31.98	0.040	  156.58	 99.98
 519.00	 514.37	 5.2878	34.1387	26.9639	 0.73	 31.93	0.040	  156.52	 99.98
 520.00	 515.36	 5.2870	34.1387	26.9640	 0.73	 31.78	0.040	  156.56	 99.98
 521.00	 516.35	 5.2866	34.1393	26.9645	 0.73	 31.76	0.040	  156.59	 99.98
 522.00	 517.34	 5.2914	34.1407	26.9651	 0.72	 31.50	0.040	  156.55	 99.98
 523.00	 518.33	 5.2948	34.1418	26.9656	 0.72	 31.23	0.040	  156.58	 93.30
 524.00	 519.32	 5.3021	34.1446	26.9670	 0.71	 30.94	0.040	  156.56	 84.75
 525.00	 520.31	 5.3076	34.1481	26.9691	 0.70	 30.54	0.040	  156.53	100.23
 526.00	 521.30	 5.3118	34.1513	26.9712	 0.69	 30.11	0.040	  156.54	 99.98
 527.00	 522.29	 5.3128	34.1529	26.9724	 0.69	 29.88	0.040	  156.58	 99.98
 528.00	 523.28	 5.3138	34.1540	26.9731	 0.68	 29.54	0.040	  156.62	 99.98
 529.00	 524.27	 5.3182	34.1563	26.9744	 0.67	 28.98	0.041	  156.61	 99.98
 530.00	 525.26	 5.3239	34.1609	26.9774	 0.65	 28.39	0.041	  156.55	 99.98
 531.00	 526.25	 5.3248	34.1640	26.9797	 0.65	 28.21	0.041	  156.52	 99.99
 532.00	 527.24	 5.3215	34.1667	26.9823	 0.64	 27.99	0.042	  156.50	 99.98
 533.00	 528.23	 5.3204	34.1672	26.9828	 0.64	 27.66	0.041	  156.53	 99.98
 534.00	 529.22	 5.3208	34.1681	26.9835	 0.63	 27.33	0.040	  156.53	 99.98
 535.00	 530.21	 5.3185	34.1691	26.9845	 0.62	 27.06	0.040	  156.55	 99.98
 536.00	 531.20	 5.3105	34.1701	26.9863	 0.62	 26.98	0.040	  156.49	 99.99
 537.00	 532.19	 5.3058	34.1708	26.9874	 0.62	 26.81	0.040	  156.49	 99.99
 538.00	 533.18	 5.3036	34.1713	26.9881	 0.61	 26.60	0.041	  156.54	 99.99
 539.00	 534.17	 5.3016	34.1726	26.9893	 0.61	 26.45	0.040	  156.55	 99.99
 540.00	 535.16	 5.3014	34.1738	26.9903	 0.60	 26.28	0.040	  156.58	 99.99
 541.00	 536.15	 5.3019	34.1751	26.9914	 0.60	 26.04	0.040	  156.53	100.00
 542.00	 537.14	 5.3025	34.1766	26.9924	 0.59	 25.87	0.040	  156.48	 99.99
 543.00	 538.13	 5.3028	34.1772	26.9929	 0.59	 25.70	0.040	  156.56	100.00
 544.00	 539.12	 5.3033	34.1787	26.9940	 0.59	 25.60	0.041	  156.54	100.00
 545.00	 540.11	 5.3029	34.1806	26.9956	 0.59	 25.45	0.040	  156.52	100.00
 546.00	 541.10	 5.3012	34.1815	26.9965	 0.58	 25.16	0.040	  156.58	100.00
 547.00	 542.09	 5.2969	34.1824	26.9978	 0.57	 24.93	0.040	  156.54	100.00
 548.00	 543.08	 5.2905	34.1853	27.0008	 0.57	 24.77	0.040	  156.53	100.00
 549.00	 544.07	 5.2863	34.1871	27.0027	 0.56	 24.51	0.040	  156.49	100.00
 550.00	 545.06	 5.2860	34.1898	27.0049	 0.56	 24.24	0.040	  156.50	100.00
 551.00	 546.05	 5.2861	34.1906	27.0055	 0.55	 24.09	0.040	  156.52	100.00
 552.00	 547.04	 5.2804	34.1915	27.0070	 0.56	 24.14	0.041	  156.51	100.00
 553.00	 548.03	 5.2799	34.1916	27.0071	 0.55	 24.08	0.041	  156.52	100.00
 554.00	 549.02	 5.2795	34.1919	27.0074	 0.55	 23.93	0.040	  156.54	100.00
 555.00	 550.01	 5.2798	34.1923	27.0077	 0.55	 23.78	0.040	  156.47	100.00
 556.00	 550.99	 5.2789	34.1932	27.0085	 0.54	 23.66	0.041	  156.47	100.00
 557.00	 551.98	 5.2818	34.1948	27.0094	 0.54	 23.59	0.041	  156.45	100.00
 558.00	 552.97	 5.2834	34.1953	27.0097	 0.54	 23.52	0.040	  156.53	100.00
 559.00	 553.96	 5.2848	34.1960	27.0100	 0.54	 23.50	0.040	  156.47	100.00
 560.00	 554.95	 5.2859	34.1962	27.0101	 0.54	 23.47	0.040	  156.51	100.00
 561.00	 555.94	 5.2868	34.1967	27.0104	 0.53	 23.26	0.040	  156.49	100.00
 562.00	 556.93	 5.2873	34.1989	27.0121	 0.53	 22.98	0.040	  156.48	100.00
 563.00	 557.92	 5.2928	34.2031	27.0148	 0.52	 22.73	0.040	  156.43	100.00
 564.00	 558.91	 5.3010	34.2065	27.0165	 0.51	 22.39	0.040	  156.43	100.00
 565.00	 559.90	 5.3214	34.2124	27.0188	 0.51	 22.22	0.040	  156.45	100.00
 566.00	 560.89	 5.3273	34.2137	27.0191	 0.51	 22.09	0.040	  156.45	100.00
 567.00	 561.88	 5.3151	34.2134	27.0204	 0.50	 21.82	0.041	  156.47	100.00
 568.00	 562.87	 5.3079	34.2141	27.0218	 0.50	 21.81	0.041	  156.46	100.00
 569.00	 563.86	 5.2988	34.2148	27.0234	 0.50	 21.62	0.040	  156.41	100.00
 570.00	 564.85	 5.2996	34.2157	27.0241	 0.49	 21.48	0.040	  156.42	100.00
 571.00	 565.84	 5.3045	34.2176	27.0250	 0.49	 21.40	0.040	  156.42	100.00
 572.00	 566.83	 5.3016	34.2172	27.0250	 0.49	 21.40	0.041	  156.38	100.00
 573.00	 567.82	 5.2966	34.2177	27.0260	 0.49	 21.23	0.041	  156.42	100.00
 574.00	 568.81	 5.3044	34.2206	27.0274	 0.49	 21.17	0.040	  156.37	100.00
 575.00	 569.80	 5.3075	34.2216	27.0278	 0.48	 21.06	0.040	  156.39	100.00
 576.00	 570.79	 5.2991	34.2213	27.0286	 0.48	 20.84	0.040	  156.40	100.00
 577.00	 571.78	 5.2978	34.2227	27.0299	 0.48	 20.67	0.041	  156.41	100.00
 578.00	 572.77	 5.3137	34.2280	27.0322	 0.47	 20.51	0.042	  156.37	100.00
 579.00	 573.76	 5.3137	34.2281	27.0323	 0.47	 20.45	0.040	  156.37	100.00
 580.00	 574.75	 5.3100	34.2286	27.0331	 0.47	 20.30	0.040	  156.36	100.00
 581.00	 575.74	 5.3226	34.2337	27.0358	 0.46	 20.06	0.040	  156.36	100.00
 582.00	 576.72	 5.3370	34.2369	27.0366	 0.46	 19.83	0.040	  156.38	100.00
 583.00	 577.71	 5.3410	34.2376	27.0366	 0.45	 19.66	0.040	  156.39	100.00
 584.00	 578.70	 5.3409	34.2377	27.0368	 0.45	 19.65	0.040	  156.39	100.00
 585.00	 579.69	 5.3388	34.2369	27.0364	 0.45	 19.73	0.040	  156.37	100.00
 586.00	 580.68	 5.3335	34.2368	27.0370	 0.45	 19.78	0.040	  156.35	100.00
 587.00	 581.67	 5.3314	34.2363	27.0368	 0.46	 19.81	0.041	  156.37	100.00
 588.00	 582.66	 5.3222	34.2346	27.0366	 0.46	 19.85	0.041	  156.34	100.00
 589.00	 583.65	 5.3081	34.2332	27.0371	 0.46	 19.93	0.040	  156.41	100.00
 590.00	 584.64	 5.2873	34.2318	27.0384	 0.46	 19.91	0.040	  156.36	100.00
 591.00	 585.63	 5.2738	34.2332	27.0411	 0.46	 19.86	0.040	  156.32	100.00
 592.00	 586.62	 5.2758	34.2342	27.0418	 0.46	 19.91	0.040	  156.29	100.00
 593.00	 587.61	 5.2826	34.2358	27.0422	 0.45	 19.77	0.041	  156.28	100.00
 594.00	 588.60	 5.2722	34.2356	27.0433	 0.45	 19.72	0.042	  156.33	100.00
 595.00	 589.59	 5.2577	34.2356	27.0449	 0.45	 19.71	0.041	  156.31	100.00
 596.00	 590.58	 5.2522	34.2365	27.0463	 0.45	 19.65	0.040	  156.40	100.00
 597.00	 591.57	 5.2516	34.2364	27.0464	 0.45	 19.59	0.041	  156.37	100.00
 598.00	 592.56	 5.2506	34.2369	27.0468	 0.45	 19.58	0.042	  156.38	100.00
 599.00	 593.55	 5.2504	34.2374	27.0473	 0.45	 19.64	0.041	  156.33	100.00
 600.00	 594.54	 5.2509	34.2378	27.0476	 0.45	 19.53	0.040	  156.31	100.00
 601.00	 595.53	 5.2519	34.2379	27.0476	 0.45	 19.47	0.040	  156.26	100.00
 602.00	 596.51	 5.2520	34.2380	27.0476	 0.45	 19.39	0.040	  156.32	100.00
 603.00	 597.50	 5.2531	34.2384	27.0478	 0.44	 19.21	0.040	  156.37	100.00
 604.00	 598.49	 5.2676	34.2438	27.0504	 0.44	 18.93	0.040	  156.29	100.00
 605.00	 599.48	 5.2866	34.2477	27.0513	 0.43	 18.80	0.040	  156.30	100.00
 606.00	 600.47	 5.2930	34.2503	27.0526	 0.43	 18.49	0.040	  156.29	100.00
 607.00	 601.46	 5.3061	34.2540	27.0540	 0.41	 17.96	0.040	  156.30	100.00
 608.00	 602.45	 5.3410	34.2658	27.0593	 0.40	 17.60	0.041	  156.25	100.00
 609.00	 603.44	 5.3643	34.2703	27.0601	 0.40	 17.34	0.041	  156.26	100.00
 610.00	 604.43	 5.3690	34.2715	27.0605	 0.39	 17.15	0.041	  156.24	100.00
 611.00	 605.42	 5.3750	34.2740	27.0618	 0.39	 16.98	0.041	  156.30	100.00
 612.00	 606.41	 5.3787	34.2755	27.0626	 0.39	 16.90	0.041	  156.30	100.00
 613.00	 607.40	 5.3814	34.2773	27.0636	 0.38	 16.61	0.040	  156.31	100.00
 614.00	 608.39	 5.3845	34.2800	27.0655	 0.38	 16.53	0.041	  156.29	100.00
 615.00	 609.38	 5.3923	34.2834	27.0672	 0.38	 16.51	0.041	  156.27	100.00
 616.00	 610.37	 5.3870	34.2826	27.0672	 0.38	 16.42	0.040	  156.26	100.00
 617.00	 611.36	 5.3816	34.2818	27.0673	 0.38	 16.50	0.041	  156.20	100.00
 618.00	 612.35	 5.3684	34.2786	27.0662	 0.39	 16.78	0.041	  156.23	100.00
 619.00	 613.33	 5.3191	34.2718	27.0667	 0.39	 17.15	0.041	  156.27	100.00
 620.00	 614.32	 5.2685	34.2639	27.0664	 0.40	 17.35	0.040	  156.29	100.00
 621.00	 615.31	 5.2427	34.2626	27.0684	 0.40	 17.38	0.040	  156.24	100.00
 622.00	 616.30	 5.2407	34.2642	27.0699	 0.40	 17.33	0.041	  156.20	100.00
 623.00	 617.29	 5.2538	34.2675	27.0710	 0.39	 17.16	0.041	  156.21	100.00
 624.00	 618.28	 5.2634	34.2700	27.0719	 0.39	 17.05	0.040	  156.25	100.00
 625.00	 619.27	 5.2765	34.2717	27.0716	 0.39	 17.11	0.041	  156.23	100.00
 626.00	 620.26	 5.2757	34.2714	27.0716	 0.39	 17.01	0.042	  156.27	100.00
 627.00	 621.25	 5.2789	34.2728	27.0723	 0.39	 16.86	0.041	  156.22	100.00
 628.00	 622.24	 5.2818	34.2735	27.0725	 0.39	 16.88	0.040	  156.17	100.00
 629.00	 623.23	 5.2840	34.2741	27.0727	 0.39	 16.83	0.041	  156.17	100.00
 630.00	 624.22	 5.2791	34.2733	27.0727	 0.39	 16.85	0.042	  156.18	100.00
 631.00	 625.21	 5.2731	34.2726	27.0729	 0.39	 16.91	0.041	  156.22	100.00
 632.00	 626.20	 5.2628	34.2711	27.0728	 0.39	 16.83	0.040	  156.22	100.00
 633.00	 627.19	 5.2593	34.2734	27.0751	 0.38	 16.57	0.040	  156.23	100.00
 634.00	 628.17	 5.3027	34.2838	27.0783	 0.38	 16.32	0.040	  156.20	100.00
 635.00	 629.16	 5.3217	34.2873	27.0789	 0.37	 16.00	0.041	  156.17	100.00
 636.00	 630.15	 5.3256	34.2895	27.0801	 0.36	 15.87	0.041	  156.18	100.00
 637.00	 631.14	 5.3254	34.2908	27.0812	 0.37	 15.87	0.042	  156.19	100.00
 638.00	 632.13	 5.3388	34.2968	27.0844	 0.36	 15.77	0.042	  156.19	100.00
 639.00	 633.12	 5.3496	34.2992	27.0850	 0.36	 15.57	0.041	  156.17	100.00
 640.00	 634.11	 5.3533	34.2994	27.0848	 0.36	 15.52	0.041	  156.19	100.00
 641.00	 635.10	 5.3530	34.2993	27.0848	 0.36	 15.48	0.042	  156.17	100.00
 642.00	 636.09	 5.3537	34.2996	27.0849	 0.36	 15.46	0.041	  156.19	100.00
 643.00	 637.08	 5.3524	34.2994	27.0849	 0.35	 15.43	0.040	  156.14	100.00
 644.00	 638.07	 5.3503	34.2996	27.0853	 0.36	 15.55	0.041	  156.10	100.00
 645.00	 639.06	 5.3484	34.2998	27.0857	 0.36	 15.52	0.040	  156.09	100.00
 646.00	 640.05	 5.3338	34.2996	27.0873	 0.36	 15.52	0.041	  156.13	100.00
 647.00	 641.04	 5.3225	34.2999	27.0889	 0.36	 15.51	0.041	  156.09	100.00
 648.00	 642.02	 5.3188	34.2998	27.0892	 0.36	 15.51	0.041	  156.13	100.00
 649.00	 643.01	 5.2967	34.2991	27.0913	 0.36	 15.54	0.040	  156.06	100.00
 650.00	 644.00	 5.2868	34.3011	27.0940	 0.36	 15.49	0.040	  156.11	100.00
 651.00	 644.99	 5.2804	34.3021	27.0956	 0.36	 15.60	0.041	  156.08	100.00
 652.00	 645.98	 5.2785	34.3030	27.0965	 0.36	 15.45	0.041	  156.08	100.00
 653.00	 646.97	 5.2767	34.3033	27.0970	 0.35	 15.38	0.041	  156.05	100.00
 654.00	 647.96	 5.2721	34.3031	27.0974	 0.35	 15.40	0.040	  156.05	100.00
 655.00	 648.95	 5.2650	34.3020	27.0974	 0.35	 15.40	0.042	  156.06	100.00
 656.00	 649.94	 5.2553	34.3017	27.0982	 0.36	 15.48	0.041	  156.02	100.00
 657.00	 650.93	 5.2488	34.3003	27.0979	 0.36	 15.52	0.040	  156.10	100.00
 658.00	 651.92	 5.2381	34.2999	27.0989	 0.36	 15.50	0.041	  156.05	100.00
 659.00	 652.91	 5.2320	34.2994	27.0992	 0.36	 15.53	0.041	  156.07	100.00
 660.00	 653.90	 5.2316	34.3000	27.0997	 0.36	 15.49	0.040	  156.11	100.00
 661.00	 654.88	 5.2245	34.2999	27.1005	 0.36	 15.45	0.042	  156.00	100.00
 662.00	 655.87	 5.2166	34.3002	27.1016	 0.36	 15.64	0.041	  156.01	100.00
 663.00	 656.86	 5.2140	34.3009	27.1025	 0.36	 15.68	0.040	  156.08	100.00
 664.00	 657.85	 5.2141	34.3014	27.1029	 0.36	 15.48	0.040	  156.04	100.00
 665.00	 658.84	 5.2150	34.3019	27.1032	 0.35	 15.39	0.040	  156.06	100.00
 666.00	 659.83	 5.2168	34.3026	27.1035	 0.35	 15.40	0.041	  156.00	100.00
 667.00	 660.82	 5.2177	34.3038	27.1044	 0.35	 15.39	0.041	  156.00	100.00
 668.00	 661.81	 5.2094	34.3064	27.1074	 0.35	 15.40	0.041	  156.01	100.00
 669.00	 662.80	 5.1856	34.3034	27.1079	 0.36	 15.49	0.040	  156.02	100.00
 670.00	 663.79	 5.1481	34.3017	27.1108	 0.36	 15.47	0.041	  156.06	100.00
 671.00	 664.78	 5.1347	34.3040	27.1142	 0.36	 15.46	0.041	  156.06	100.00
 672.00	 665.77	 5.1395	34.3062	27.1154	 0.35	 15.37	0.041	  156.01	100.00
 673.00	 666.75	 5.1341	34.3057	27.1157	 0.35	 15.26	0.042	  156.02	100.00
 674.00	 667.74	 5.1275	34.3057	27.1164	 0.35	 15.28	0.041	  156.03	100.00
 675.00	 668.73	 5.1363	34.3088	27.1179	 0.35	 15.31	0.041	  156.01	100.00
 676.00	 669.72	 5.1418	34.3098	27.1180	 0.35	 15.29	0.042	  156.02	100.00
 677.00	 670.71	 5.1423	34.3098	27.1180	 0.35	 15.30	0.041	  156.04	100.00
 678.00	 671.70	 5.1387	34.3096	27.1182	 0.35	 15.29	0.040	  156.07	100.00
 679.00	 672.69	 5.1337	34.3094	27.1187	 0.35	 15.25	0.040	  155.97	100.00
 680.00	 673.68	 5.1299	34.3092	27.1190	 0.35	 15.23	0.040	  156.01	100.00
 681.00	 674.67	 5.1339	34.3104	27.1195	 0.35	 15.29	0.040	  156.04	100.00
 682.00	 675.66	 5.1456	34.3111	27.1187	 0.35	 15.14	0.040	  155.97	100.00
 683.00	 676.65	 5.1509	34.3129	27.1195	 0.35	 15.06	0.040	  155.94	100.00
 684.00	 677.63	 5.1605	34.3149	27.1200	 0.35	 15.07	0.040	  155.99	100.00
 685.00	 678.62	 5.1635	34.3146	27.1195	 0.35	 15.04	0.040	  155.92	100.00
 686.00	 679.61	 5.1639	34.3147	27.1195	 0.35	 15.16	0.040	  155.94	100.00
 687.00	 680.60	 5.1581	34.3146	27.1201	 0.35	 15.23	0.040	  155.99	100.00
 688.00	 681.59	 5.1408	34.3139	27.1215	 0.35	 15.26	0.040	  156.01	100.00
 689.00	 682.58	 5.1114	34.3098	27.1217	 0.35	 15.33	0.040	  156.00	100.00
 690.00	 683.57	 5.0930	34.3070	27.1215	 0.35	 15.40	0.040	  155.96	100.00
 691.00	 684.56	 5.0349	34.3006	27.1231	 0.36	 15.53	0.040	  155.93	100.00
 692.00	 685.55	 4.9585	34.2894	27.1230	 0.36	 15.82	0.040	  155.94	100.00
 693.00	 686.54	 4.9277	34.2875	27.1250	 0.37	 15.88	0.040	  156.01	100.00
 694.00	 687.52	 4.8796	34.2833	27.1270	 0.36	 15.84	0.041	  156.04	100.00
 695.00	 688.51	 4.8648	34.2840	27.1293	 0.36	 15.85	0.041	  155.93	100.00
 696.00	 689.50	 4.8635	34.2843	27.1297	 0.36	 15.79	0.041	  155.96	100.00
 697.00	 690.49	 4.8657	34.2857	27.1305	 0.36	 15.72	0.041	  155.93	100.00
 698.00	 691.48	 4.8613	34.2855	27.1309	 0.36	 15.74	0.040	  156.00	100.00
 699.00	 692.47	 4.8458	34.2862	27.1332	 0.36	 15.63	0.040	  155.98	100.00
 700.00	 693.46	 4.8233	34.2877	27.1369	 0.36	 15.53	0.040	  155.98	100.00
 701.00	 694.45	 4.8117	34.2890	27.1392	 0.35	 15.42	0.040	  155.98	100.00
 702.00	 695.44	 4.8015	34.2889	27.1403	 0.35	 15.43	0.042	  155.94	100.00
 703.00	 696.43	 4.7886	34.2901	27.1427	 0.36	 15.45	0.040	  155.97	100.00
 704.00	 697.41	 4.7899	34.2921	27.1441	 0.35	 15.41	0.040	  155.99	100.00
 705.00	 698.40	 4.7970	34.2939	27.1448	 0.35	 15.27	0.041	  156.02	100.00
 706.00	 699.39	 4.7880	34.2933	27.1453	 0.35	 15.17	0.041	  155.98	100.00
 707.00	 700.38	 4.7769	34.2930	27.1464	 0.35	 15.07	0.040	  155.98	100.00
 708.00	 701.37	 4.7739	34.2929	27.1466	 0.35	 15.09	0.040	  155.93	100.00
 709.00	 702.36	 4.7697	34.2930	27.1471	 0.35	 15.13	0.041	  155.95	100.00
 710.00	 703.35	 4.7609	34.2925	27.1478	 0.35	 15.08	0.041	  155.92	100.00
 711.00	 704.34	 4.7528	34.2935	27.1495	 0.35	 15.07	0.041	  156.00	100.00
 712.00	 705.33	 4.7491	34.2953	27.1513	 0.34	 14.95	0.041	  155.88	100.00
 713.00	 706.32	 4.7479	34.2970	27.1527	 0.34	 14.79	0.041	  155.91	100.00
 714.00	 707.30	 4.7588	34.2991	27.1533	 0.34	 14.90	0.042	  155.88	100.00
 715.00	 708.29	 4.7541	34.2980	27.1529	 0.34	 14.90	0.042	  155.87	100.00
 716.00	 709.28	 4.7284	34.2970	27.1550	 0.34	 14.87	0.040	  155.88	100.00
 717.00	 710.27	 4.7200	34.2982	27.1569	 0.34	 14.76	0.041	  155.88	100.00
 718.00	 711.26	 4.7159	34.2985	27.1575	 0.34	 14.72	0.041	  155.86	100.00
 719.00	 712.25	 4.7146	34.2988	27.1579	 0.34	 14.73	0.040	  155.87	100.00
 720.00	 713.24	 4.7140	34.2987	27.1580	 0.34	 14.79	0.040	  155.89	100.00
 721.00	 714.23	 4.7117	34.2987	27.1582	 0.34	 14.74	0.041	  155.84	100.00
 722.00	 715.22	 4.7120	34.2990	27.1584	 0.34	 14.71	0.042	  155.82	100.00
 723.00	 716.20	 4.7129	34.2990	27.1584	 0.34	 14.72	0.042	  155.81	100.00
 724.00	 717.19	 4.7118	34.2988	27.1583	 0.34	 14.67	0.041	  155.87	100.00
 725.00	 718.18	 4.7114	34.2991	27.1586	 0.34	 14.67	0.041	  155.87	100.00
 726.00	 719.17	 4.7118	34.2995	27.1588	 0.34	 14.78	0.040	  155.80	100.00
 727.00	 720.16	 4.7119	34.2994	27.1588	 0.34	 14.69	0.040	  155.80	100.00
 728.00	 721.15	 4.7111	34.2992	27.1588	 0.34	 14.64	0.040	  155.94	100.00
 729.00	 722.14	 4.7041	34.2981	27.1587	 0.34	 14.64	0.040	  155.88	100.00
 730.00	 723.13	 4.6959	34.2973	27.1589	 0.34	 14.69	0.040	  155.81	100.00
 731.00	 724.12	 4.6791	34.2963	27.1600	 0.34	 14.79	0.040	  155.79	100.00
 732.00	 725.10	 4.6719	34.2967	27.1611	 0.34	 14.63	0.040	  155.79	100.00
 733.00	 726.09	 4.6656	34.2972	27.1622	 0.33	 14.55	0.041	  155.76	100.00
 734.00	 727.08	 4.6594	34.2972	27.1629	 0.33	 14.55	0.041	  155.76	100.00
 735.00	 728.07	 4.6562	34.2973	27.1633	 0.34	 14.62	0.041	  155.84	100.00
 736.00	 729.06	 4.6542	34.2972	27.1635	 0.34	 14.66	0.041	  155.83	100.00
 737.00	 730.05	 4.6482	34.2976	27.1645	 0.33	 14.56	0.041	  155.75	100.00
 738.00	 731.04	 4.6455	34.3004	27.1670	 0.33	 14.55	0.041	  155.78	100.00
 739.00	 732.03	 4.6463	34.3003	27.1668	 0.33	 14.48	0.040	  155.76	100.00
 740.00	 733.01	 4.6481	34.3012	27.1674	 0.33	 14.33	0.041	  155.75	100.00
 741.00	 734.00	 4.6525	34.3021	27.1676	 0.33	 14.41	0.041	  155.79	100.00
 742.00	 734.99	 4.6526	34.3020	27.1675	 0.33	 14.43	0.040	  155.78	100.00
 743.00	 735.98	 4.6398	34.3003	27.1676	 0.33	 14.39	0.041	  155.79	100.00
 744.00	 736.97	 4.6353	34.3004	27.1681	 0.33	 14.41	0.041	  155.73	100.00
 745.00	 737.96	 4.6332	34.3009	27.1688	 0.33	 14.41	0.040	  155.74	100.00
 746.00	 738.95	 4.6275	34.3009	27.1694	 0.33	 14.42	0.040	  155.77	100.00
 747.00	 739.94	 4.6235	34.3010	27.1700	 0.33	 14.40	0.040	  155.82	100.00
 748.00	 740.93	 4.6220	34.3010	27.1701	 0.33	 14.38	0.040	  155.79	100.00
 749.00	 741.91	 4.6199	34.3009	27.1703	 0.33	 14.42	0.040	  155.67	100.00
 750.00	 742.90	 4.6191	34.3009	27.1704	 0.33	 14.42	0.040	  155.72	100.00
 751.00	 743.89	 4.6192	34.3012	27.1706	 0.33	 14.44	0.040	  155.70	100.00
 752.00	 744.88	 4.6199	34.3013	27.1706	 0.33	 14.42	0.041	  155.75	100.00
 753.00	 745.87	 4.6196	34.3014	27.1707	 0.33	 14.38	0.041	  155.76	100.00
 754.00	 746.86	 4.6179	34.3012	27.1708	 0.33	 14.32	0.040	  155.78	100.00
 755.00	 747.85	 4.6178	34.3015	27.1710	 0.33	 14.35	0.041	  155.69	100.00
 756.00	 748.84	 4.6179	34.3014	27.1709	 0.33	 14.44	0.041	  155.69	100.00
 757.00	 749.82	 4.6207	34.3025	27.1715	 0.33	 14.29	0.040	  155.70	100.00
 758.00	 750.81	 4.6232	34.3026	27.1713	 0.33	 14.25	0.040	  155.73	100.00
 759.00	 751.80	 4.6229	34.3034	27.1720	 0.33	 14.25	0.040	  155.65	100.00
 760.00	 752.79	 4.6231	34.3032	27.1719	 0.33	 14.28	0.041	  155.67	100.00
 761.00	 753.78	 4.6216	34.3028	27.1717	 0.33	 14.36	0.041	  155.63	100.00
 762.00	 754.77	 4.6225	34.3041	27.1727	 0.33	 14.25	0.042	  155.62	100.00
 763.00	 755.76	 4.6161	34.3039	27.1732	 0.33	 14.26	0.042	  155.60	100.00
 764.00	 756.74	 4.6113	34.3043	27.1740	 0.33	 14.37	0.042	  155.67	100.00
 765.00	 757.73	 4.6066	34.3053	27.1753	 0.33	 14.43	0.041	  155.64	100.00
 766.00	 758.72	 4.6005	34.3068	27.1772	 0.33	 14.21	0.040	  155.64	100.00
 767.00	 759.71	 4.5987	34.3072	27.1778	 0.33	 14.34	0.040	  155.57	100.00
 768.00	 760.70	 4.5959	34.3076	27.1784	 0.33	 14.23	0.040	  155.59	100.00
 769.00	 761.69	 4.5903	34.3079	27.1793	 0.33	 14.24	0.040	  155.66	100.00
 770.00	 762.68	 4.5821	34.3068	27.1793	 0.33	 14.27	0.040	  155.65	100.00
 771.00	 763.67	 4.5762	34.3072	27.1802	 0.33	 14.28	0.040	  155.58	100.00
 772.00	 764.65	 4.5756	34.3079	27.1808	 0.33	 14.21	0.040	  155.58	100.00
 773.00	 765.64	 4.5753	34.3083	27.1812	 0.33	 14.15	0.040	  155.60	100.00
 774.00	 766.63	 4.5756	34.3093	27.1820	 0.33	 14.23	0.042	  155.53	100.00
 775.00	 767.62	 4.5769	34.3105	27.1828	 0.33	 14.33	0.040	  155.59	100.00
 776.00	 768.61	 4.5746	34.3126	27.1847	 0.33	 14.15	0.040	  155.58	100.00
 777.00	 769.60	 4.5736	34.3132	27.1854	 0.32	 14.04	0.040	  155.59	100.00
 778.00	 770.59	 4.5735	34.3135	27.1856	 0.32	 14.13	0.042	  155.62	100.00
 779.00	 771.57	 4.5736	34.3134	27.1855	 0.33	 14.21	0.042	  155.60	100.00
 780.00	 772.56	 4.5736	34.3135	27.1856	 0.33	 14.14	0.042	  155.59	100.00
 781.00	 773.55	 4.5699	34.3142	27.1866	 0.32	 14.09	0.042	  155.56	100.00
 782.00	 774.54	 4.5677	34.3147	27.1872	 0.32	 14.09	0.041	  155.58	100.00
 783.00	 775.53	 4.5663	34.3150	27.1876	 0.33	 14.19	0.040	  155.57	100.00
 784.00	 776.52	 4.5644	34.3149	27.1878	 0.33	 14.27	0.040	  155.54	100.00
 785.00	 777.51	 4.5632	34.3151	27.1881	 0.32	 14.06	0.040	  155.53	100.00
 786.00	 778.49	 4.5639	34.3162	27.1889	 0.32	 14.10	0.040	  155.58	100.00
 787.00	 779.48	 4.5641	34.3165	27.1891	 0.32	 14.10	0.040	  155.52	100.00
 788.00	 780.47	 4.5649	34.3169	27.1894	 0.32	 14.13	0.041	  155.51	100.00
 789.00	 781.46	 4.5682	34.3188	27.1905	 0.32	 14.11	0.041	  155.60	100.00
 790.00	 782.45	 4.5746	34.3223	27.1926	 0.32	 14.10	0.040	  155.54	100.00
 791.00	 783.44	 4.5769	34.3236	27.1934	 0.32	 14.12	0.041	  155.53	100.00
 792.00	 784.43	 4.5724	34.3237	27.1940	 0.33	 14.17	0.042	  155.45	100.00
 793.00	 785.41	 4.5738	34.3248	27.1947	 0.33	 14.19	0.041	  155.54	100.00
 794.00	 786.40	 4.5711	34.3244	27.1947	 0.32	 14.10	0.041	  155.55	100.00
 795.00	 787.39	 4.5555	34.3245	27.1965	 0.33	 14.14	0.042	  155.57	100.00
 796.00	 788.38	 4.5584	34.3255	27.1969	 0.33	 14.13	0.041	  155.47	100.00
 797.00	 789.37	 4.5546	34.3251	27.1971	 0.33	 14.18	0.040	  155.49	100.00
 798.00	 790.36	 4.5535	34.3254	27.1974	 0.33	 14.14	0.040	  155.52	100.00
 799.00	 791.35	 4.5571	34.3319	27.2022	 0.33	 14.16	0.040	  155.48	100.00
 800.00	 792.33	 4.5586	34.3331	27.2030	 0.33	 14.21	0.040	  155.53	100.00
 801.00	 793.32	 4.5562	34.3332	27.2033	 0.33	 14.31	0.040	  155.43	100.00
 802.00	 794.31	 4.5543	34.3336	27.2039	 0.33	 14.20	0.041	  155.50	100.00
 803.00	 795.30	 4.5539	34.3339	27.2041	 0.33	 14.21	0.041	  155.53	100.00
 804.00	 796.29	 4.5541	34.3339	27.2041	 0.33	 14.15	0.041	  155.44	100.00
 805.00	 797.28	 4.5553	34.3349	27.2049	 0.33	 14.29	0.042	  155.42	100.00
 806.00	 798.27	 4.5568	34.3359	27.2055	 0.33	 14.35	0.041	  155.43	100.00
 807.00	 799.25	 4.5582	34.3366	27.2059	 0.33	 14.18	0.040	  155.43	100.00
 808.00	 800.24	 4.5590	34.3370	27.2061	 0.33	 14.16	0.040	  155.45	100.00
 809.00	 801.23	 4.5597	34.3374	27.2064	 0.33	 14.24	0.041	  155.43	100.00
 810.00	 802.22	 4.5620	34.3386	27.2071	 0.33	 14.41	0.042	  155.42	100.00
 811.00	 803.21	 4.5673	34.3406	27.2081	 0.33	 14.31	0.041	  155.37	100.00
 812.00	 804.20	 4.5758	34.3433	27.2093	 0.33	 14.23	0.040	  155.34	100.00
 813.00	 805.18	 4.5832	34.3465	27.2111	 0.33	 14.36	0.040	  155.36	100.00
 814.00	 806.17	 4.5865	34.3505	27.2139	 0.33	 14.43	0.041	  155.39	100.00
 815.00	 807.16	 4.5899	34.3528	27.2154	 0.33	 14.39	0.042	  155.33	100.00
 816.00	 808.15	 4.5900	34.3536	27.2160	 0.33	 14.45	0.041	  155.28	100.00
 817.00	 809.14	 4.5904	34.3537	27.2160	 0.33	 14.52	0.041	  155.31	100.00
 818.00	 810.13	 4.5904	34.3536	27.2160	 0.34	 14.61	0.041	  155.35	100.00
 819.00	 811.12	 4.5902	34.3539	27.2162	 0.33	 14.51	0.040	  155.36	100.00
 820.00	 812.10	 4.5910	34.3540	27.2163	 0.33	 14.48	0.040	  155.33	100.00
 821.00	 813.09	 4.5916	34.3541	27.2163	 0.33	 14.45	0.040	  155.30	100.00
 822.00	 814.08	 4.5919	34.3541	27.2163	 0.33	 14.56	0.040	  155.30	100.00
 823.00	 815.07	 4.5930	34.3540	27.2161	 0.34	 14.57	0.040	  155.30	100.00
 824.00	 816.06	 4.5931	34.3540	27.2161	 0.33	 14.51	0.040	  155.35	100.00
 825.00	 817.05	 4.5929	34.3542	27.2163	 0.33	 14.56	0.041	  155.30	100.00
 826.00	 818.03	 4.5928	34.3543	27.2164	 0.34	 14.61	0.042	  155.30	100.00
 827.00	 819.02	 4.5917	34.3547	27.2168	 0.34	 14.58	0.042	  155.30	100.00
 828.00	 820.01	 4.5907	34.3551	27.2172	 0.33	 14.56	0.041	  155.30	100.00
 829.00	 821.00	 4.5835	34.3563	27.2190	 0.34	 14.59	0.040	  155.30	100.00
 830.00	 821.99	 4.5748	34.3586	27.2218	 0.34	 14.61	0.040	  155.24	100.00
 831.00	 822.98	 4.5707	34.3595	27.2229	 0.34	 14.60	0.040	  155.29	100.00
 832.00	 823.96	 4.5691	34.3596	27.2232	 0.34	 14.60	0.040	  155.31	100.00
 833.00	 824.95	 4.5681	34.3597	27.2234	 0.34	 14.61	0.040	  155.26	100.00
 834.00	 825.94	 4.5628	34.3610	27.2250	 0.34	 14.62	0.041	  155.25	100.00
 835.00	 826.93	 4.5616	34.3612	27.2253	 0.34	 14.60	0.041	  155.28	100.00
 836.00	 827.92	 4.5614	34.3612	27.2254	 0.34	 14.62	0.042	  155.26	100.00
 837.00	 828.91	 4.5608	34.3614	27.2256	 0.34	 14.66	0.042	  155.22	100.00
 838.00	 829.89	 4.5594	34.3614	27.2258	 0.34	 14.66	0.041	  155.23	100.00
 839.00	 830.88	 4.5578	34.3616	27.2261	 0.34	 14.58	0.040	  155.24	100.00
 840.00	 831.87	 4.5542	34.3621	27.2269	 0.34	 14.62	0.040	  155.19	100.00
 841.00	 832.86	 4.5529	34.3623	27.2272	 0.34	 14.67	0.040	  155.17	100.00
 842.00	 833.85	 4.5511	34.3626	27.2277	 0.34	 14.71	0.041	  155.17	100.00
 843.00	 834.84	 4.5487	34.3631	27.2283	 0.34	 14.64	0.042	  155.16	100.00
 844.00	 835.83	 4.5470	34.3632	27.2286	 0.34	 14.66	0.042	  155.16	100.00
 845.00	 836.81	 4.5433	34.3637	27.2294	 0.34	 14.77	0.041	  155.24	 99.92
 846.00	 837.80	 4.5419	34.3641	27.2298	 0.34	 14.77	0.040	  155.15	 99.58
 847.00	 838.79	 4.5411	34.3641	27.2300	 0.34	 14.60	0.042	  155.15	 98.68
 848.00	 839.78	 4.5393	34.3643	27.2303	 0.34	 14.65	0.041	  155.22	 97.79
 849.00	 840.77	 4.5335	34.3650	27.2315	 0.34	 14.72	0.040	  155.19	 96.57
 850.00	 841.75	 4.5261	34.3667	27.2337	 0.34	 14.81	0.040	  155.17	 94.71
 851.00	 842.74	 4.5168	34.3685	27.2361	 0.34	 14.87	0.040	  155.15	 93.92
 852.00	 843.73	 4.5120	34.3695	27.2375	 0.34	 14.91	0.040	  155.12	 92.99
 853.00	 844.72	 4.5096	34.3700	27.2381	 0.34	 14.89	0.042	  155.08	 92.13
 854.00	 845.71	 4.5077	34.3702	27.2385	 0.34	 14.89	0.041	  155.08	 91.03
 855.00	 846.70	 4.5066	34.3703	27.2387	 0.34	 14.87	0.041	  155.08	 89.97
 856.00	 847.68	 4.5058	34.3705	27.2389	 0.34	 14.97	0.040	  155.04	 89.02
 857.00	 848.67	 4.5044	34.3707	27.2392	 0.34	 14.99	0.040	  155.03	 87.92
 858.00	 849.66	 4.5022	34.3710	27.2397	 0.34	 14.87	0.041	  155.04	 87.08
 859.00	 850.65	 4.5001	34.3712	27.2401	 0.34	 14.95	0.042	  155.00	 86.12
 860.00	 851.64	 4.4981	34.3715	27.2406	 0.35	 15.06	0.042	  154.97	 85.12
 861.00	 852.63	 4.4926	34.3716	27.2413	 0.35	 15.18	0.042	  154.95	 84.06
 862.00	 853.61	 4.4731	34.3740	27.2453	 0.35	 15.09	0.042	  155.01	 82.94
 863.00	 854.60	 4.4618	34.3756	27.2478	 0.35	 15.12	0.042	  155.07	 81.93
 864.00	 855.59	 4.4601	34.3755	27.2479	 0.35	 15.14	0.041	  155.04	 80.86
 865.00	 856.58	 4.4595	34.3756	27.2480	 0.35	 15.11	0.041	  155.08	 79.80
 866.00	 857.57	 4.4568	34.3757	27.2484	 0.35	 15.13	0.040	  155.08	 78.94
 867.00	 858.55	 4.4546	34.3763	27.2491	 0.35	 15.20	0.040	  154.98	 78.09
 868.00	 859.54	 4.4540	34.3763	27.2492	 0.35	 15.10	0.041	  155.00	 77.08
 869.00	 860.53	 4.4530	34.3765	27.2495	 0.35	 15.10	0.041	  155.08	 75.98
 870.00	 861.52	 4.4526	34.3765	27.2495	 0.35	 15.15	0.040	  155.00	 74.96
 871.00	 862.51	 4.4511	34.3768	27.2499	 0.35	 15.23	0.041	  155.02	 73.95
 872.00	 863.50	 4.4488	34.3772	27.2505	 0.35	 15.16	0.041	  155.04	 72.97
 873.00	 864.48	 4.4458	34.3776	27.2511	 0.35	 15.12	0.041	  155.04	 72.00
 874.00	 865.47	 4.4449	34.3776	27.2513	 0.35	 15.26	0.041	  154.99	 71.01
 875.00	 866.46	 4.4425	34.3777	27.2516	 0.35	 15.40	0.040	  154.98	 70.05
 876.00	 867.45	 4.4423	34.3776	27.2516	 0.35	 15.21	0.040	  155.02	 69.12
 877.00	 868.44	 4.4419	34.3777	27.2517	 0.35	 15.13	0.040	  155.06	 68.13
 878.00	 869.42	 4.4358	34.3776	27.2523	 0.35	 15.29	0.041	  155.06	 66.99
 879.00	 870.41	 4.4237	34.3785	27.2543	 0.35	 15.38	0.041	  154.96	 65.89
 880.00	 871.40	 4.4180	34.3791	27.2554	 0.35	 15.41	0.041	  155.02	 64.91
 881.00	 872.39	 4.4096	34.3798	27.2569	 0.36	 15.59	0.041	  154.97	 63.99
 882.00	 873.38	 4.4060	34.3804	27.2578	 0.36	 15.64	0.041	  154.91	 62.97
 883.00	 874.37	 4.4052	34.3804	27.2578	 0.36	 15.58	0.040	  154.88	 62.12
 884.00	 875.35	 4.3995	34.3807	27.2587	 0.36	 15.66	0.041	  154.88	 61.06
 885.00	 876.34	 4.3969	34.3812	27.2594	 0.36	 15.80	0.042	  154.99	 60.03
 886.00	 877.33	 4.3937	34.3815	27.2599	 0.36	 15.77	0.042	  154.91	 58.93
 887.00	 878.32	 4.3906	34.3818	27.2605	 0.36	 15.73	0.041	  154.86	 57.96
 888.00	 879.31	 4.3877	34.3821	27.2611	 0.36	 15.82	0.040	  154.87	 57.07
 889.00	 880.29	 4.3847	34.3822	27.2615	 0.36	 15.84	0.041	  154.92	 55.98
 890.00	 881.28	 4.3828	34.3827	27.2621	 0.36	 15.81	0.041	  154.81	 55.04
 891.00	 882.27	 4.3814	34.3828	27.2623	 0.37	 15.89	0.041	  154.84	 53.91
 892.00	 883.26	 4.3772	34.3830	27.2630	 0.37	 15.90	0.041	  154.84	 53.05
 893.00	 884.25	 4.3746	34.3832	27.2634	 0.36	 15.80	0.040	  154.86	 52.21
 894.00	 885.23	 4.3697	34.3835	27.2641	 0.36	 15.81	0.040	  154.86	 51.22
 895.00	 886.22	 4.3643	34.3843	27.2654	 0.37	 15.87	0.040	  154.81	 50.03
 896.00	 887.21	 4.3613	34.3848	27.2661	 0.37	 15.96	0.040	  154.81	 48.81
 897.00	 888.20	 4.3563	34.3853	27.2670	 0.37	 15.87	0.040	  154.84	 48.00
 898.00	 889.19	 4.3509	34.3858	27.2681	 0.37	 16.10	0.041	  154.85	 47.16
 899.00	 890.18	 4.3489	34.3859	27.2683	 0.37	 16.01	0.042	  154.82	 46.22
 900.00	 891.16	 4.3473	34.3861	27.2687	 0.37	 15.88	0.042	  154.79	 45.10
 901.00	 892.15	 4.3460	34.3861	27.2688	 0.37	 15.98	0.041	  154.80	 43.98
 902.00	 893.14	 4.3443	34.3863	27.2692	 0.37	 15.99	0.041	  154.78	 42.85
 903.00	 894.13	 4.3430	34.3864	27.2693	 0.37	 15.96	0.042	  154.81	 42.01
 904.00	 895.12	 4.3404	34.3866	27.2699	 0.37	 15.98	0.042	  154.81	 41.08
 905.00	 896.10	 4.3398	34.3866	27.2699	 0.37	 16.12	0.042	  154.80	 40.08
 906.00	 897.09	 4.3381	34.3868	27.2703	 0.37	 16.02	0.042	  154.71	 39.03
 907.00	 898.08	 4.3358	34.3867	27.2704	 0.37	 16.02	0.041	  154.81	 38.06
 908.00	 899.07	 4.3319	34.3873	27.2713	 0.37	 16.05	0.040	  154.82	 37.06
 909.00	 900.06	 4.3284	34.3872	27.2716	 0.37	 16.09	0.041	  154.72	 36.03
 910.00	 901.04	 4.3258	34.3875	27.2721	 0.37	 16.05	0.040	  154.76	 34.94
 911.00	 902.03	 4.3259	34.3876	27.2722	 0.37	 16.04	0.040	  154.73	 33.99
 912.00	 903.02	 4.3266	34.3875	27.2720	 0.37	 16.09	0.040	  154.71	 32.97
 913.00	 904.01	 4.3260	34.3876	27.2722	 0.37	 16.08	0.040	  154.80	 31.90
 914.00	 905.00	 4.3243	34.3873	27.2722	 0.37	 16.08	0.041	  154.84	 30.99
 915.00	 905.98	 4.3205	34.3876	27.2728	 0.37	 16.08	0.042	  154.73	 30.09
 916.00	 906.97	 4.3198	34.3876	27.2729	 0.37	 16.07	0.042	  154.71	 29.11
 917.00	 907.96	 4.3189	34.3878	27.2732	 0.37	 16.07	0.042	  154.76	 28.11
 918.00	 908.95	 4.3186	34.3878	27.2732	 0.37	 16.10	0.042	  154.72	 26.99
 919.00	 909.94	 4.3184	34.3878	27.2732	 0.37	 16.09	0.041	  154.72	 25.86
 920.00	 910.92	 4.3183	34.3879	27.2734	 0.37	 16.10	0.042	  154.68	 24.97
 921.00	 911.91	 4.3180	34.3879	27.2733	 0.37	 16.10	0.041	  154.76	 23.99
 922.00	 912.90	 4.3177	34.3881	27.2736	 0.37	 16.10	0.041	  154.69	 23.05
 923.00	 913.89	 4.3182	34.3881	27.2735	 0.37	 16.10	0.041	  154.71	 22.04
 924.00	 914.88	 4.3171	34.3881	27.2737	 0.37	 16.11	0.040	  154.81	 21.08
 925.00	 915.86	 4.3165	34.3881	27.2738	 0.37	 16.11	0.040	  154.72	 20.04
 926.00	 916.85	 4.3164	34.3882	27.2738	 0.37	 16.09	0.040	  154.71	 18.86
 927.00	 917.84	 4.3166	34.3882	27.2738	 0.37	 16.02	0.041	  154.71	 17.78
 928.00	 918.83	 4.3164	34.3883	27.2739	 0.37	 16.00	0.041	  154.74	 16.79
 929.00	 919.81	 4.3163	34.3881	27.2738	 0.37	 16.00	0.041	  154.68	 15.81
 930.00	 920.80	 4.3156	34.3882	27.2739	 0.37	 16.01	0.041	  154.72	 14.85
 931.00	 921.79	 4.3155	34.3881	27.2739	 0.37	 15.94	0.041	  154.67	 13.81
 932.00	 922.78	 4.3152	34.3880	27.2739	 0.37	 15.96	0.041	  154.71	 12.80
 933.00	 923.77	 4.3143	34.3882	27.2741	 0.37	 15.97	0.041	  154.65	 11.83
 934.00	 924.75	 4.3073	34.3888	27.2753	 0.37	 15.93	0.041	  154.58	 10.88
 935.00	 925.74	 4.3048	34.3890	27.2758	 0.37	 15.90	0.041	  154.23	 10.10
