* Sea-Bird SBE 9 Data:
* Software Version Seasave V 7.26.7.107
* Vessel: NOAA Ship Ronald H. Brown
* Cruise: RB2102, West Coast Ocean Acidification (WCOA) 2021
* Dates: 20210622 to 20210723
* Region: NE Pacific, USA West Coast
* Ports: San Diego, CA to Port Angeles, WA to San Diego, CA
* Chief Scientists: R. Feely, NOAA PMEL; D. Greeley, NOAA PMEL; B. Carter, NOAA PMEL / UW CICOES
* Contacts: R. Feely, richard.a.feely@noaa.gov; D. Greeley, dana.greeley@noaa.gov; B. Carter, brendan.carter@noaa.gov
* Station: 063
* Cast: 1
* Cast Date-Time [GMT]: 06-Jul-2021 19:10:45
* Longitude: -124.6036 W
* Latitude: 41.9416 N
* Water Depth [m]: 434.4
**********
* Column  1: Pressure [decibar]
* Column  2: Depth [m]
* Column  3: Temperature ITS-90 [degree C]
* Column  4: Salinity PSS-78 [psu]
* Column  5: Sigma-theta EOS-80 [kg/m^3 - 1000]
* Column  6: Oxygen [ml/L]
* Column  7: Oxygen [umol/kg]
* Column  8: Fluorescence [volts]
* Column  9: Oxygen Reduction Potential [mV]
* Column 10: Altimeter [m]
**********
*END*
   3.00	   2.98	10.0540	33.3398	25.6467	 5.41	235.57	0.165	  132.02	 99.35
   4.00	   3.97	10.0574	33.3415	25.6475	 5.52	240.27	0.160	  131.98	 99.38
   5.00	   4.96	10.2263	33.3394	25.6173	 5.80	252.68	0.159	  131.56	 99.46
   6.00	   5.95	10.2167	33.3436	25.6222	 5.74	249.95	0.146	  131.71	 99.45
   7.00	   6.95	10.1828	33.3440	25.6283	 5.63	245.18	0.174	  131.71	 99.44
   8.00	   7.94	10.0154	33.3487	25.6602	 5.42	235.92	0.153	  131.68	 99.43
   9.00	   8.93	 9.8481	33.3532	25.6917	 5.44	236.99	0.167	  131.87	 99.41
  10.00	   9.92	 9.8656	33.3637	25.6970	 5.44	236.74	0.153	  131.80	 99.39
  11.00	  10.91	 9.8892	33.3614	25.6913	 5.35	233.02	0.159	  131.88	 99.37
  12.00	  11.91	 9.6944	33.3791	25.7374	 5.35	232.89	0.146	  131.94	 99.37
  13.00	  12.90	 9.7574	33.3755	25.7243	 5.31	231.26	0.148	  131.91	 99.35
  14.00	  13.89	 9.3631	33.3898	25.7998	 4.96	215.73	0.140	  131.85	 99.34
  15.00	  14.88	 8.9688	33.4031	25.8729	 4.71	205.25	0.128	  132.20	 99.34
  16.00	  15.87	 8.8837	33.4507	25.9235	 4.65	202.26	0.084	  132.34	 99.33
  17.00	  16.87	 8.9125	33.4509	25.9192	 4.52	196.81	0.081	  132.25	 99.31
  18.00	  17.86	 8.8116	33.4832	25.9602	 4.49	195.62	0.070	  132.36	 99.32
  19.00	  18.85	 8.7992	33.4909	25.9682	 4.47	194.64	0.058	  132.36	 99.32
  20.00	  19.84	 8.7999	33.4939	25.9705	 4.46	194.27	0.058	  132.41	 99.32
  21.00	  20.83	 8.8044	33.4955	25.9711	 4.44	193.09	0.057	  132.39	 99.33
  22.00	  21.83	 8.7905	33.5038	25.9798	 4.40	191.59	0.065	  132.42	 99.34
  23.00	  22.82	 8.7695	33.5175	25.9937	 4.38	190.79	0.056	  132.41	 99.34
  24.00	  23.81	 8.7661	33.5215	25.9974	 4.37	190.07	0.053	  132.45	 99.34
  25.00	  24.80	 8.7495	33.5297	26.0065	 4.34	188.76	0.056	  132.41	 99.34
  26.00	  25.79	 8.7433	33.5377	26.0137	 4.31	187.48	0.053	  132.54	 99.34
  27.00	  26.79	 8.7242	33.5512	26.0272	 4.29	186.53	0.051	  132.52	 99.34
  28.00	  27.78	 8.7256	33.5518	26.0275	 4.25	184.92	0.058	  132.55	 99.36
  29.00	  28.77	 8.6975	33.5670	26.0437	 4.22	183.77	0.050	  132.51	 99.36
  30.00	  29.76	 8.6854	33.5700	26.0480	 4.21	183.29	0.049	  132.57	 99.37
  31.00	  30.75	 8.6774	33.5724	26.0512	 4.20	182.97	0.049	  132.57	 99.37
  32.00	  31.75	 8.6739	33.5738	26.0528	 4.15	180.64	0.049	  132.57	 99.37
  33.00	  32.74	 8.6183	33.5936	26.0769	 4.07	177.33	0.049	  132.64	 99.37
  34.00	  33.73	 8.5584	33.6232	26.1093	 4.04	175.73	0.046	  132.66	 99.37
  35.00	  34.72	 8.5386	33.6333	26.1202	 3.95	172.08	0.045	  132.71	 99.39
  36.00	  35.71	 8.4914	33.6603	26.1486	 3.91	170.09	0.044	  132.74	 99.39
  37.00	  36.71	 8.4745	33.6665	26.1560	 3.89	169.30	0.044	  132.75	 99.40
  38.00	  37.70	 8.4714	33.6686	26.1582	 3.86	167.89	0.044	  132.78	 99.41
  39.00	  38.69	 8.4396	33.6829	26.1742	 3.80	165.25	0.043	  132.74	 99.41
  40.00	  39.68	 8.4130	33.7010	26.1925	 3.77	163.99	0.043	  132.82	 99.42
  41.00	  40.67	 8.4090	33.7068	26.1977	 3.74	162.59	0.042	  132.82	 99.44
  42.00	  41.67	 8.4044	33.7095	26.2006	 3.71	161.36	0.042	  132.77	 91.46
  43.00	  42.66	 8.3938	33.7181	26.2089	 3.69	160.49	0.042	  132.81	 99.06
  44.00	  43.65	 8.3860	33.7285	26.2183	 3.65	159.01	0.043	  132.84	 99.45
  45.00	  44.64	 8.3892	33.7379	26.2251	 3.62	157.72	0.042	  132.84	 99.46
  46.00	  45.63	 8.3903	33.7418	26.2281	 3.59	156.13	0.042	  132.83	 99.46
  47.00	  46.63	 8.3913	33.7483	26.2330	 3.55	154.28	0.042	  132.79	 90.73
  48.00	  47.62	 8.3986	33.7610	26.2419	 3.52	153.29	0.042	  132.86	 98.66
  49.00	  48.61	 8.4025	33.7655	26.2448	 3.49	151.84	0.041	  132.85	 98.95
  50.00	  49.60	 8.4049	33.7699	26.2480	 3.47	151.00	0.042	  132.88	 99.48
  51.00	  50.59	 8.4072	33.7746	26.2513	 3.44	149.92	0.042	  132.89	 99.49
  52.00	  51.59	 8.4089	33.7828	26.2575	 3.40	147.77	0.042	  132.85	 99.50
  53.00	  52.58	 8.4082	33.7954	26.2675	 3.36	146.40	0.042	  132.87	 99.51
  54.00	  53.57	 8.4071	33.7991	26.2706	 3.35	145.76	0.042	  132.85	 99.51
  55.00	  54.56	 8.4063	33.8020	26.2730	 3.33	144.94	0.042	  132.89	 99.52
  56.00	  55.55	 8.4054	33.8062	26.2764	 3.31	144.04	0.042	  132.84	 99.53
  57.00	  56.55	 8.4046	33.8089	26.2787	 3.29	143.19	0.042	  132.84	 99.54
  58.00	  57.54	 8.4043	33.8138	26.2826	 3.28	142.52	0.042	  132.85	 99.53
  59.00	  58.53	 8.4055	33.8185	26.2861	 3.26	141.89	0.042	  132.90	 99.54
  60.00	  59.52	 8.4053	33.8224	26.2892	 3.24	140.84	0.042	  132.91	 99.54
  61.00	  60.51	 8.4057	33.8263	26.2922	 3.21	139.65	0.042	  132.88	 99.54
  62.00	  61.50	 8.4050	33.8305	26.2956	 3.19	138.78	0.042	  132.90	 99.54
  63.00	  62.50	 8.4010	33.8352	26.3000	 3.17	138.16	0.042	  132.88	 99.54
  64.00	  63.49	 8.3895	33.8439	26.3086	 3.16	137.47	0.042	  132.89	 99.55
  65.00	  64.48	 8.3823	33.8500	26.3144	 3.13	136.00	0.042	  132.89	 99.56
  66.00	  65.47	 8.3748	33.8534	26.3183	 3.12	135.55	0.042	  132.95	 99.56
  67.00	  66.46	 8.3704	33.8552	26.3204	 3.11	135.42	0.042	  132.96	 99.56
  68.00	  67.46	 8.3602	33.8566	26.3230	 3.11	135.22	0.042	  132.91	 99.56
  69.00	  68.45	 8.3538	33.8581	26.3252	 3.10	135.01	0.042	  132.96	 99.56
  70.00	  69.44	 8.3494	33.8592	26.3267	 3.10	134.73	0.042	  132.99	 99.56
  71.00	  70.43	 8.3475	33.8604	26.3280	 3.08	134.16	0.042	  132.93	 99.57
  72.00	  71.42	 8.3377	33.8650	26.3331	 3.07	133.77	0.042	  132.98	 99.57
  73.00	  72.42	 8.3328	33.8673	26.3356	 3.06	133.26	0.042	  132.96	 99.57
  74.00	  73.41	 8.3302	33.8682	26.3367	 3.05	132.60	0.041	  132.93	 99.58
  75.00	  74.40	 8.3184	33.8747	26.3436	 3.03	132.05	0.041	  132.99	 99.58
  76.00	  75.39	 8.3119	33.8791	26.3481	 3.03	131.73	0.042	  132.95	 99.58
  77.00	  76.38	 8.3108	33.8801	26.3491	 3.02	131.26	0.041	  132.98	 99.58
  78.00	  77.37	 8.3100	33.8808	26.3497	 3.01	130.94	0.041	  132.96	 99.58
  79.00	  78.37	 8.3073	33.8822	26.3513	 3.00	130.54	0.041	  132.94	 99.58
  80.00	  79.36	 8.3056	33.8838	26.3528	 2.99	130.09	0.042	  132.92	 99.58
  81.00	  80.35	 8.3044	33.8865	26.3551	 2.98	129.72	0.042	  132.99	 99.58
  82.00	  81.34	 8.3027	33.8889	26.3573	 2.98	129.53	0.041	  133.00	 99.58
  83.00	  82.33	 8.3004	33.8902	26.3587	 2.97	129.09	0.041	  132.96	 99.59
  84.00	  83.32	 8.3003	33.8920	26.3601	 2.95	128.57	0.041	  132.98	 99.60
  85.00	  84.32	 8.2996	33.8936	26.3615	 2.94	127.84	0.041	  132.99	 99.60
  86.00	  85.31	 8.3010	33.8959	26.3630	 2.91	126.57	0.041	  132.94	 99.60
  87.00	  86.30	 8.2996	33.9045	26.3700	 2.88	125.39	0.041	  132.95	 99.60
  88.00	  87.29	 8.2912	33.9154	26.3799	 2.84	123.64	0.040	  132.98	 99.61
  89.00	  88.28	 8.2819	33.9207	26.3854	 2.80	121.84	0.040	  133.03	 99.61
  90.00	  89.28	 8.2733	33.9218	26.3876	 2.76	120.07	0.040	  133.01	 99.62
  91.00	  90.27	 8.2556	33.9225	26.3908	 2.72	118.30	0.040	  133.04	 99.62
  92.00	  91.26	 8.2142	33.9318	26.4044	 2.69	117.02	0.040	  133.01	 99.63
  93.00	  92.25	 8.1887	33.9391	26.4139	 2.66	115.62	0.041	  133.04	 99.63
  94.00	  93.24	 8.1798	33.9428	26.4182	 2.62	114.16	0.040	  133.01	 99.65
  95.00	  94.23	 8.1773	33.9449	26.4202	 2.61	113.47	0.040	  133.01	 99.66
  96.00	  95.23	 8.1748	33.9464	26.4218	 2.59	112.65	0.040	  132.98	 99.66
  97.00	  96.22	 8.1694	33.9495	26.4251	 2.57	111.74	0.040	  132.98	 99.66
  98.00	  97.21	 8.1352	33.9507	26.4311	 2.55	111.10	0.040	  133.03	 99.67
  99.00	  98.20	 8.1145	33.9530	26.4361	 2.54	110.66	0.040	  133.01	 99.67
 100.00	  99.19	 8.1066	33.9544	26.4383	 2.53	110.28	0.040	  133.03	 99.68
 101.00	 100.18	 8.1041	33.9551	26.4392	 2.52	109.85	0.040	  133.02	 99.68
 102.00	 101.18	 8.1013	33.9562	26.4406	 2.51	109.33	0.040	  133.00	 99.68
 103.00	 102.17	 8.0977	33.9584	26.4428	 2.50	108.56	0.040	  133.01	 99.68
 104.00	 103.16	 8.0888	33.9620	26.4470	 2.48	107.73	0.040	  133.00	 99.68
 105.00	 104.15	 8.0818	33.9642	26.4497	 2.45	106.58	0.040	  132.99	 99.68
 106.00	 105.14	 8.0633	33.9694	26.4566	 2.42	105.37	0.041	  133.04	 99.68
 107.00	 106.13	 8.0478	33.9770	26.4649	 2.38	103.64	0.040	  133.06	 99.69
 108.00	 107.13	 8.0358	33.9840	26.4722	 2.34	101.65	0.040	  133.04	 99.71
 109.00	 108.12	 8.0311	33.9868	26.4751	 2.31	100.69	0.040	  133.05	 99.71
 110.00	 109.11	 8.0283	33.9905	26.4784	 2.29	 99.62	0.040	  133.09	 99.71
 111.00	 110.10	 8.0332	33.9926	26.4794	 2.27	 98.59	0.040	  133.09	 99.72
 112.00	 111.09	 8.0355	33.9935	26.4798	 2.25	 97.73	0.040	  133.07	 99.73
 113.00	 112.08	 8.0367	33.9953	26.4810	 2.22	 96.37	0.041	  133.11	 99.73
 114.00	 113.08	 8.0423	33.9998	26.4837	 2.19	 95.28	0.041	  133.10	 99.73
 115.00	 114.07	 8.0507	34.0033	26.4852	 2.18	 94.73	0.040	  133.06	 99.73
 116.00	 115.06	 8.0518	34.0041	26.4857	 2.17	 94.24	0.040	  133.05	 99.74
 117.00	 116.05	 8.0500	34.0050	26.4867	 2.15	 93.42	0.041	  133.08	 99.76
 118.00	 117.04	 8.0477	34.0053	26.4873	 2.13	 92.60	0.040	  133.13	 99.76
 119.00	 118.03	 8.0445	34.0074	26.4894	 2.11	 91.79	0.040	  133.09	 99.76
 120.00	 119.02	 8.0414	34.0090	26.4912	 2.09	 91.06	0.040	  133.12	 99.76
 121.00	 120.02	 8.0275	34.0133	26.4966	 2.08	 90.55	0.040	  133.10	 99.76
 122.00	 121.01	 8.0175	34.0149	26.4994	 2.07	 89.94	0.040	  133.09	 99.76
 123.00	 122.00	 8.0119	34.0164	26.5014	 2.05	 88.98	0.040	  133.09	 99.77
 124.00	 122.99	 8.0122	34.0183	26.5029	 2.03	 88.45	0.040	  133.06	 99.77
 125.00	 123.98	 8.0079	34.0187	26.5039	 2.03	 88.13	0.040	  133.10	 99.78
 126.00	 124.97	 8.0038	34.0196	26.5052	 2.02	 87.86	0.040	  133.11	 99.78
 127.00	 125.97	 7.9992	34.0202	26.5063	 2.02	 87.69	0.040	  133.10	 99.78
 128.00	 126.96	 7.9961	34.0203	26.5068	 2.00	 87.12	0.040	  133.09	 99.78
 129.00	 127.95	 7.9877	34.0201	26.5079	 1.99	 86.56	0.040	  133.08	 99.78
 130.00	 128.94	 7.9769	34.0205	26.5098	 1.98	 86.30	0.040	  133.06	 99.78
 131.00	 129.93	 7.9688	34.0226	26.5127	 1.98	 86.00	0.040	  133.09	 99.78
 132.00	 130.92	 7.9670	34.0227	26.5131	 1.97	 85.73	0.040	  133.09	 99.78
 133.00	 131.92	 7.9604	34.0243	26.5153	 1.96	 85.44	0.040	  133.10	 99.78
 134.00	 132.91	 7.9583	34.0250	26.5162	 1.95	 85.00	0.041	  133.07	 99.78
 135.00	 133.90	 7.9560	34.0265	26.5178	 1.94	 84.38	0.040	  133.09	 99.78
 136.00	 134.89	 7.9579	34.0289	26.5194	 1.93	 83.93	0.040	  133.06	 99.78
 137.00	 135.88	 7.9588	34.0300	26.5201	 1.92	 83.52	0.040	  133.11	 99.78
 138.00	 136.87	 7.9566	34.0309	26.5212	 1.91	 83.24	0.041	  133.08	 99.79
 139.00	 137.86	 7.9503	34.0321	26.5230	 1.91	 83.18	0.041	  133.12	 99.80
 140.00	 138.86	 7.9422	34.0324	26.5245	 1.91	 83.12	0.040	  133.12	 99.80
 141.00	 139.85	 7.9337	34.0324	26.5258	 1.91	 83.04	0.040	  133.06	 99.80
 142.00	 140.84	 7.9276	34.0328	26.5270	 1.91	 83.04	0.040	  133.10	 99.80
 143.00	 141.83	 7.9222	34.0326	26.5277	 1.91	 82.96	0.040	  133.10	 99.80
 144.00	 142.82	 7.9134	34.0335	26.5297	 1.91	 82.89	0.040	  133.08	 99.80
 145.00	 143.81	 7.9091	34.0344	26.5310	 1.90	 82.67	0.041	  133.11	 99.80
 146.00	 144.80	 7.9051	34.0353	26.5323	 1.89	 82.36	0.041	  133.10	 99.80
 147.00	 145.80	 7.8932	34.0354	26.5341	 1.89	 82.06	0.040	  133.08	 99.80
 148.00	 146.79	 7.8788	34.0366	26.5372	 1.88	 81.91	0.040	  133.11	 99.80
 149.00	 147.78	 7.8714	34.0367	26.5384	 1.88	 81.75	0.040	  133.11	 99.80
 150.00	 148.77	 7.8629	34.0365	26.5395	 1.88	 81.71	0.040	  133.11	 99.80
 151.00	 149.76	 7.8539	34.0371	26.5413	 1.88	 81.61	0.040	  133.14	 99.80
 152.00	 150.75	 7.8437	34.0373	26.5429	 1.87	 81.55	0.040	  133.16	 99.80
 153.00	 151.74	 7.8339	34.0370	26.5442	 1.87	 81.43	0.040	  133.14	 99.80
 154.00	 152.74	 7.8264	34.0372	26.5454	 1.87	 81.32	0.040	  133.14	 99.80
 155.00	 153.73	 7.8255	34.0374	26.5457	 1.87	 81.23	0.040	  133.15	 99.80
 156.00	 154.72	 7.8255	34.0374	26.5458	 1.87	 81.19	0.040	  133.12	 99.80
 157.00	 155.71	 7.8249	34.0375	26.5459	 1.87	 81.23	0.040	  133.12	 99.80
 158.00	 156.70	 7.8253	34.0375	26.5459	 1.87	 81.23	0.040	  133.11	 99.80
 159.00	 157.69	 7.8252	34.0375	26.5459	 1.87	 81.16	0.041	  133.11	 99.80
 160.00	 158.68	 7.8229	34.0367	26.5457	 1.86	 80.95	0.041	  133.08	 99.80
 161.00	 159.68	 7.8032	34.0368	26.5486	 1.86	 80.90	0.040	  133.10	 99.80
 162.00	 160.67	 7.8023	34.0374	26.5492	 1.86	 80.91	0.040	  133.13	 99.80
 163.00	 161.66	 7.8030	34.0371	26.5489	 1.86	 80.83	0.040	  133.08	 99.80
 164.00	 162.65	 7.8007	34.0373	26.5494	 1.86	 80.74	0.040	  133.07	 99.80
 165.00	 163.64	 7.7918	34.0372	26.5507	 1.85	 80.59	0.040	  133.09	 99.80
 166.00	 164.63	 7.7886	34.0375	26.5513	 1.85	 80.49	0.040	  133.08	 99.80
 167.00	 165.62	 7.7854	34.0371	26.5515	 1.85	 80.41	0.040	  133.08	 99.80
 168.00	 166.62	 7.7772	34.0367	26.5524	 1.85	 80.32	0.040	  133.12	 99.80
 169.00	 167.61	 7.7725	34.0366	26.5531	 1.84	 80.22	0.040	  133.12	 99.80
 170.00	 168.60	 7.7687	34.0366	26.5536	 1.84	 79.98	0.040	  133.08	 99.81
 171.00	 169.59	 7.7671	34.0364	26.5537	 1.84	 79.89	0.040	  133.04	 99.81
 172.00	 170.58	 7.7675	34.0374	26.5544	 1.84	 79.85	0.040	  133.08	 99.81
 173.00	 171.57	 7.7687	34.0376	26.5544	 1.83	 79.73	0.040	  133.07	 99.81
 174.00	 172.56	 7.7704	34.0398	26.5559	 1.83	 79.44	0.040	  133.11	 99.81
 175.00	 173.55	 7.7622	34.0413	26.5583	 1.82	 79.18	0.040	  133.10	 99.81
 176.00	 174.55	 7.7540	34.0422	26.5602	 1.82	 79.04	0.040	  133.09	 99.81
 177.00	 175.54	 7.7423	34.0419	26.5617	 1.81	 78.87	0.040	  133.11	 99.82
 178.00	 176.53	 7.7277	34.0406	26.5628	 1.81	 78.74	0.040	  133.10	 99.82
 179.00	 177.52	 7.7247	34.0409	26.5635	 1.81	 78.58	0.040	  133.10	 99.82
 180.00	 178.51	 7.7229	34.0406	26.5636	 1.80	 78.46	0.041	  133.11	 99.82
 181.00	 179.50	 7.7210	34.0404	26.5637	 1.80	 78.41	0.040	  133.10	 99.82
 182.00	 180.49	 7.7184	34.0404	26.5640	 1.80	 78.30	0.040	  133.13	 99.82
 183.00	 181.49	 7.7168	34.0405	26.5643	 1.80	 78.19	0.040	  133.10	 99.82
 184.00	 182.48	 7.7125	34.0406	26.5651	 1.80	 78.24	0.040	  133.10	 99.82
 185.00	 183.47	 7.7101	34.0411	26.5659	 1.80	 78.20	0.041	  133.12	 99.82
 186.00	 184.46	 7.7124	34.0409	26.5654	 1.80	 78.16	0.041	  133.09	 99.82
 187.00	 185.45	 7.7120	34.0410	26.5655	 1.80	 78.14	0.041	  133.09	 99.83
 188.00	 186.44	 7.7103	34.0411	26.5659	 1.80	 78.10	0.041	  133.09	 99.82
 189.00	 187.43	 7.7103	34.0411	26.5659	 1.80	 78.11	0.040	  133.11	 99.83
 190.00	 188.42	 7.7110	34.0410	26.5657	 1.80	 78.10	0.040	  133.07	 99.82
 191.00	 189.42	 7.7114	34.0410	26.5656	 1.79	 77.99	0.040	  133.08	 99.83
 192.00	 190.41	 7.7066	34.0412	26.5665	 1.79	 77.90	0.040	  133.10	 99.83
 193.00	 191.40	 7.7006	34.0428	26.5686	 1.79	 77.76	0.040	  133.06	 99.83
 194.00	 192.39	 7.6992	34.0431	26.5691	 1.79	 77.66	0.040	  133.08	 99.83
 195.00	 193.38	 7.6990	34.0431	26.5692	 1.78	 77.60	0.040	  133.05	 99.83
 196.00	 194.37	 7.6986	34.0432	26.5693	 1.78	 77.55	0.040	  133.06	 99.83
 197.00	 195.36	 7.6980	34.0433	26.5695	 1.78	 77.46	0.040	  133.06	 99.83
 198.00	 196.35	 7.6976	34.0436	26.5698	 1.78	 77.49	0.040	  133.08	 99.83
 199.00	 197.35	 7.6976	34.0439	26.5700	 1.78	 77.43	0.040	  133.06	 99.83
 200.00	 198.34	 7.6979	34.0440	26.5701	 1.77	 77.20	0.040	  133.05	 99.83
 201.00	 199.33	 7.6984	34.0443	26.5702	 1.77	 77.13	0.040	  133.08	 99.83
 202.00	 200.32	 7.6987	34.0447	26.5706	 1.77	 77.15	0.040	  133.06	 99.83
 203.00	 201.31	 7.6989	34.0450	26.5707	 1.77	 77.14	0.041	  133.05	 99.83
 204.00	 202.30	 7.6990	34.0449	26.5707	 1.77	 77.18	0.040	  133.03	 99.83
 205.00	 203.29	 7.6991	34.0448	26.5706	 1.77	 77.17	0.040	  133.00	 99.83
 206.00	 204.28	 7.6990	34.0448	26.5707	 1.77	 77.02	0.040	  133.06	 99.83
 207.00	 205.27	 7.6994	34.0452	26.5709	 1.77	 76.98	0.040	  133.01	 99.83
 208.00	 206.27	 7.7002	34.0457	26.5712	 1.77	 76.85	0.040	  132.99	 99.83
 209.00	 207.26	 7.7010	34.0467	26.5719	 1.76	 76.71	0.040	  132.98	 99.83
 210.00	 208.25	 7.7006	34.0474	26.5725	 1.76	 76.66	0.040	  132.95	 99.83
 211.00	 209.24	 7.6999	34.0475	26.5727	 1.76	 76.70	0.040	  133.05	 99.83
 212.00	 210.23	 7.6925	34.0469	26.5733	 1.77	 76.79	0.040	  133.05	 99.83
 213.00	 211.22	 7.6787	34.0465	26.5750	 1.77	 76.94	0.040	  132.99	 99.83
 214.00	 212.21	 7.6646	34.0449	26.5758	 1.77	 77.11	0.040	  132.99	 99.83
 215.00	 213.20	 7.6538	34.0439	26.5766	 1.77	 77.17	0.040	  133.00	 99.83
 216.00	 214.19	 7.6381	34.0440	26.5790	 1.77	 77.12	0.040	  132.98	 99.83
 217.00	 215.19	 7.6361	34.0454	26.5804	 1.77	 77.14	0.040	  133.05	 99.83
 218.00	 216.18	 7.6355	34.0450	26.5801	 1.77	 76.97	0.040	  133.00	 99.83
 219.00	 217.17	 7.6356	34.0457	26.5807	 1.76	 76.64	0.040	  132.98	 99.83
 220.00	 218.16	 7.6357	34.0468	26.5815	 1.75	 76.26	0.042	  132.97	 99.83
 221.00	 219.15	 7.6369	34.0482	26.5825	 1.75	 76.07	0.041	  133.01	 99.83
 222.00	 220.14	 7.6358	34.0484	26.5828	 1.75	 76.02	0.040	  132.98	 99.83
 223.00	 221.13	 7.6349	34.0484	26.5829	 1.75	 75.96	0.040	  132.97	 99.83
 224.00	 222.12	 7.6342	34.0483	26.5830	 1.74	 75.90	0.040	  133.00	 99.83
 225.00	 223.11	 7.6324	34.0479	26.5829	 1.74	 75.89	0.040	  132.97	 99.83
 226.00	 224.11	 7.6304	34.0478	26.5832	 1.74	 75.86	0.040	  133.01	 99.83
 227.00	 225.10	 7.6307	34.0479	26.5833	 1.74	 75.85	0.040	  132.95	 99.83
 228.00	 226.09	 7.6309	34.0483	26.5835	 1.74	 75.83	0.040	  133.07	 99.83
 229.00	 227.08	 7.6300	34.0480	26.5835	 1.74	 75.84	0.041	  132.99	 99.83
 230.00	 228.07	 7.6220	34.0475	26.5842	 1.74	 75.76	0.041	  132.98	 99.83
 231.00	 229.06	 7.6203	34.0475	26.5844	 1.74	 75.82	0.040	  132.93	 99.83
 232.00	 230.05	 7.6156	34.0473	26.5850	 1.74	 75.81	0.040	  132.96	 99.83
 233.00	 231.04	 7.6099	34.0478	26.5862	 1.74	 75.71	0.040	  132.97	 99.83
 234.00	 232.03	 7.6078	34.0482	26.5868	 1.74	 75.60	0.040	  133.03	 99.83
 235.00	 233.03	 7.6062	34.0482	26.5871	 1.73	 75.38	0.040	  132.99	 99.83
 236.00	 234.02	 7.6028	34.0484	26.5877	 1.73	 75.09	0.040	  132.96	 99.83
 237.00	 235.01	 7.5946	34.0501	26.5902	 1.72	 74.97	0.040	  132.95	 99.83
 238.00	 236.00	 7.5880	34.0515	26.5923	 1.72	 74.81	0.040	  132.98	 99.83
 239.00	 236.99	 7.5861	34.0514	26.5925	 1.72	 74.65	0.040	  132.98	 99.83
 240.00	 237.98	 7.5831	34.0514	26.5930	 1.72	 74.61	0.040	  132.92	 99.83
 241.00	 238.97	 7.5778	34.0512	26.5936	 1.72	 74.66	0.040	  132.95	 99.83
 242.00	 239.96	 7.5753	34.0516	26.5943	 1.72	 74.68	0.040	  132.97	 99.83
 243.00	 240.95	 7.5709	34.0510	26.5944	 1.72	 74.68	0.040	  132.95	 99.83
 244.00	 241.94	 7.5686	34.0515	26.5952	 1.72	 74.67	0.040	  132.94	 99.83
 245.00	 242.94	 7.5654	34.0514	26.5955	 1.72	 74.72	0.040	  132.96	 99.83
 246.00	 243.93	 7.5619	34.0516	26.5963	 1.72	 74.70	0.040	  132.99	 99.83
 247.00	 244.92	 7.5576	34.0515	26.5968	 1.71	 74.54	0.040	  132.95	 99.83
 248.00	 245.91	 7.5490	34.0523	26.5987	 1.71	 74.54	0.040	  132.92	 99.83
 249.00	 246.90	 7.5472	34.0524	26.5990	 1.71	 74.42	0.040	  133.02	 99.83
 250.00	 247.89	 7.5450	34.0526	26.5995	 1.71	 74.38	0.040	  132.92	 99.83
 251.00	 248.88	 7.5428	34.0524	26.5997	 1.71	 74.43	0.040	  132.98	 99.83
 252.00	 249.87	 7.5414	34.0526	26.6000	 1.71	 74.41	0.040	  132.91	 99.83
 253.00	 250.86	 7.5401	34.0528	26.6004	 1.71	 74.38	0.040	  132.96	 99.83
 254.00	 251.85	 7.5373	34.0529	26.6009	 1.70	 74.17	0.040	  132.93	 99.83
 255.00	 252.85	 7.5331	34.0534	26.6019	 1.70	 74.03	0.040	  132.94	 99.83
 256.00	 253.84	 7.5314	34.0534	26.6022	 1.70	 73.87	0.040	  133.00	 99.83
 257.00	 254.83	 7.5267	34.0535	26.6029	 1.69	 73.72	0.040	  132.92	 99.83
 258.00	 255.82	 7.5157	34.0545	26.6053	 1.69	 73.70	0.040	  132.94	 99.83
 259.00	 256.81	 7.5122	34.0555	26.6066	 1.69	 73.60	0.040	  132.96	 99.83
 260.00	 257.80	 7.5123	34.0555	26.6066	 1.69	 73.48	0.040	  132.98	 99.83
 261.00	 258.79	 7.5117	34.0556	26.6068	 1.69	 73.35	0.040	  132.97	 99.83
 262.00	 259.78	 7.5110	34.0558	26.6070	 1.68	 73.21	0.042	  132.96	 99.84
 263.00	 260.77	 7.5084	34.0560	26.6076	 1.68	 73.15	0.040	  132.89	 99.84
 264.00	 261.76	 7.5022	34.0566	26.6089	 1.68	 73.08	0.040	  132.93	 99.83
 265.00	 262.75	 7.4960	34.0573	26.6104	 1.68	 72.95	0.040	  132.91	 99.84
 266.00	 263.75	 7.4948	34.0575	26.6108	 1.67	 72.81	0.040	  132.87	 99.84
 267.00	 264.74	 7.4945	34.0576	26.6108	 1.67	 72.76	0.040	  132.95	 99.84
 268.00	 265.73	 7.4942	34.0576	26.6110	 1.67	 72.58	0.040	  132.91	 99.84
 269.00	 266.72	 7.4911	34.0579	26.6116	 1.66	 72.41	0.040	  132.93	 99.84
 270.00	 267.71	 7.4831	34.0588	26.6135	 1.66	 72.37	0.040	  132.85	 99.84
 271.00	 268.70	 7.4812	34.0594	26.6142	 1.66	 72.27	0.040	  132.92	 99.84
 272.00	 269.69	 7.4812	34.0594	26.6143	 1.66	 72.19	0.040	  132.86	 99.85
 273.00	 270.68	 7.4796	34.0595	26.6146	 1.66	 72.02	0.040	  132.98	 99.84
 274.00	 271.67	 7.4765	34.0599	26.6153	 1.65	 71.88	0.040	  132.95	 99.85
 275.00	 272.66	 7.4732	34.0604	26.6162	 1.65	 71.65	0.040	  132.94	 99.85
 276.00	 273.65	 7.4725	34.0604	26.6163	 1.64	 71.39	0.040	  132.91	 99.85
 277.00	 274.64	 7.4648	34.0610	26.6179	 1.64	 71.21	0.040	  132.90	 99.85
 278.00	 275.64	 7.4577	34.0625	26.6201	 1.63	 70.99	0.040	  132.95	 99.85
 279.00	 276.63	 7.4534	34.0629	26.6211	 1.63	 70.79	0.040	  132.92	 99.85
 280.00	 277.62	 7.4456	34.0638	26.6229	 1.62	 70.47	0.040	  132.89	 99.85
 281.00	 278.61	 7.4393	34.0648	26.6246	 1.62	 70.30	0.040	  132.92	 99.85
 282.00	 279.60	 7.4336	34.0654	26.6258	 1.61	 70.02	0.040	  132.87	 99.85
 283.00	 280.59	 7.4223	34.0657	26.6277	 1.60	 69.71	0.040	  132.92	 99.85
 284.00	 281.58	 7.4185	34.0665	26.6289	 1.60	 69.55	0.040	  132.98	 99.85
 285.00	 282.57	 7.4176	34.0666	26.6291	 1.59	 69.28	0.040	  132.92	 99.85
 286.00	 283.56	 7.4077	34.0662	26.6302	 1.59	 69.04	0.040	  132.90	 99.85
 287.00	 284.55	 7.3964	34.0678	26.6330	 1.58	 68.83	0.040	  132.93	 99.85
 288.00	 285.54	 7.3945	34.0681	26.6336	 1.58	 68.62	0.040	  132.90	 99.85
 289.00	 286.53	 7.3904	34.0693	26.6351	 1.57	 68.48	0.040	  132.94	 99.85
 290.00	 287.53	 7.3896	34.0694	26.6353	 1.57	 68.33	0.041	  132.91	 99.85
 291.00	 288.52	 7.3847	34.0697	26.6363	 1.57	 68.22	0.041	  132.88	 99.85
 292.00	 289.51	 7.3812	34.0704	26.6373	 1.56	 68.02	0.040	  132.89	 99.85
 293.00	 290.50	 7.3778	34.0707	26.6380	 1.56	 67.77	0.040	  132.89	 99.85
 294.00	 291.49	 7.3774	34.0711	26.6384	 1.55	 67.59	0.040	  132.88	 99.85
 295.00	 292.48	 7.3751	34.0718	26.6393	 1.55	 67.56	0.040	  132.89	 99.85
 296.00	 293.47	 7.3737	34.0720	26.6397	 1.55	 67.48	0.040	  132.89	 99.86
 297.00	 294.46	 7.3677	34.0719	26.6405	 1.55	 67.38	0.040	  132.86	 99.86
 298.00	 295.45	 7.3643	34.0725	26.6414	 1.55	 67.23	0.040	  132.88	 99.86
 299.00	 296.44	 7.3622	34.0728	26.6420	 1.54	 67.09	0.041	  132.84	 99.86
 300.00	 297.43	 7.3598	34.0733	26.6427	 1.54	 66.96	0.040	  132.87	 99.86
 301.00	 298.42	 7.3580	34.0736	26.6432	 1.54	 66.91	0.040	  132.88	 99.87
 302.00	 299.41	 7.3577	34.0737	26.6433	 1.54	 66.87	0.040	  132.92	 99.86
 303.00	 300.40	 7.3567	34.0738	26.6436	 1.53	 66.73	0.040	  132.92	 99.86
 304.00	 301.40	 7.3542	34.0744	26.6445	 1.53	 66.52	0.040	  132.92	 99.86
 305.00	 302.39	 7.3500	34.0744	26.6450	 1.52	 66.25	0.040	  132.91	 99.86
 306.00	 303.38	 7.3391	34.0761	26.6479	 1.52	 65.95	0.040	  132.88	 99.86
 307.00	 304.37	 7.3349	34.0781	26.6501	 1.51	 65.63	0.040	  132.89	 99.87
 308.00	 305.36	 7.3318	34.0797	26.6518	 1.50	 65.37	0.040	  132.89	 99.87
 309.00	 306.35	 7.3302	34.0803	26.6525	 1.50	 65.21	0.041	  132.87	 99.87
 310.00	 307.34	 7.3231	34.0793	26.6527	 1.50	 65.09	0.041	  132.89	 99.88
 311.00	 308.33	 7.3096	34.0788	26.6543	 1.49	 64.95	0.040	  132.85	 99.87
 312.00	 309.32	 7.2977	34.0792	26.6562	 1.49	 64.61	0.040	  132.90	 99.88
 313.00	 310.31	 7.2822	34.0758	26.6557	 1.47	 64.16	0.040	  132.91	 99.88
 314.00	 311.30	 7.2313	34.0804	26.6665	 1.47	 63.98	0.040	  132.93	 99.88
 315.00	 312.29	 7.2303	34.0807	26.6668	 1.47	 63.85	0.040	  132.88	 99.88
 316.00	 313.28	 7.2318	34.0806	26.6665	 1.47	 63.74	0.040	  132.86	 99.88
 317.00	 314.27	 7.2311	34.0806	26.6667	 1.46	 63.69	0.040	  132.88	 99.88
 318.00	 315.26	 7.2311	34.0805	26.6666	 1.46	 63.65	0.040	  132.87	 99.88
 319.00	 316.26	 7.2305	34.0809	26.6671	 1.46	 63.67	0.040	  132.87	 99.88
 320.00	 317.25	 7.2302	34.0811	26.6672	 1.46	 63.58	0.040	  132.92	 99.88
 321.00	 318.24	 7.2301	34.0812	26.6674	 1.46	 63.31	0.040	  132.92	 99.88
 322.00	 319.23	 7.2186	34.0815	26.6692	 1.45	 62.90	0.040	  132.88	 99.88
 323.00	 320.22	 7.1888	34.0827	26.6743	 1.44	 62.59	0.040	  132.93	 99.88
 324.00	 321.21	 7.1754	34.0819	26.6756	 1.43	 62.40	0.040	  132.96	 99.88
 325.00	 322.20	 7.1564	34.0841	26.6799	 1.43	 62.26	0.040	  132.93	 99.88
 326.00	 323.19	 7.1597	34.0842	26.6795	 1.43	 62.10	0.040	  132.92	 99.88
 327.00	 324.18	 7.1590	34.0842	26.6796	 1.43	 62.01	0.040	  132.94	 99.88
 328.00	 325.17	 7.1576	34.0841	26.6798	 1.42	 61.91	0.041	  132.91	 99.88
 329.00	 326.16	 7.1531	34.0847	26.6809	 1.42	 61.66	0.041	  132.94	 99.88
 330.00	 327.15	 7.1506	34.0848	26.6813	 1.41	 61.36	0.040	  132.85	 99.88
 331.00	 328.14	 7.1322	34.0867	26.6854	 1.41	 61.12	0.041	  132.89	 99.88
 332.00	 329.13	 7.1278	34.0878	26.6869	 1.40	 60.94	0.041	  132.92	 99.88
 333.00	 330.12	 7.1266	34.0881	26.6873	 1.40	 60.85	0.040	  132.90	 99.88
 334.00	 331.11	 7.1277	34.0881	26.6871	 1.40	 60.80	0.040	  132.89	 99.88
 335.00	 332.11	 7.1276	34.0881	26.6872	 1.40	 60.79	0.040	  132.95	 99.89
 336.00	 333.10	 7.1276	34.0883	26.6873	 1.40	 60.80	0.040	  132.92	 99.88
 337.00	 334.09	 7.1288	34.0881	26.6870	 1.40	 60.77	0.040	  132.97	 99.89
 338.00	 335.08	 7.1279	34.0882	26.6873	 1.40	 60.78	0.040	  132.93	 99.89
 339.00	 336.07	 7.1268	34.0884	26.6876	 1.40	 60.77	0.040	  132.90	 99.89
 340.00	 337.06	 7.1276	34.0884	26.6875	 1.40	 60.73	0.040	  132.88	 99.89
 341.00	 338.05	 7.1279	34.0883	26.6874	 1.39	 60.62	0.040	  132.90	 99.89
 342.00	 339.04	 7.1277	34.0883	26.6874	 1.39	 60.61	0.040	  132.92	 99.89
 343.00	 340.03	 7.1276	34.0885	26.6876	 1.39	 60.52	0.040	  132.90	 99.89
 344.00	 341.02	 7.1266	34.0887	26.6879	 1.39	 60.31	0.040	  132.83	 98.78
 345.00	 342.01	 7.1231	34.0889	26.6886	 1.38	 60.19	0.040	  132.88	 98.26
 346.00	 343.00	 7.1169	34.0907	26.6909	 1.38	 60.11	0.041	  132.89	 97.26
 347.00	 343.99	 7.1159	34.0911	26.6913	 1.38	 59.90	0.041	  132.93	 95.85
 348.00	 344.98	 7.1116	34.0909	26.6918	 1.37	 59.70	0.040	  132.93	 94.93
 349.00	 345.97	 7.0999	34.0917	26.6941	 1.37	 59.50	0.040	  132.88	 93.70
 350.00	 346.96	 7.0980	34.0919	26.6945	 1.36	 59.20	0.040	  132.86	 92.95
 351.00	 347.95	 7.0797	34.0934	26.6981	 1.35	 58.90	0.040	  132.85	 91.78
 352.00	 348.94	 7.0758	34.0944	26.6995	 1.35	 58.68	0.040	  132.82	 91.08
 353.00	 349.93	 7.0759	34.0945	26.6996	 1.34	 58.46	0.040	  132.76	 90.10
 354.00	 350.92	 7.0723	34.0943	26.7000	 1.34	 58.19	0.040	  132.76	 89.08
 355.00	 351.92	 7.0572	34.0949	26.7025	 1.33	 57.90	0.040	  132.76	 87.97
 356.00	 352.91	 7.0416	34.0962	26.7057	 1.32	 57.58	0.040	  132.74	 86.82
 357.00	 353.90	 7.0215	34.0977	26.7096	 1.32	 57.22	0.040	  132.67	 85.68
 358.00	 354.89	 7.0075	34.0986	26.7122	 1.31	 56.94	0.040	  132.69	 84.76
 359.00	 355.88	 7.0085	34.0990	26.7124	 1.31	 56.80	0.040	  132.75	 83.79
 360.00	 356.87	 7.0066	34.0987	26.7124	 1.30	 56.67	0.040	  132.70	 82.70
 361.00	 357.86	 7.0030	34.0993	26.7134	 1.30	 56.52	0.040	  132.72	 81.90
 362.00	 358.85	 6.9974	34.0993	26.7142	 1.30	 56.36	0.040	  132.73	 80.72
 363.00	 359.84	 6.9913	34.0998	26.7155	 1.29	 56.14	0.040	  132.76	 79.56
 364.00	 360.83	 6.9757	34.1005	26.7182	 1.29	 56.07	0.041	  132.69	 78.46
 365.00	 361.82	 6.9734	34.1017	26.7194	 1.29	 55.93	0.041	  132.77	 77.83
 366.00	 362.81	 6.9754	34.1012	26.7188	 1.28	 55.87	0.040	  132.67	 76.92
 367.00	 363.80	 6.9742	34.1014	26.7191	 1.28	 55.76	0.040	  132.77	 75.88
 368.00	 364.79	 6.9664	34.1012	26.7200	 1.28	 55.70	0.040	  132.74	 74.62
 369.00	 365.78	 6.9632	34.1021	26.7212	 1.28	 55.62	0.040	  132.76	 73.38
 370.00	 366.77	 6.9658	34.1019	26.7207	 1.28	 55.56	0.040	  132.77	 72.14
 371.00	 367.76	 6.9612	34.1022	26.7215	 1.27	 55.46	0.040	  132.75	 71.40
 372.00	 368.75	 6.9587	34.1028	26.7224	 1.28	 55.48	0.040	  132.79	 70.62
 373.00	 369.74	 6.9600	34.1025	26.7220	 1.27	 55.40	0.040	  132.80	 69.53
 374.00	 370.73	 6.9604	34.1024	26.7219	 1.27	 55.34	0.040	  132.80	 68.47
 375.00	 371.72	 6.9594	34.1026	26.7222	 1.27	 55.36	0.040	  132.80	 67.51
 376.00	 372.71	 6.9584	34.1027	26.7224	 1.27	 55.34	0.040	  132.76	 66.33
 377.00	 373.70	 6.9579	34.1027	26.7225	 1.27	 55.35	0.040	  132.79	 65.29
 378.00	 374.69	 6.9579	34.1028	26.7226	 1.27	 55.36	0.040	  132.72	 64.16
 379.00	 375.69	 6.9576	34.1028	26.7226	 1.27	 55.35	0.040	  132.72	 63.23
 380.00	 376.68	 6.9566	34.1028	26.7228	 1.27	 55.30	0.040	  132.80	 62.25
 381.00	 377.67	 6.9562	34.1028	26.7228	 1.27	 55.18	0.040	  132.74	 61.26
 382.00	 378.66	 6.9554	34.1028	26.7230	 1.27	 55.15	0.040	  132.69	 60.15
 383.00	 379.65	 6.9553	34.1031	26.7232	 1.26	 54.94	0.040	  132.70	 59.16
 384.00	 380.64	 6.9333	34.1023	26.7256	 1.26	 54.67	0.040	  132.70	 58.03
 385.00	 381.63	 6.9184	34.1045	26.7294	 1.25	 54.42	0.040	  132.75	 57.08
 386.00	 382.62	 6.9141	34.1044	26.7299	 1.25	 54.21	0.040	  132.66	 56.12
 387.00	 383.61	 6.9047	34.1044	26.7312	 1.24	 53.89	0.040	  132.71	 55.15
 388.00	 384.60	 6.8904	34.1050	26.7336	 1.23	 53.60	0.040	  132.67	 54.12
 389.00	 385.59	 6.8729	34.1057	26.7365	 1.23	 53.32	0.040	  132.69	 53.04
 390.00	 386.58	 6.8610	34.1074	26.7395	 1.22	 53.01	0.040	  132.63	 51.92
 391.00	 387.57	 6.8558	34.1074	26.7402	 1.21	 52.58	0.040	  132.71	 51.02
 392.00	 388.56	 6.8423	34.1078	26.7423	 1.20	 52.15	0.040	  132.64	 49.91
 393.00	 389.55	 6.8198	34.1103	26.7473	 1.19	 51.85	0.040	  132.72	 48.94
 394.00	 390.54	 6.8080	34.1109	26.7494	 1.19	 51.68	0.040	  132.67	 48.09
 395.00	 391.53	 6.8001	34.1122	26.7515	 1.19	 51.57	0.040	  132.71	 46.91
 396.00	 392.52	 6.7996	34.1124	26.7518	 1.18	 51.38	0.040	  132.68	 45.79
 397.00	 393.51	 6.7961	34.1125	26.7523	 1.17	 51.10	0.040	  132.67	 44.69
 398.00	 394.50	 6.7872	34.1127	26.7537	 1.17	 50.78	0.040	  132.71	 43.83
 399.00	 395.49	 6.7727	34.1137	26.7564	 1.16	 50.58	0.040	  132.71	 42.81
 400.00	 396.48	 6.7614	34.1149	26.7589	 1.16	 50.37	0.040	  132.68	 41.86
 401.00	 397.47	 6.7555	34.1157	26.7604	 1.16	 50.29	0.040	  132.62	 40.75
 402.00	 398.46	 6.7543	34.1159	26.7607	 1.15	 50.13	0.040	  132.68	 39.67
 403.00	 399.45	 6.7531	34.1159	26.7608	 1.15	 49.96	0.040	  132.71	 38.70
 404.00	 400.44	 6.7496	34.1157	26.7612	 1.14	 49.75	0.040	  132.62	 37.79
 405.00	 401.43	 6.7417	34.1158	26.7623	 1.14	 49.53	0.040	  132.67	 36.83
 406.00	 402.42	 6.7329	34.1165	26.7640	 1.13	 49.23	0.040	  132.66	 35.81
 407.00	 403.41	 6.7167	34.1169	26.7666	 1.13	 49.03	0.041	  132.62	 34.71
 408.00	 404.40	 6.6971	34.1185	26.7705	 1.12	 48.87	0.041	  132.69	 33.65
 409.00	 405.39	 6.6910	34.1193	26.7719	 1.12	 48.67	0.040	  132.65	 32.44
 410.00	 406.38	 6.6893	34.1195	26.7723	 1.11	 48.47	0.040	  132.65	 31.36
 411.00	 407.37	 6.6879	34.1195	26.7725	 1.11	 48.30	0.040	  132.72	 30.48
 412.00	 408.36	 6.6857	34.1196	26.7729	 1.11	 48.29	0.040	  132.62	 29.58
 413.00	 409.35	 6.6849	34.1197	26.7731	 1.11	 48.18	0.040	  132.74	 28.53
 414.00	 410.34	 6.6837	34.1198	26.7733	 1.11	 48.14	0.040	  132.64	 27.55
 415.00	 411.33	 6.6822	34.1199	26.7736	 1.11	 48.14	0.040	  132.65	 26.54
 416.00	 412.32	 6.6800	34.1199	26.7739	 1.11	 48.07	0.040	  132.62	 25.42
 417.00	 413.31	 6.6755	34.1201	26.7747	 1.10	 47.93	0.040	  132.59	 24.31
 418.00	 414.31	 6.6718	34.1200	26.7751	 1.10	 47.77	0.040	  132.61	 23.31
 419.00	 415.30	 6.6574	34.1200	26.7770	 1.09	 47.53	0.040	  132.67	 22.29
 420.00	 416.29	 6.6430	34.1212	26.7799	 1.09	 47.38	0.040	  132.68	 21.22
 421.00	 417.28	 6.6308	34.1218	26.7820	 1.08	 47.03	0.040	  132.70	 20.03
 422.00	 418.27	 6.6151	34.1228	26.7849	 1.07	 46.72	0.040	  132.65	 18.94
 423.00	 419.26	 6.6011	34.1245	26.7881	 1.06	 46.27	0.041	  132.62	 17.74
 424.00	 420.25	 6.5870	34.1249	26.7903	 1.05	 45.80	0.041	  132.60	 16.54
 425.00	 421.24	 6.5906	34.1252	26.7900	 1.05	 45.82	0.040	  132.54	 15.13
 426.00	 422.23	 6.5690	34.1267	26.7941	 1.04	 45.16	0.040	  132.52	 13.96
 427.00	 423.22	 6.5395	34.1291	26.7999	 1.02	 44.36	0.040	  132.47	 12.88
 428.00	 424.21	 6.5444	34.1287	26.7989	 1.02	 44.35	0.041	  132.45	 11.80
 429.00	 425.20	 6.5476	34.1284	26.7983	 1.02	 44.39	0.040	  132.44	 10.81
 430.00	 426.19	 6.5487	34.1284	26.7982	 1.02	 44.38	0.040	  132.37	  9.68
 431.00	 427.18	 6.5254	34.1302	26.8027	 1.00	 43.63	0.041	  131.72	  7.22
