* Sea-Bird SBE 9 Data:
* Software Version Seasave V 7.26.7.107
* Vessel: NOAA Ship Ronald H. Brown
* Cruise: RB2102, West Coast Ocean Acidification (WCOA) 2021
* Dates: 20210622 to 20210723
* Region: NE Pacific, USA West Coast
* Ports: San Diego, CA to Port Angeles, WA to San Diego, CA
* Chief Scientists: R. Feely, NOAA PMEL; D. Greeley, NOAA PMEL; B. Carter, NOAA PMEL / UW CICOES
* Contacts: R. Feely, richard.a.feely@noaa.gov; D. Greeley, dana.greeley@noaa.gov; B. Carter, brendan.carter@noaa.gov
* Station: 026
* Cast: 1
* Cast Date-Time [GMT]: 30-Jun-2021 10:14:03
* Longitude: -124.9086 W
* Latitude: 46.1296 N
* Water Depth [m]: 1298.2
**********
* Column  1: Pressure [decibar]
* Column  2: Depth [m]
* Column  3: Temperature ITS-90 [degree C]
* Column  4: Salinity PSS-78 [psu]
* Column  5: Sigma-theta EOS-80 [kg/m^3 - 1000]
* Column  6: Oxygen [ml/L]
* Column  7: Oxygen [umol/kg]
* Column  8: Fluorescence [volts]
* Column  9: Oxygen Reduction Potential [mV]
* Column 10: Altimeter [m]
**********
*END*
   3.00	   2.98	16.1853	31.9440	23.3568	 5.85	255.09	0.047	  121.44	 99.75
   4.00	   3.97	16.1676	31.9422	23.3594	 5.87	256.18	0.047	  121.28	 99.74
   5.00	   4.96	16.1680	31.9422	23.3593	 5.89	257.08	0.047	  121.48	 99.75
   6.00	   5.95	16.1739	31.9427	23.3584	 5.89	257.00	0.046	  121.55	 99.76
   7.00	   6.94	16.1759	31.9429	23.3581	 5.90	257.26	0.046	  121.62	 99.76
   8.00	   7.93	16.1746	31.9427	23.3583	 5.90	257.64	0.046	  121.59	 99.76
   9.00	   8.93	16.1739	31.9427	23.3585	 5.90	257.60	0.046	  121.55	 99.76
  10.00	   9.92	16.1708	31.9422	23.3589	 5.89	257.20	0.046	  121.62	 99.76
  11.00	  10.91	16.1125	31.9357	23.3670	 5.93	258.66	0.046	  121.62	 99.76
  12.00	  11.90	16.0537	31.9325	23.3778	 5.94	259.17	0.046	  121.71	 99.76
  13.00	  12.89	16.0186	31.9297	23.3835	 5.95	259.44	0.045	  121.71	 99.76
  14.00	  13.88	16.0112	31.9294	23.3850	 5.95	259.63	0.045	  121.72	 99.76
  15.00	  14.88	15.9204	31.9184	23.3968	 5.98	260.94	0.046	  121.71	 99.77
  16.00	  15.87	15.3096	31.8984	23.5157	 6.18	269.54	0.045	  121.80	 99.77
  17.00	  16.86	14.8469	31.9100	23.6241	 6.25	272.72	0.044	  121.90	 99.78
  18.00	  17.85	14.5831	31.9248	23.6913	 6.31	275.25	0.045	  121.98	 99.80
  19.00	  18.84	14.2591	31.9368	23.7682	 6.40	279.34	0.047	  122.07	 99.81
  20.00	  19.83	13.8236	31.9386	23.8589	 6.53	284.82	0.047	  122.17	 99.82
  21.00	  20.83	13.7005	31.9484	23.8914	 6.51	284.04	0.048	  122.20	 99.82
  22.00	  21.82	13.6599	31.9497	23.9006	 6.53	284.90	0.048	  122.17	 99.84
  23.00	  22.81	13.4366	31.9536	23.9485	 6.64	289.48	0.049	  122.27	 99.84
  24.00	  23.80	13.0923	31.9888	24.0437	 6.79	296.00	0.051	  122.30	 99.85
  25.00	  24.79	12.5512	32.0450	24.1919	 7.07	308.17	0.052	  122.52	 99.85
  26.00	  25.78	12.0860	32.0770	24.3044	 7.23	315.36	0.053	  122.64	 99.85
  27.00	  26.78	11.8253	32.0891	24.3620	 7.32	319.28	0.057	  122.61	 99.88
  28.00	  27.77	11.7724	32.0916	24.3737	 7.30	318.32	0.059	  122.58	 99.91
  29.00	  28.76	11.5308	32.1058	24.4287	 7.31	318.63	0.059	  122.69	 99.91
  30.00	  29.75	11.4793	32.1397	24.4643	 7.31	318.68	0.059	  122.76	 99.90
  31.00	  30.74	11.3974	32.1489	24.4862	 7.35	320.57	0.062	  122.72	 99.91
  32.00	  31.73	11.2182	32.1428	24.5135	 7.41	323.13	0.064	  122.75	 99.91
  33.00	  32.73	11.1473	32.1441	24.5271	 7.39	322.19	0.067	  122.75	 99.93
  34.00	  33.72	11.0798	32.1541	24.5468	 7.40	322.53	0.065	  122.83	 99.92
  35.00	  34.71	11.0039	32.1913	24.5891	 7.41	323.15	0.068	  122.82	 99.91
  36.00	  35.70	10.9865	32.2037	24.6019	 7.42	323.23	0.074	  122.87	 99.91
  37.00	  36.69	10.7375	32.2376	24.6716	 7.50	326.85	0.079	  122.89	 99.91
  38.00	  37.68	10.6312	32.2494	24.6992	 7.54	328.61	0.079	  122.86	 96.43
  39.00	  38.68	10.5511	32.2482	24.7119	 7.50	327.03	0.086	  122.88	100.53
  40.00	  39.67	10.3163	32.2158	24.7266	 7.52	327.79	0.110	  122.95	 99.93
  41.00	  40.66	 9.9159	32.1931	24.7755	 7.57	329.70	0.140	  123.01	 78.71
  42.00	  41.65	 9.9569	32.2160	24.7866	 7.47	325.61	0.167	  123.08	 99.90
  43.00	  42.64	 9.9653	32.2466	24.8091	 7.30	317.99	0.168	  123.09	 99.91
  44.00	  43.63	 9.8681	32.2738	24.8464	 7.25	315.98	0.210	  123.12	 99.90
  45.00	  44.63	 9.7729	32.2729	24.8612	 7.20	313.61	0.208	  123.08	 95.40
  46.00	  45.62	 9.5936	32.2603	24.8804	 7.16	311.89	0.210	  123.16	 99.68
  47.00	  46.61	 9.5630	32.2615	24.8864	 7.06	307.65	0.239	  123.16	 99.85
  48.00	  47.60	 9.5342	32.2757	24.9021	 7.01	305.28	0.203	  123.21	 99.85
  49.00	  48.59	 9.5370	32.2775	24.9031	 6.99	304.52	0.182	  123.20	 99.85
  50.00	  49.58	 9.5398	32.2793	24.9041	 6.97	303.73	0.136	  123.16	 99.84
  51.00	  50.57	 9.4067	32.2751	24.9220	 6.85	298.31	0.169	  123.02	 93.75
  52.00	  51.57	 9.2736	32.2707	24.9397	 6.85	298.31	0.116	  123.24	 99.68
  53.00	  52.56	 9.2665	32.2812	24.9490	 6.80	296.48	0.082	  123.21	 99.81
  54.00	  53.55	 9.2570	32.2830	24.9519	 6.73	293.27	0.087	  123.25	 99.78
  55.00	  54.54	 9.1485	32.2926	24.9765	 6.72	292.69	0.076	  123.25	 99.77
  56.00	  55.53	 9.1097	32.2912	24.9814	 6.70	291.79	0.075	  123.27	 99.75
  57.00	  56.52	 9.0837	32.2908	24.9852	 6.68	291.25	0.077	  123.26	 99.73
  58.00	  57.52	 9.0239	32.2973	24.9996	 6.64	289.27	0.075	  123.17	 96.88
  59.00	  58.51	 9.0215	32.3035	25.0048	 6.62	288.53	0.071	  123.22	 99.78
  60.00	  59.50	 9.0030	32.3016	25.0063	 6.62	288.57	0.066	  123.25	 99.72
  61.00	  60.49	 8.9733	32.3010	25.0104	 6.61	288.09	0.070	  123.18	 99.71
  62.00	  61.48	 8.8686	32.2965	25.0230	 6.61	288.09	0.070	  123.19	 99.71
  63.00	  62.47	 8.8168	32.2957	25.0303	 6.60	287.74	0.067	  123.23	 99.70
  64.00	  63.46	 8.7935	32.3040	25.0404	 6.57	286.12	0.062	  123.29	 99.70
  65.00	  64.46	 8.7849	32.3149	25.0502	 6.55	285.38	0.058	  123.23	 99.70
  66.00	  65.45	 8.7620	32.3285	25.0644	 6.46	281.35	0.062	  123.09	 99.68
  67.00	  66.44	 8.7391	32.3421	25.0785	 6.41	279.07	0.055	  123.23	 99.68
  68.00	  67.43	 8.6853	32.3646	25.1044	 6.37	277.48	0.051	  123.28	 99.68
  69.00	  68.42	 8.6540	32.3760	25.1180	 6.31	274.78	0.055	  123.10	 99.61
  70.00	  69.41	 8.6227	32.3874	25.1317	 6.23	271.46	0.052	  123.24	 99.62
  71.00	  70.40	 8.5570	32.4129	25.1615	 6.18	269.27	0.051	  123.23	 99.60
  72.00	  71.40	 8.5439	32.4194	25.1686	 6.08	264.76	0.051	  123.19	 99.56
  73.00	  72.39	 8.5101	32.4721	25.2150	 5.97	259.86	0.048	  123.27	 99.56
  74.00	  73.38	 8.4794	32.5286	25.2639	 5.83	254.08	0.048	  123.28	 99.52
  75.00	  74.37	 8.4692	32.5652	25.2941	 5.68	247.46	0.047	  123.32	 99.48
  76.00	  75.36	 8.4579	32.6289	25.3458	 5.55	241.87	0.046	  123.35	 99.45
  77.00	  76.35	 8.4603	32.6663	25.3747	 5.46	237.98	0.046	  123.34	 99.42
  78.00	  77.34	 8.4587	32.6863	25.3907	 5.34	232.53	0.047	  123.33	 99.37
  79.00	  78.34	 8.4748	32.7293	25.4220	 5.19	226.25	0.045	  123.39	 99.37
  80.00	  79.33	 8.5033	32.8059	25.4777	 5.01	218.26	0.045	  123.37	 99.35
  81.00	  80.32	 8.5385	32.8812	25.5315	 4.90	213.19	0.044	  123.49	 99.34
  82.00	  81.31	 8.5401	32.8867	25.5356	 4.83	210.53	0.045	  123.50	 99.32
  83.00	  82.30	 8.5422	32.8920	25.5394	 4.78	207.97	0.045	  123.50	 99.29
  84.00	  83.29	 8.5128	32.9212	25.5668	 4.75	206.99	0.044	  123.51	 99.30
  85.00	  84.28	 8.4993	32.9308	25.5763	 4.72	205.41	0.045	  123.55	 99.30
  86.00	  85.28	 8.4689	32.9400	25.5881	 4.69	204.25	0.045	  123.50	 99.30
  87.00	  86.27	 8.3334	32.9688	25.6310	 4.70	204.66	0.044	  123.52	 99.30
  88.00	  87.26	 8.2858	32.9803	25.6471	 4.69	204.33	0.044	  123.55	 99.30
  89.00	  88.25	 8.2499	32.9886	25.6589	 4.68	203.72	0.044	  123.56	 99.30
  90.00	  89.24	 8.2307	32.9947	25.6666	 4.68	203.74	0.044	  123.56	 99.30
  91.00	  90.23	 8.1831	33.0124	25.6876	 4.68	203.72	0.044	  123.58	 99.30
  92.00	  91.22	 8.1158	33.0348	25.7151	 4.66	203.02	0.044	  123.55	 99.30
  93.00	  92.21	 8.1005	33.0412	25.7224	 4.66	202.87	0.043	  123.61	 99.31
  94.00	  93.21	 8.0966	33.0439	25.7250	 4.65	202.63	0.043	  123.60	 99.31
  95.00	  94.20	 8.0937	33.0467	25.7277	 4.63	201.72	0.044	  123.56	 99.31
  96.00	  95.19	 8.0547	33.0695	25.7513	 4.61	200.85	0.043	  123.63	 99.31
  97.00	  96.18	 8.0428	33.0799	25.7612	 4.57	199.03	0.043	  123.60	 99.32
  98.00	  97.17	 7.9972	33.1309	25.8079	 4.49	195.55	0.044	  123.61	 99.32
  99.00	  98.16	 7.9599	33.1729	25.8463	 4.45	193.64	0.043	  123.63	 99.32
 100.00	  99.15	 7.9528	33.1823	25.8548	 4.40	191.70	0.042	  123.60	 99.32
 101.00	 100.15	 7.9441	33.1936	25.8649	 4.39	191.20	0.042	  123.66	 99.32
 102.00	 101.14	 7.9413	33.1966	25.8677	 4.38	190.53	0.043	  123.67	 99.32
 103.00	 102.13	 7.9370	33.1979	25.8693	 4.34	189.06	0.041	  123.66	 99.32
 104.00	 103.12	 7.9224	33.2097	25.8807	 4.31	187.42	0.041	  123.60	 99.32
 105.00	 104.11	 7.8853	33.2589	25.9248	 4.30	187.00	0.041	  123.67	 99.33
 106.00	 105.10	 7.8721	33.2782	25.9419	 4.26	185.65	0.042	  123.66	 99.34
 107.00	 106.09	 7.8590	33.2976	25.9590	 4.22	183.66	0.041	  123.70	 99.34
 108.00	 107.08	 7.8539	33.3063	25.9666	 4.20	182.94	0.041	  123.74	 99.33
 109.00	 108.08	 7.8489	33.3150	25.9741	 4.17	181.58	0.042	  123.64	 99.34
 110.00	 109.07	 7.8382	33.3317	25.9888	 4.09	178.24	0.041	  123.70	 99.34
 111.00	 110.06	 7.8123	33.3933	26.0410	 4.04	175.67	0.041	  123.78	 99.34
 112.00	 111.05	 7.7875	33.4443	26.0846	 4.00	174.19	0.041	  123.80	 99.34
 113.00	 112.04	 7.7820	33.4528	26.0921	 3.98	173.09	0.042	  123.78	 99.35
 114.00	 113.03	 7.7799	33.4568	26.0956	 3.95	172.11	0.042	  123.78	 99.37
 115.00	 114.02	 7.7779	33.4603	26.0986	 3.94	171.42	0.041	  123.80	 99.37
 116.00	 115.01	 7.7752	33.4636	26.1016	 3.92	170.82	0.041	  123.79	 99.39
 117.00	 116.01	 7.7690	33.4688	26.1066	 3.91	170.07	0.041	  123.75	 99.39
 118.00	 117.00	 7.7614	33.4736	26.1115	 3.88	168.77	0.041	  123.82	 99.39
 119.00	 117.99	 7.7335	33.5079	26.1425	 3.83	166.61	0.041	  123.80	 99.39
 120.00	 118.98	 7.7039	33.5625	26.1896	 3.78	164.68	0.041	  123.89	 99.39
 121.00	 119.97	 7.7000	33.5733	26.1987	 3.75	163.32	0.041	  123.82	 99.39
 122.00	 120.96	 7.6985	33.5809	26.2049	 3.73	162.16	0.041	  123.85	 99.40
 123.00	 121.95	 7.6973	33.5873	26.2102	 3.70	161.17	0.041	  123.90	 99.41
 124.00	 122.94	 7.6977	33.5979	26.2184	 3.69	160.67	0.040	  123.86	 99.41
 125.00	 123.93	 7.6981	33.6055	26.2243	 3.68	160.18	0.040	  123.86	 99.41
 126.00	 124.93	 7.6970	33.6095	26.2277	 3.67	159.62	0.041	  123.91	 99.41
 127.00	 125.92	 7.6960	33.6120	26.2298	 3.65	158.75	0.041	  123.83	 99.43
 128.00	 126.91	 7.6897	33.6266	26.2422	 3.62	157.44	0.041	  123.87	 99.43
 129.00	 127.90	 7.6891	33.6388	26.2519	 3.60	156.64	0.041	  123.90	 99.44
 130.00	 128.89	 7.6914	33.6482	26.2589	 3.58	155.88	0.040	  123.92	 99.44
 131.00	 129.88	 7.7028	33.6650	26.2705	 3.57	155.45	0.041	  123.87	 99.44
 132.00	 130.87	 7.7048	33.6717	26.2755	 3.55	154.41	0.041	  123.84	 99.44
 133.00	 131.86	 7.7069	33.6783	26.2804	 3.49	151.89	0.040	  123.83	 99.44
 134.00	 132.86	 7.7184	33.7143	26.3071	 3.47	151.00	0.042	  123.90	 99.44
 135.00	 133.85	 7.7147	33.7194	26.3116	 3.46	150.43	0.041	  124.02	 99.44
 136.00	 134.84	 7.7107	33.7222	26.3144	 3.45	149.95	0.042	  123.86	 99.44
 137.00	 135.83	 7.7084	33.7227	26.3152	 3.43	149.31	0.041	  123.92	 99.46
 138.00	 136.82	 7.7070	33.7224	26.3151	 3.42	148.60	0.042	  123.87	 99.47
 139.00	 137.81	 7.7052	33.7244	26.3169	 3.41	148.24	0.041	  123.90	 99.47
 140.00	 138.80	 7.7021	33.7258	26.3186	 3.40	147.89	0.041	  123.89	 99.47
 141.00	 139.79	 7.6804	33.7315	26.3261	 3.40	147.80	0.042	  123.84	 99.48
 142.00	 140.78	 7.6685	33.7343	26.3301	 3.39	147.55	0.041	  123.90	 99.48
 143.00	 141.78	 7.6620	33.7370	26.3331	 3.38	147.01	0.041	  123.94	 99.48
 144.00	 142.77	 7.6523	33.7414	26.3380	 3.36	146.37	0.042	  123.93	 99.49
 145.00	 143.76	 7.6456	33.7447	26.3416	 3.35	145.93	0.041	  123.90	 99.49
 146.00	 144.75	 7.6421	33.7461	26.3432	 3.34	145.45	0.042	  123.89	 99.49
 147.00	 145.74	 7.6365	33.7492	26.3464	 3.33	144.72	0.041	  123.90	 99.49
 148.00	 146.73	 7.6224	33.7597	26.3567	 3.31	144.05	0.041	  123.88	 99.49
 149.00	 147.72	 7.6096	33.7686	26.3655	 3.30	143.43	0.041	  123.92	 99.49
 150.00	 148.71	 7.5990	33.7772	26.3739	 3.28	142.57	0.041	  123.94	 99.49
 151.00	 149.70	 7.5900	33.7849	26.3812	 3.25	141.54	0.041	  123.91	 99.50
 152.00	 150.69	 7.5846	33.7898	26.3858	 3.25	141.31	0.041	  123.95	 99.51
 153.00	 151.69	 7.5848	33.7900	26.3860	 3.24	141.18	0.041	  123.96	 99.51
 154.00	 152.68	 7.5846	33.7905	26.3864	 3.24	140.97	0.042	  123.94	 99.51
 155.00	 153.67	 7.5809	33.7940	26.3897	 3.23	140.67	0.041	  123.96	 99.51
 156.00	 154.66	 7.5768	33.7978	26.3933	 3.22	140.12	0.041	  123.91	 99.51
 157.00	 155.65	 7.5763	33.7986	26.3940	 3.22	139.98	0.041	  123.93	 99.51
 158.00	 156.64	 7.5759	33.7995	26.3948	 3.21	139.84	0.040	  124.03	 99.51
 159.00	 157.63	 7.5742	33.8019	26.3969	 3.20	139.38	0.040	  124.02	 99.51
 160.00	 158.62	 7.5717	33.8047	26.3995	 3.19	138.84	0.041	  123.99	 99.52
 161.00	 159.61	 7.5651	33.8116	26.4059	 3.17	138.00	0.041	  124.02	 99.51
 162.00	 160.61	 7.5523	33.8223	26.4161	 3.16	137.53	0.042	  123.99	 99.52
 163.00	 161.60	 7.5436	33.8285	26.4223	 3.15	137.26	0.041	  123.95	 99.53
 164.00	 162.59	 7.5363	33.8323	26.4263	 3.15	137.17	0.042	  123.97	 99.54
 165.00	 163.58	 7.5361	33.8326	26.4266	 3.14	136.81	0.041	  123.96	 99.54
 166.00	 164.57	 7.5362	33.8329	26.4268	 3.14	136.83	0.041	  123.95	 99.54
 167.00	 165.56	 7.5363	33.8333	26.4271	 3.14	136.56	0.041	  123.99	 99.54
 168.00	 166.55	 7.5354	33.8342	26.4280	 3.13	136.07	0.041	  123.98	 99.54
 169.00	 167.54	 7.5264	33.8397	26.4336	 3.11	135.45	0.041	  123.98	 99.54
 170.00	 168.53	 7.5154	33.8469	26.4408	 3.10	134.89	0.041	  124.02	 99.54
 171.00	 169.52	 7.5105	33.8513	26.4450	 3.08	134.21	0.041	  124.00	 99.54
 172.00	 170.51	 7.5026	33.8529	26.4474	 3.04	132.45	0.041	  124.03	 99.54
 173.00	 171.51	 7.4608	33.8671	26.4645	 3.03	131.87	0.041	  124.01	 99.54
 174.00	 172.50	 7.4582	33.8690	26.4664	 3.02	131.51	0.041	  124.06	 99.55
 175.00	 173.49	 7.4562	33.8693	26.4669	 3.01	131.14	0.041	  123.96	 77.74
 176.00	 174.48	 7.4535	33.8696	26.4675	 2.99	130.26	0.041	  124.00	 93.04
 177.00	 175.47	 7.4475	33.8695	26.4684	 2.97	129.38	0.040	  124.05	 99.73
 178.00	 176.46	 7.4260	33.8731	26.4742	 2.97	129.11	0.041	  124.12	 99.56
 179.00	 177.45	 7.4137	33.8770	26.4791	 2.96	128.75	0.041	  124.08	 99.56
 180.00	 178.44	 7.4098	33.8787	26.4809	 2.95	128.26	0.041	  124.07	 99.56
 181.00	 179.43	 7.4057	33.8800	26.4826	 2.93	127.62	0.041	  124.08	 99.56
 182.00	 180.42	 7.3969	33.8833	26.4864	 2.93	127.31	0.041	  124.11	 99.57
 183.00	 181.42	 7.3905	33.8854	26.4889	 2.92	126.89	0.041	  124.12	 99.58
 184.00	 182.41	 7.3814	33.8867	26.4913	 2.90	126.26	0.041	  124.08	 99.58
 185.00	 183.40	 7.3715	33.8874	26.4933	 2.89	125.77	0.041	  124.03	 99.58
 186.00	 184.39	 7.3636	33.8889	26.4955	 2.89	125.54	0.041	  124.10	 99.58
 187.00	 185.38	 7.3476	33.8925	26.5007	 2.88	125.38	0.041	  124.05	 99.58
 188.00	 186.37	 7.3402	33.8951	26.5037	 2.88	125.39	0.041	  124.11	 99.58
 189.00	 187.36	 7.3345	33.8978	26.5067	 2.88	125.45	0.041	  124.09	 99.58
 190.00	 188.35	 7.3298	33.8994	26.5086	 2.89	125.53	0.041	  124.11	 99.58
 191.00	 189.34	 7.3262	33.9004	26.5099	 2.89	125.61	0.041	  124.07	 99.58
 192.00	 190.33	 7.3236	33.9003	26.5102	 2.89	125.68	0.041	  124.12	 99.58
 193.00	 191.32	 7.3160	33.9025	26.5130	 2.89	125.91	0.041	  124.04	 99.58
 194.00	 192.31	 7.3116	33.9048	26.5154	 2.91	126.68	0.041	  124.05	 99.58
 195.00	 193.31	 7.2949	33.9084	26.5206	 2.92	126.86	0.041	  124.08	 99.58
 196.00	 194.30	 7.2906	33.9091	26.5218	 2.91	126.79	0.041	  124.08	 99.58
 197.00	 195.29	 7.2813	33.9098	26.5236	 2.91	126.71	0.041	  124.06	 99.58
 198.00	 196.28	 7.2662	33.9108	26.5265	 2.90	126.24	0.041	  124.07	 99.58
 199.00	 197.27	 7.2439	33.9120	26.5306	 2.89	125.56	0.041	  124.11	 99.58
 200.00	 198.26	 7.2315	33.9132	26.5333	 2.88	125.15	0.041	  124.08	 99.58
 201.00	 199.25	 7.2128	33.9137	26.5363	 2.87	124.90	0.041	  124.12	 99.58
 202.00	 200.24	 7.1942	33.9158	26.5406	 2.86	124.50	0.041	  124.09	 99.58
 203.00	 201.23	 7.1858	33.9168	26.5425	 2.85	123.87	0.041	  124.13	 99.58
 204.00	 202.22	 7.1735	33.9176	26.5448	 2.83	122.94	0.041	  124.14	 99.59
 205.00	 203.21	 7.1567	33.9188	26.5481	 2.81	122.44	0.041	  124.14	 99.59
 206.00	 204.20	 7.1433	33.9190	26.5501	 2.80	122.02	0.040	  124.15	 99.60
 207.00	 205.20	 7.1226	33.9209	26.5545	 2.80	121.63	0.041	  124.11	 99.60
 208.00	 206.19	 7.1158	33.9214	26.5559	 2.79	121.21	0.041	  124.17	 99.61
 209.00	 207.18	 7.1098	33.9216	26.5569	 2.78	120.79	0.041	  124.15	 99.61
 210.00	 208.17	 7.0998	33.9219	26.5584	 2.77	120.44	0.041	  124.14	 99.61
 211.00	 209.16	 7.0889	33.9231	26.5609	 2.76	120.14	0.041	  124.15	 99.61
 212.00	 210.15	 7.0785	33.9231	26.5624	 2.76	119.87	0.041	  124.13	 99.61
 213.00	 211.14	 7.0698	33.9243	26.5645	 2.75	119.58	0.041	  124.14	 99.61
 214.00	 212.13	 7.0599	33.9249	26.5664	 2.74	119.13	0.041	  124.18	 99.61
 215.00	 213.12	 7.0481	33.9246	26.5678	 2.72	118.52	0.041	  124.14	 99.62
 216.00	 214.11	 7.0218	33.9251	26.5718	 2.72	118.12	0.041	  124.16	 99.63
 217.00	 215.10	 7.0008	33.9269	26.5760	 2.71	117.79	0.041	  124.20	 99.62
 218.00	 216.09	 6.9864	33.9278	26.5788	 2.70	117.40	0.041	  124.24	 99.62
 219.00	 217.08	 6.9733	33.9289	26.5814	 2.69	117.05	0.041	  124.19	 99.63
 220.00	 218.08	 6.9616	33.9293	26.5833	 2.69	116.88	0.041	  124.19	 99.63
 221.00	 219.07	 6.9527	33.9302	26.5853	 2.68	116.69	0.041	  124.24	 99.63
 222.00	 220.06	 6.9454	33.9303	26.5864	 2.68	116.52	0.041	  124.18	 99.63
 223.00	 221.05	 6.9323	33.9305	26.5883	 2.67	116.19	0.041	  124.21	 99.63
 224.00	 222.04	 6.9257	33.9321	26.5905	 2.66	115.59	0.041	  124.14	 99.63
 225.00	 223.03	 6.9268	33.9347	26.5923	 2.64	114.85	0.041	  124.24	 99.63
 226.00	 224.02	 6.9297	33.9380	26.5946	 2.62	114.03	0.041	  124.19	 99.63
 227.00	 225.01	 6.9272	33.9386	26.5954	 2.59	112.69	0.041	  124.21	 99.63
 228.00	 226.00	 6.9298	33.9425	26.5982	 2.56	111.47	0.041	  124.23	 99.63
 229.00	 226.99	 6.9651	33.9522	26.6010	 2.55	110.78	0.041	  124.21	 99.64
 230.00	 227.98	 6.9440	33.9489	26.6013	 2.54	110.42	0.041	  124.27	 99.64
 231.00	 228.97	 6.9188	33.9485	26.6044	 2.53	109.96	0.041	  124.26	 99.65
 232.00	 229.96	 6.9062	33.9493	26.6068	 2.51	109.14	0.041	  124.26	 99.66
 233.00	 230.95	 6.9079	33.9508	26.6078	 2.49	108.39	0.041	  124.30	 99.66
 234.00	 231.94	 6.9101	33.9533	26.6094	 2.47	107.62	0.041	  124.25	 99.66
 235.00	 232.94	 6.9086	33.9549	26.6109	 2.45	106.73	0.041	  124.26	 99.66
 236.00	 233.93	 6.9134	33.9584	26.6130	 2.43	105.87	0.041	  124.28	 99.67
 237.00	 234.92	 6.9134	33.9605	26.6147	 2.42	105.29	0.041	  124.32	 99.67
 238.00	 235.91	 6.9093	33.9608	26.6155	 2.41	104.85	0.041	  124.19	 99.67
 239.00	 236.90	 6.9002	33.9609	26.6168	 2.40	104.53	0.041	  124.26	 99.68
 240.00	 237.89	 6.8900	33.9617	26.6188	 2.39	104.04	0.041	  124.27	 99.68
 241.00	 238.88	 6.8792	33.9619	26.6204	 2.37	103.28	0.041	  124.26	 99.68
 242.00	 239.87	 6.8707	33.9650	26.6241	 2.35	102.43	0.041	  124.30	 99.68
 243.00	 240.86	 6.8655	33.9664	26.6259	 2.34	101.74	0.042	  124.26	 99.68
 244.00	 241.85	 6.8518	33.9675	26.6286	 2.32	101.10	0.041	  124.35	 99.69
 245.00	 242.84	 6.8417	33.9679	26.6303	 2.30	100.20	0.041	  124.25	 99.69
 246.00	 243.83	 6.8138	33.9676	26.6338	 2.29	 99.69	0.041	  124.31	 99.70
 247.00	 244.82	 6.7893	33.9684	26.6377	 2.29	 99.44	0.041	  124.28	 99.70
 248.00	 245.81	 6.7820	33.9688	26.6390	 2.28	 99.24	0.041	  124.36	 99.70
 249.00	 246.80	 6.7765	33.9682	26.6393	 2.28	 99.18	0.041	  124.33	 99.71
 250.00	 247.79	 6.7567	33.9672	26.6412	 2.28	 99.36	0.041	  124.26	 99.71
 251.00	 248.79	 6.7201	33.9640	26.6436	 2.29	 99.51	0.041	  124.30	 99.71
 252.00	 249.78	 6.7009	33.9628	26.6452	 2.29	 99.52	0.041	  124.34	 99.71
 253.00	 250.77	 6.6957	33.9624	26.6456	 2.28	 99.28	0.041	  124.34	 99.71
 254.00	 251.76	 6.6781	33.9618	26.6475	 2.28	 99.04	0.041	  124.33	 99.71
 255.00	 252.75	 6.6705	33.9634	26.6498	 2.27	 98.62	0.041	  124.35	 99.71
 256.00	 253.74	 6.6705	33.9640	26.6502	 2.26	 98.15	0.041	  124.36	 99.71
 257.00	 254.73	 6.6629	33.9646	26.6517	 2.24	 97.56	0.041	  124.35	 99.71
 258.00	 255.72	 6.6558	33.9656	26.6535	 2.23	 97.01	0.041	  124.31	 99.71
 259.00	 256.71	 6.6493	33.9667	26.6552	 2.22	 96.38	0.041	  124.35	 99.71
 260.00	 257.70	 6.6444	33.9675	26.6565	 2.20	 95.72	0.041	  124.32	 99.72
 261.00	 258.69	 6.6392	33.9692	26.6585	 2.18	 94.96	0.041	  124.34	 99.72
 262.00	 259.68	 6.6296	33.9703	26.6607	 2.17	 94.27	0.041	  124.35	 99.72
 263.00	 260.67	 6.6205	33.9719	26.6632	 2.15	 93.72	0.041	  124.38	 99.73
 264.00	 261.66	 6.6140	33.9723	26.6644	 2.14	 93.03	0.041	  124.36	 99.73
 265.00	 262.65	 6.6027	33.9736	26.6669	 2.12	 92.40	0.041	  124.34	 99.73
 266.00	 263.64	 6.5907	33.9737	26.6686	 2.12	 92.21	0.041	  124.43	 99.73
 267.00	 264.63	 6.5775	33.9734	26.6701	 2.12	 92.06	0.041	  124.42	 99.73
 268.00	 265.62	 6.5660	33.9739	26.6720	 2.12	 92.03	0.041	  124.36	 99.73
 269.00	 266.62	 6.5581	33.9730	26.6723	 2.11	 91.84	0.041	  124.38	 99.74
 270.00	 267.61	 6.5505	33.9747	26.6747	 2.11	 91.75	0.041	  124.36	 99.74
 271.00	 268.60	 6.5498	33.9749	26.6749	 2.11	 91.57	0.041	  124.40	 99.73
 272.00	 269.59	 6.5482	33.9747	26.6750	 2.10	 91.49	0.041	  124.42	 99.74
 273.00	 270.58	 6.5464	33.9746	26.6752	 2.10	 91.38	0.041	  124.40	 99.74
 274.00	 271.57	 6.5436	33.9743	26.6753	 2.10	 91.27	0.041	  124.40	 99.75
 275.00	 272.56	 6.5347	33.9736	26.6760	 2.10	 91.23	0.041	  124.42	 99.74
 276.00	 273.55	 6.5288	33.9740	26.6771	 2.10	 91.38	0.041	  124.47	 99.74
 277.00	 274.54	 6.5165	33.9728	26.6777	 2.11	 91.62	0.041	  124.44	 99.74
 278.00	 275.53	 6.5035	33.9725	26.6792	 2.11	 91.58	0.041	  124.43	 99.75
 279.00	 276.52	 6.4956	33.9718	26.6797	 2.09	 91.07	0.041	  124.36	 99.75
 280.00	 277.51	 6.4906	33.9733	26.6816	 2.08	 90.56	0.041	  124.45	 99.75
 281.00	 278.50	 6.4800	33.9755	26.6847	 2.08	 90.28	0.041	  124.46	 99.74
 282.00	 279.49	 6.4556	33.9751	26.6876	 2.07	 89.91	0.041	  124.43	 99.75
 283.00	 280.48	 6.4364	33.9760	26.6908	 2.05	 89.26	0.041	  124.46	 99.75
 284.00	 281.47	 6.4226	33.9762	26.6928	 2.04	 88.70	0.041	  124.52	 99.76
 285.00	 282.46	 6.4151	33.9762	26.6937	 2.03	 88.50	0.041	  124.41	 99.76
 286.00	 283.45	 6.4071	33.9758	26.6945	 2.03	 88.34	0.041	  124.45	 99.76
 287.00	 284.44	 6.4004	33.9758	26.6954	 2.03	 88.26	0.041	  124.49	 99.76
 288.00	 285.43	 6.3968	33.9759	26.6960	 2.02	 87.99	0.041	  124.44	 99.76
 289.00	 286.42	 6.3965	33.9767	26.6966	 2.01	 87.24	0.041	  124.48	 99.76
 290.00	 287.41	 6.4005	33.9793	26.6982	 1.99	 86.43	0.041	  124.49	 99.76
 291.00	 288.40	 6.3973	33.9812	26.7001	 1.97	 85.84	0.041	  124.50	 99.76
 292.00	 289.39	 6.3954	33.9820	26.7010	 1.96	 85.07	0.041	  124.43	 99.76
 293.00	 290.39	 6.3921	33.9829	26.7021	 1.93	 84.01	0.041	  124.48	 99.76
 294.00	 291.38	 6.3755	33.9857	26.7065	 1.91	 83.12	0.041	  124.47	 99.77
 295.00	 292.37	 6.3610	33.9858	26.7085	 1.90	 82.44	0.041	  124.53	 99.77
 296.00	 293.36	 6.3335	33.9859	26.7121	 1.88	 81.82	0.041	  124.52	 99.78
 297.00	 294.35	 6.3049	33.9867	26.7164	 1.87	 81.16	0.041	  124.52	 99.78
 298.00	 295.34	 6.2913	33.9866	26.7181	 1.85	 80.46	0.041	  124.53	 99.78
 299.00	 296.33	 6.2518	33.9862	26.7228	 1.84	 79.90	0.041	  124.53	 99.78
 300.00	 297.32	 6.2343	33.9885	26.7269	 1.82	 79.34	0.041	  124.53	 99.78
 301.00	 298.31	 6.2204	33.9888	26.7290	 1.81	 78.87	0.041	  124.59	 99.78
 302.00	 299.30	 6.2167	33.9894	26.7299	 1.80	 78.36	0.041	  124.55	 99.78
 303.00	 300.29	 6.2153	33.9898	26.7305	 1.79	 77.84	0.041	  124.55	 99.78
 304.00	 301.28	 6.2151	33.9916	26.7319	 1.78	 77.36	0.041	  124.51	 99.79
 305.00	 302.27	 6.2168	33.9933	26.7330	 1.77	 76.95	0.041	  124.60	 99.79
 306.00	 303.26	 6.2110	33.9937	26.7340	 1.76	 76.53	0.041	  124.52	 99.79
 307.00	 304.25	 6.2119	33.9954	26.7353	 1.75	 75.96	0.041	  124.52	 99.80
 308.00	 305.24	 6.2092	33.9961	26.7362	 1.73	 75.38	0.041	  124.54	 99.80
 309.00	 306.23	 6.1989	33.9955	26.7371	 1.72	 74.83	0.041	  124.62	 99.80
 310.00	 307.22	 6.1875	33.9958	26.7388	 1.71	 74.29	0.041	  124.57	 99.80
 311.00	 308.21	 6.1732	33.9989	26.7431	 1.70	 73.90	0.041	  124.56	 99.80
 312.00	 309.20	 6.1575	33.9989	26.7451	 1.69	 73.51	0.041	  124.56	 99.80
 313.00	 310.19	 6.1473	33.9998	26.7471	 1.68	 73.20	0.041	  124.53	 99.80
 314.00	 311.18	 6.1464	33.9997	26.7471	 1.68	 72.90	0.041	  124.60	 99.81
 315.00	 312.17	 6.1462	33.9997	26.7471	 1.67	 72.76	0.041	  124.55	 99.81
 316.00	 313.16	 6.1434	33.9996	26.7475	 1.67	 72.52	0.041	  124.52	 99.81
 317.00	 314.15	 6.1365	33.9999	26.7486	 1.66	 72.04	0.041	  124.59	 99.82
 318.00	 315.14	 6.1224	34.0003	26.7507	 1.65	 71.62	0.041	  124.56	 99.81
 319.00	 316.13	 6.1065	34.0019	26.7540	 1.64	 71.36	0.041	  124.65	 99.82
 320.00	 317.12	 6.1024	34.0020	26.7546	 1.64	 71.12	0.041	  124.56	 99.83
 321.00	 318.11	 6.0885	34.0018	26.7562	 1.63	 70.93	0.041	  124.58	 99.83
 322.00	 319.10	 6.0828	34.0024	26.7574	 1.63	 70.76	0.041	  124.57	 99.82
 323.00	 320.09	 6.0791	34.0028	26.7582	 1.62	 70.48	0.041	  124.59	 99.83
 324.00	 321.08	 6.0752	34.0033	26.7590	 1.61	 70.10	0.041	  124.58	 99.83
 325.00	 322.07	 6.0692	34.0035	26.7600	 1.60	 69.65	0.041	  124.54	 99.83
 326.00	 323.07	 6.0553	34.0049	26.7629	 1.59	 69.09	0.041	  124.59	 99.83
 327.00	 324.06	 6.0396	34.0069	26.7665	 1.58	 68.58	0.041	  124.62	 99.83
 328.00	 325.05	 6.0321	34.0083	26.7685	 1.57	 68.22	0.041	  124.60	 99.83
 329.00	 326.04	 6.0262	34.0088	26.7696	 1.56	 67.99	0.041	  124.65	 99.83
 330.00	 327.03	 6.0231	34.0092	26.7703	 1.56	 67.78	0.041	  124.61	 99.83
 331.00	 328.02	 6.0202	34.0094	26.7709	 1.55	 67.60	0.041	  124.62	 99.83
 332.00	 329.01	 6.0167	34.0092	26.7712	 1.55	 67.47	0.041	  124.64	 99.83
 333.00	 330.00	 6.0142	34.0093	26.7716	 1.55	 67.39	0.041	  124.58	 99.83
 334.00	 330.99	 6.0125	34.0094	26.7719	 1.55	 67.22	0.042	  124.61	 99.83
 335.00	 331.98	 6.0111	34.0098	26.7724	 1.54	 67.08	0.041	  124.63	 99.83
 336.00	 332.97	 6.0106	34.0099	26.7725	 1.54	 66.92	0.041	  124.60	 99.83
 337.00	 333.96	 6.0102	34.0100	26.7727	 1.52	 66.31	0.041	  124.67	 99.83
 338.00	 334.95	 6.0078	34.0133	26.7756	 1.51	 65.62	0.041	  124.63	 99.84
 339.00	 335.94	 6.0085	34.0182	26.7794	 1.50	 65.11	0.041	  124.73	 99.84
 340.00	 336.93	 6.0107	34.0199	26.7805	 1.49	 64.65	0.041	  124.65	 99.84
 341.00	 337.92	 6.0135	34.0210	26.7810	 1.48	 64.29	0.041	  124.65	 99.84
 342.00	 338.91	 6.0109	34.0205	26.7810	 1.47	 63.86	0.041	  124.69	 99.84
 343.00	 339.90	 6.0133	34.0224	26.7822	 1.46	 63.42	0.041	  124.58	 99.85
 344.00	 340.89	 6.0170	34.0234	26.7825	 1.45	 62.92	0.041	  124.69	 99.85
 345.00	 341.88	 5.9952	34.0227	26.7847	 1.43	 62.21	0.041	  124.70	 99.85
 346.00	 342.87	 5.9821	34.0263	26.7892	 1.40	 60.89	0.041	  124.66	 99.85
 347.00	 343.86	 6.0391	34.0433	26.7955	 1.35	 58.92	0.041	  124.66	 99.85
 348.00	 344.85	 6.0912	34.0529	26.7966	 1.32	 57.20	0.041	  124.64	 99.85
 349.00	 345.84	 6.0902	34.0542	26.7976	 1.30	 56.41	0.041	  124.57	 99.86
 350.00	 346.83	 6.0883	34.0549	26.7985	 1.29	 56.04	0.041	  124.66	 99.87
 351.00	 347.82	 6.0894	34.0552	26.7986	 1.28	 55.87	0.041	  124.69	 99.87
 352.00	 348.81	 6.0889	34.0550	26.7985	 1.28	 55.70	0.041	  124.66	 99.87
 353.00	 349.80	 6.0770	34.0529	26.7983	 1.28	 55.62	0.041	  124.61	 99.88
 354.00	 350.79	 6.0657	34.0544	26.8010	 1.27	 55.45	0.041	  124.64	 99.88
 355.00	 351.78	 6.0620	34.0545	26.8015	 1.27	 55.40	0.041	  124.67	 99.88
 356.00	 352.77	 6.0593	34.0541	26.8016	 1.27	 55.34	0.041	  124.68	 99.88
 357.00	 353.76	 6.0554	34.0539	26.8019	 1.27	 55.30	0.041	  124.70	 99.88
 358.00	 354.75	 6.0557	34.0541	26.8021	 1.27	 55.33	0.041	  124.68	 99.88
 359.00	 355.74	 6.0508	34.0523	26.8013	 1.28	 55.47	0.041	  124.68	 99.88
 360.00	 356.73	 6.0307	34.0511	26.8028	 1.28	 55.62	0.041	  124.66	 99.88
 361.00	 357.72	 6.0189	34.0490	26.8027	 1.28	 55.86	0.041	  124.69	 99.88
 362.00	 358.71	 6.0090	34.0483	26.8034	 1.29	 56.02	0.041	  124.73	 99.88
 363.00	 359.70	 5.9999	34.0465	26.8031	 1.30	 56.35	0.041	  124.67	 99.88
 364.00	 360.69	 5.9746	34.0421	26.8028	 1.30	 56.71	0.041	  124.69	 99.88
 365.00	 361.68	 5.8921	34.0350	26.8075	 1.31	 57.18	0.041	  124.77	 99.88
 366.00	 362.67	 5.8315	34.0325	26.8130	 1.32	 57.51	0.041	  124.78	 99.88
 367.00	 363.66	 5.7986	34.0324	26.8170	 1.32	 57.56	0.041	  124.72	 99.88
 368.00	 364.65	 5.7880	34.0319	26.8179	 1.32	 57.53	0.041	  124.73	 99.88
 369.00	 365.64	 5.7763	34.0316	26.8191	 1.32	 57.52	0.041	  124.68	 92.87
 370.00	 366.63	 5.7730	34.0315	26.8194	 1.32	 57.45	0.040	  124.70	 67.42
 371.00	 367.62	 5.7675	34.0310	26.8197	 1.32	 57.42	0.041	  124.72	 99.77
 372.00	 368.61	 5.7579	34.0306	26.8206	 1.32	 57.26	0.041	  124.72	 99.88
 373.00	 369.60	 5.7493	34.0306	26.8217	 1.31	 57.14	0.041	  124.77	 99.88
 374.00	 370.59	 5.7475	34.0315	26.8226	 1.31	 57.05	0.041	  124.71	 99.88
 375.00	 371.58	 5.7464	34.0319	26.8231	 1.31	 56.88	0.041	  124.73	 99.88
 376.00	 372.57	 5.7398	34.0318	26.8238	 1.30	 56.64	0.041	  124.70	 99.88
 377.00	 373.56	 5.7199	34.0324	26.8267	 1.30	 56.42	0.042	  124.66	 99.88
 378.00	 374.55	 5.7102	34.0334	26.8287	 1.29	 56.22	0.041	  124.71	 99.88
 379.00	 375.54	 5.6968	34.0331	26.8301	 1.29	 55.96	0.041	  124.68	 99.88
 380.00	 376.53	 5.6807	34.0343	26.8330	 1.28	 55.60	0.041	  124.69	 99.88
 381.00	 377.52	 5.6774	34.0360	26.8347	 1.27	 55.13	0.041	  124.78	 99.88
 382.00	 378.51	 5.6869	34.0401	26.8368	 1.26	 54.66	0.041	  124.80	 99.88
 383.00	 379.50	 5.6879	34.0406	26.8371	 1.25	 54.35	0.041	  124.78	 99.88
 384.00	 380.49	 5.6851	34.0410	26.8378	 1.24	 54.10	0.041	  124.73	 99.88
 385.00	 381.48	 5.6882	34.0423	26.8385	 1.24	 53.78	0.041	  124.76	 99.88
 386.00	 382.47	 5.6863	34.0428	26.8391	 1.23	 53.57	0.041	  124.72	 99.88
 387.00	 383.46	 5.6833	34.0435	26.8401	 1.23	 53.51	0.041	  124.72	 99.88
 388.00	 384.45	 5.6830	34.0436	26.8402	 1.23	 53.47	0.041	  124.75	 99.88
 389.00	 385.44	 5.6831	34.0435	26.8401	 1.23	 53.31	0.041	  124.68	 99.89
 390.00	 386.43	 5.6855	34.0448	26.8408	 1.22	 53.26	0.041	  124.72	 99.89
 391.00	 387.42	 5.6888	34.0453	26.8408	 1.22	 53.03	0.041	  124.68	 99.89
 392.00	 388.41	 5.6926	34.0466	26.8414	 1.21	 52.82	0.041	  124.79	 99.88
 393.00	 389.40	 5.6999	34.0480	26.8417	 1.21	 52.54	0.041	  124.72	 99.89
 394.00	 390.39	 5.7016	34.0488	26.8421	 1.20	 52.29	0.041	  124.69	 99.89
 395.00	 391.38	 5.7017	34.0494	26.8425	 1.20	 52.08	0.041	  124.72	 99.89
 396.00	 392.37	 5.7029	34.0502	26.8431	 1.19	 51.88	0.041	  124.71	 99.89
 397.00	 393.36	 5.7032	34.0525	26.8448	 1.18	 51.53	0.041	  124.73	 99.89
 398.00	 394.35	 5.6948	34.0523	26.8457	 1.18	 51.40	0.041	  124.74	 99.90
 399.00	 395.34	 5.6714	34.0482	26.8453	 1.18	 51.51	0.042	  124.75	 99.89
 400.00	 396.33	 5.6480	34.0441	26.8449	 1.18	 51.52	0.042	  124.71	 99.90
 401.00	 397.32	 5.6231	34.0473	26.8505	 1.19	 51.56	0.041	  124.69	 99.90
 402.00	 398.31	 5.6237	34.0476	26.8507	 1.18	 51.50	0.041	  124.75	 99.90
 403.00	 399.30	 5.6000	34.0463	26.8525	 1.18	 51.51	0.041	  124.76	 99.90
 404.00	 400.29	 5.5866	34.0464	26.8542	 1.18	 51.43	0.041	  124.79	 99.90
 405.00	 401.28	 5.5744	34.0454	26.8549	 1.18	 51.43	0.041	  124.75	 99.90
 406.00	 402.27	 5.5689	34.0455	26.8557	 1.18	 51.27	0.041	  124.67	 99.90
 407.00	 403.26	 5.5653	34.0461	26.8565	 1.18	 51.19	0.041	  124.76	 99.90
 408.00	 404.25	 5.5622	34.0462	26.8570	 1.17	 50.95	0.041	  124.70	 99.90
 409.00	 405.24	 5.5531	34.0471	26.8589	 1.17	 50.71	0.041	  124.71	 99.89
 410.00	 406.23	 5.5457	34.0481	26.8605	 1.16	 50.36	0.041	  124.74	 99.90
 411.00	 407.22	 5.5363	34.0499	26.8631	 1.15	 50.09	0.041	  124.76	 99.90
 412.00	 408.21	 5.5314	34.0525	26.8658	 1.14	 49.71	0.041	  124.71	 99.90
 413.00	 409.20	 5.5294	34.0539	26.8671	 1.13	 49.20	0.041	  124.76	 99.90
 414.00	 410.19	 5.5282	34.0546	26.8678	 1.12	 48.88	0.041	  124.75	 99.90
 415.00	 411.18	 5.5243	34.0554	26.8689	 1.12	 48.73	0.042	  124.78	 99.90
 416.00	 412.17	 5.5226	34.0558	26.8694	 1.12	 48.68	0.042	  124.68	 99.90
 417.00	 413.16	 5.5223	34.0558	26.8695	 1.12	 48.56	0.041	  124.72	 99.90
 418.00	 414.15	 5.5219	34.0560	26.8697	 1.11	 48.36	0.041	  124.67	 99.90
 419.00	 415.13	 5.5203	34.0577	26.8713	 1.10	 48.03	0.041	  124.71	 99.90
 420.00	 416.12	 5.5177	34.0595	26.8730	 1.10	 47.65	0.041	  124.73	 99.90
 421.00	 417.11	 5.5166	34.0602	26.8737	 1.09	 47.44	0.041	  124.75	 99.90
 422.00	 418.10	 5.5150	34.0607	26.8743	 1.09	 47.27	0.041	  124.72	 99.90
 423.00	 419.09	 5.5141	34.0610	26.8746	 1.08	 47.15	0.041	  124.71	 99.90
 424.00	 420.08	 5.5127	34.0613	26.8750	 1.08	 46.95	0.041	  124.73	 99.91
 425.00	 421.07	 5.5102	34.0620	26.8760	 1.08	 46.82	0.041	  124.74	 99.91
 426.00	 422.06	 5.5020	34.0631	26.8778	 1.07	 46.65	0.042	  124.75	 99.91
 427.00	 423.05	 5.4968	34.0641	26.8792	 1.07	 46.39	0.041	  124.68	 99.91
 428.00	 424.04	 5.4957	34.0644	26.8796	 1.06	 46.25	0.041	  124.68	 99.91
 429.00	 425.03	 5.4939	34.0654	26.8806	 1.06	 46.03	0.041	  124.71	 99.91
 430.00	 426.02	 5.4915	34.0662	26.8816	 1.06	 45.89	0.041	  124.74	 99.91
 431.00	 427.01	 5.4878	34.0671	26.8827	 1.05	 45.63	0.041	  124.76	 99.91
 432.00	 428.00	 5.4845	34.0683	26.8841	 1.04	 45.31	0.041	  124.71	 99.92
 433.00	 428.99	 5.4835	34.0691	26.8848	 1.04	 45.16	0.041	  124.75	 99.92
 434.00	 429.98	 5.4830	34.0694	26.8851	 1.03	 44.93	0.041	  124.71	 99.92
 435.00	 430.97	 5.4813	34.0706	26.8863	 1.03	 44.80	0.041	  124.70	 99.92
 436.00	 431.96	 5.4799	34.0715	26.8872	 1.03	 44.67	0.041	  124.74	 99.92
 437.00	 432.95	 5.4795	34.0717	26.8874	 1.02	 44.47	0.040	  124.74	 99.92
 438.00	 433.94	 5.4796	34.0719	26.8876	 1.02	 44.26	0.041	  124.71	 99.93
 439.00	 434.93	 5.4786	34.0734	26.8889	 1.01	 44.11	0.041	  124.74	 99.93
 440.00	 435.92	 5.4782	34.0743	26.8896	 1.01	 43.97	0.041	  124.68	 99.93
 441.00	 436.91	 5.4779	34.0753	26.8905	 1.01	 43.76	0.041	  124.69	 99.93
 442.00	 437.90	 5.4777	34.0758	26.8909	 1.00	 43.45	0.041	  124.69	 99.93
 443.00	 438.89	 5.4766	34.0772	26.8922	 0.99	 43.25	0.041	  124.81	 99.93
 444.00	 439.88	 5.4745	34.0781	26.8932	 0.99	 43.07	0.041	  124.68	 99.93
 445.00	 440.87	 5.4717	34.0791	26.8943	 0.99	 42.96	0.041	  124.78	 99.93
 446.00	 441.86	 5.4709	34.0792	26.8944	 0.98	 42.83	0.041	  124.73	 99.93
 447.00	 442.85	 5.4722	34.0788	26.8940	 0.98	 42.67	0.041	  124.78	 99.93
 448.00	 443.84	 5.4679	34.0797	26.8952	 0.98	 42.44	0.041	  124.74	 99.93
 449.00	 444.83	 5.4631	34.0812	26.8970	 0.97	 42.38	0.041	  124.82	 99.93
 450.00	 445.82	 5.4608	34.0811	26.8972	 0.97	 42.20	0.041	  124.71	 99.93
 451.00	 446.81	 5.4534	34.0814	26.8984	 0.97	 42.08	0.041	  124.72	 99.93
 452.00	 447.79	 5.4529	34.0825	26.8993	 0.96	 41.94	0.041	  124.73	 99.93
 453.00	 448.78	 5.4566	34.0836	26.8997	 0.95	 41.36	0.041	  124.75	 99.93
 454.00	 449.77	 5.4649	34.0891	26.9031	 0.94	 40.67	0.041	  124.74	 99.93
 455.00	 450.76	 5.4912	34.0964	26.9057	 0.93	 40.30	0.041	  124.76	 99.93
 456.00	 451.75	 5.5013	34.0981	26.9059	 0.92	 40.01	0.041	  124.73	 99.93
 457.00	 452.74	 5.5059	34.0990	26.9061	 0.91	 39.71	0.040	  124.67	 99.93
 458.00	 453.73	 5.5060	34.0992	26.9062	 0.91	 39.46	0.041	  124.70	 99.93
 459.00	 454.72	 5.5008	34.0986	26.9064	 0.90	 39.32	0.041	  124.73	 99.93
 460.00	 455.71	 5.4924	34.0983	26.9071	 0.90	 39.21	0.041	  124.75	 99.93
 461.00	 456.70	 5.4878	34.0984	26.9078	 0.90	 39.14	0.041	  124.68	 99.93
 462.00	 457.69	 5.4663	34.0972	26.9094	 0.90	 39.04	0.041	  124.68	 99.93
 463.00	 458.68	 5.4569	34.0985	26.9116	 0.90	 39.04	0.041	  124.74	 99.94
 464.00	 459.67	 5.4567	34.0994	26.9123	 0.90	 38.92	0.041	  124.72	 99.93
 465.00	 460.66	 5.4489	34.0990	26.9130	 0.89	 38.76	0.041	  124.75	 99.94
 466.00	 461.65	 5.4412	34.0987	26.9136	 0.89	 38.71	0.041	  124.75	 99.94
 467.00	 462.64	 5.4334	34.0979	26.9139	 0.89	 38.56	0.041	  124.70	 99.94
 468.00	 463.63	 5.4313	34.0986	26.9147	 0.89	 38.54	0.041	  124.75	 99.93
 469.00	 464.62	 5.4302	34.0990	26.9152	 0.88	 38.37	0.041	  124.80	 99.94
 470.00	 465.61	 5.4268	34.0996	26.9161	 0.88	 38.24	0.041	  124.71	 99.94
 471.00	 466.60	 5.4247	34.1003	26.9169	 0.87	 38.04	0.041	  124.73	 99.94
 472.00	 467.59	 5.4214	34.1009	26.9177	 0.87	 37.79	0.041	  124.74	 99.94
 473.00	 468.58	 5.4146	34.1019	26.9194	 0.87	 37.71	0.041	  124.76	 99.94
 474.00	 469.57	 5.4096	34.1025	26.9205	 0.87	 37.69	0.041	  124.76	 99.94
 475.00	 470.55	 5.4053	34.1024	26.9209	 0.86	 37.53	0.040	  124.70	 99.94
 476.00	 471.54	 5.3938	34.1017	26.9217	 0.86	 37.50	0.041	  124.76	 99.93
 477.00	 472.53	 5.3835	34.1021	26.9232	 0.86	 37.38	0.042	  124.75	 99.94
 478.00	 473.52	 5.3780	34.1026	26.9243	 0.86	 37.24	0.041	  124.77	 99.94
 479.00	 474.51	 5.3710	34.1028	26.9253	 0.85	 36.92	0.041	  124.68	 99.95
 480.00	 475.50	 5.3564	34.1023	26.9267	 0.84	 36.66	0.041	  124.69	 99.94
 481.00	 476.49	 5.3441	34.1039	26.9294	 0.83	 36.30	0.040	  124.71	 99.94
 482.00	 477.48	 5.3276	34.1076	26.9342	 0.83	 36.11	0.042	  124.79	 99.95
 483.00	 478.47	 5.3179	34.1100	26.9373	 0.82	 35.79	0.041	  124.80	 99.94
 484.00	 479.46	 5.3160	34.1104	26.9378	 0.82	 35.47	0.041	  124.73	 99.95
 485.00	 480.45	 5.3154	34.1105	26.9380	 0.81	 35.35	0.041	  124.76	 99.95
 486.00	 481.44	 5.3131	34.1110	26.9387	 0.81	 35.08	0.041	  124.67	 99.95
 487.00	 482.43	 5.3096	34.1117	26.9397	 0.80	 34.88	0.041	  124.73	 99.95
 488.00	 483.42	 5.2951	34.1148	26.9438	 0.79	 34.57	0.041	  124.72	 99.95
 489.00	 484.41	 5.2943	34.1149	26.9440	 0.79	 34.24	0.041	  124.72	 99.95
 490.00	 485.40	 5.2891	34.1161	26.9455	 0.78	 34.06	0.041	  124.75	 99.95
 491.00	 486.39	 5.2885	34.1164	26.9459	 0.78	 34.06	0.041	  124.68	 99.95
 492.00	 487.38	 5.2878	34.1166	26.9462	 0.78	 33.92	0.041	  124.75	 99.95
 493.00	 488.37	 5.2863	34.1169	26.9466	 0.78	 33.90	0.042	  124.78	 99.95
 494.00	 489.35	 5.2836	34.1175	26.9474	 0.78	 33.71	0.041	  124.77	 99.95
 495.00	 490.34	 5.2803	34.1182	26.9483	 0.77	 33.54	0.041	  124.73	 99.95
 496.00	 491.33	 5.2741	34.1191	26.9498	 0.77	 33.42	0.040	  124.75	 99.95
 497.00	 492.32	 5.2690	34.1202	26.9512	 0.77	 33.27	0.042	  124.81	 99.95
 498.00	 493.31	 5.2654	34.1209	26.9522	 0.76	 32.90	0.041	  124.76	 99.95
 499.00	 494.30	 5.2593	34.1220	26.9538	 0.75	 32.60	0.041	  124.77	 99.95
 500.00	 495.29	 5.2476	34.1262	26.9585	 0.74	 32.24	0.040	  124.77	 99.95
 501.00	 496.28	 5.2463	34.1288	26.9608	 0.74	 32.02	0.041	  124.80	 99.95
 502.00	 497.27	 5.2489	34.1297	26.9611	 0.73	 31.72	0.041	  124.75	 99.95
 503.00	 498.26	 5.2483	34.1306	26.9619	 0.72	 31.45	0.041	  124.69	 99.96
 504.00	 499.25	 5.2480	34.1316	26.9628	 0.72	 31.35	0.040	  124.86	 99.95
 505.00	 500.24	 5.2481	34.1317	26.9628	 0.72	 31.19	0.040	  124.73	 99.95
 506.00	 501.23	 5.2468	34.1324	26.9636	 0.72	 31.10	0.040	  124.76	 99.95
 507.00	 502.22	 5.2453	34.1324	26.9638	 0.71	 31.05	0.041	  124.74	 99.96
 508.00	 503.21	 5.2402	34.1331	26.9649	 0.71	 30.95	0.041	  124.77	 99.96
 509.00	 504.20	 5.2324	34.1343	26.9668	 0.71	 30.70	0.040	  124.76	 99.97
 510.00	 505.18	 5.2246	34.1356	26.9687	 0.70	 30.51	0.040	  124.75	 99.96
 511.00	 506.17	 5.2242	34.1361	26.9692	 0.70	 30.54	0.041	  124.80	 99.95
 512.00	 507.16	 5.2224	34.1364	26.9697	 0.70	 30.41	0.040	  124.72	 99.95
 513.00	 508.15	 5.2218	34.1365	26.9698	 0.70	 30.35	0.041	  124.80	 99.96
 514.00	 509.14	 5.2208	34.1367	26.9701	 0.70	 30.24	0.042	  124.76	 99.96
 515.00	 510.13	 5.2186	34.1369	26.9705	 0.69	 30.15	0.042	  124.75	 99.96
 516.00	 511.12	 5.2138	34.1379	26.9719	 0.69	 29.99	0.041	  124.76	 99.97
 517.00	 512.11	 5.2124	34.1399	26.9736	 0.69	 29.79	0.041	  124.73	 99.97
 518.00	 513.10	 5.2117	34.1406	26.9743	 0.68	 29.60	0.041	  124.72	 99.97
 519.00	 514.09	 5.2110	34.1424	26.9758	 0.68	 29.51	0.041	  124.79	 99.97
 520.00	 515.08	 5.2106	34.1431	26.9764	 0.67	 29.34	0.040	  124.74	 99.96
 521.00	 516.07	 5.2107	34.1449	26.9779	 0.67	 29.33	0.041	  124.80	 99.96
 522.00	 517.06	 5.2104	34.1456	26.9784	 0.67	 29.17	0.041	  124.76	 99.97
 523.00	 518.05	 5.2097	34.1476	26.9801	 0.67	 28.95	0.040	  124.77	 99.97
 524.00	 519.04	 5.2092	34.1493	26.9815	 0.66	 28.82	0.041	  124.71	 99.98
 525.00	 520.02	 5.2072	34.1493	26.9818	 0.66	 28.77	0.040	  124.70	 99.98
 526.00	 521.01	 5.1998	34.1490	26.9824	 0.66	 28.68	0.040	  124.79	 99.97
 527.00	 522.00	 5.1957	34.1490	26.9829	 0.66	 28.63	0.040	  124.73	 99.98
 528.00	 522.99	 5.1889	34.1490	26.9837	 0.66	 28.53	0.041	  124.75	 99.98
 529.00	 523.98	 5.1876	34.1493	26.9841	 0.65	 28.46	0.041	  124.70	 99.98
 530.00	 524.97	 5.1864	34.1499	26.9847	 0.65	 28.44	0.040	  124.68	 99.98
 531.00	 525.96	 5.1861	34.1505	26.9852	 0.65	 28.36	0.041	  124.76	 99.98
 532.00	 526.95	 5.1843	34.1510	26.9858	 0.65	 28.24	0.040	  124.74	 99.98
 533.00	 527.94	 5.1819	34.1517	26.9866	 0.65	 28.18	0.041	  124.74	 99.98
 534.00	 528.93	 5.1800	34.1522	26.9873	 0.65	 28.09	0.040	  124.75	 99.98
 535.00	 529.92	 5.1791	34.1526	26.9878	 0.64	 27.98	0.041	  124.70	 76.58
 536.00	 530.91	 5.1787	34.1536	26.9886	 0.64	 27.98	0.041	  124.72	 99.85
 537.00	 531.90	 5.1790	34.1545	26.9893	 0.64	 27.94	0.041	  124.73	 99.98
 538.00	 532.88	 5.1793	34.1550	26.9896	 0.64	 27.89	0.040	  124.72	 99.98
 539.00	 533.87	 5.1806	34.1555	26.9899	 0.64	 27.74	0.041	  124.70	 99.98
 540.00	 534.86	 5.1816	34.1557	26.9900	 0.64	 27.80	0.041	  124.72	 99.98
 541.00	 535.85	 5.1836	34.1563	26.9902	 0.64	 27.77	0.042	  124.65	 99.98
 542.00	 536.84	 5.1833	34.1563	26.9902	 0.64	 27.74	0.041	  124.72	 99.98
 543.00	 537.83	 5.1831	34.1565	26.9905	 0.64	 27.67	0.041	  124.70	 99.98
 544.00	 538.82	 5.1816	34.1574	26.9913	 0.64	 27.66	0.041	  124.71	 99.98
 545.00	 539.81	 5.1811	34.1575	26.9915	 0.63	 27.58	0.041	  124.72	 99.98
 546.00	 540.80	 5.1798	34.1575	26.9917	 0.63	 27.56	0.040	  124.65	 99.98
 547.00	 541.79	 5.1787	34.1576	26.9919	 0.63	 27.46	0.040	  124.68	 99.98
 548.00	 542.78	 5.1696	34.1573	26.9927	 0.63	 27.43	0.040	  124.68	 99.98
 549.00	 543.77	 5.1566	34.1595	26.9960	 0.63	 27.35	0.041	  124.78	 99.98
 550.00	 544.75	 5.1558	34.1594	26.9959	 0.63	 27.27	0.042	  124.68	 99.98
 551.00	 545.74	 5.1534	34.1597	26.9965	 0.63	 27.21	0.042	  124.78	 99.98
 552.00	 546.73	 5.1518	34.1598	26.9967	 0.62	 27.12	0.041	  124.73	 99.98
 553.00	 547.72	 5.1508	34.1599	26.9969	 0.62	 27.07	0.040	  124.74	 99.98
 554.00	 548.71	 5.1493	34.1600	26.9972	 0.62	 27.09	0.041	  124.71	 99.98
 555.00	 549.70	 5.1465	34.1601	26.9977	 0.62	 27.02	0.041	  124.62	 99.98
 556.00	 550.69	 5.1431	34.1604	26.9983	 0.62	 26.99	0.041	  124.73	 99.98
 557.00	 551.68	 5.1346	34.1607	26.9995	 0.62	 26.89	0.041	  124.64	 99.98
 558.00	 552.67	 5.1279	34.1612	27.0007	 0.61	 26.71	0.041	  124.76	 99.98
 559.00	 553.66	 5.1114	34.1623	27.0035	 0.61	 26.62	0.041	  124.75	 99.98
 560.00	 554.65	 5.0982	34.1605	27.0035	 0.61	 26.52	0.040	  124.76	 99.98
 561.00	 555.64	 5.0546	34.1595	27.0078	 0.61	 26.44	0.040	  124.76	 99.98
 562.00	 556.62	 5.0409	34.1596	27.0094	 0.60	 26.29	0.041	  124.73	 99.98
 563.00	 557.61	 5.0328	34.1604	27.0110	 0.60	 26.03	0.040	  124.70	 99.98
 564.00	 558.60	 5.0300	34.1609	27.0117	 0.60	 25.94	0.041	  124.76	 99.98
 565.00	 559.59	 5.0258	34.1614	27.0126	 0.59	 25.86	0.042	  124.73	 99.98
 566.00	 560.58	 5.0234	34.1620	27.0133	 0.59	 25.70	0.042	  124.68	 99.98
 567.00	 561.57	 5.0187	34.1624	27.0142	 0.59	 25.64	0.040	  124.73	 99.98
 568.00	 562.56	 5.0166	34.1629	27.0149	 0.59	 25.51	0.040	  124.69	 99.98
 569.00	 563.55	 5.0161	34.1629	27.0149	 0.58	 25.40	0.041	  124.63	 99.98
 570.00	 564.54	 5.0154	34.1630	27.0151	 0.58	 25.39	0.042	  124.74	 99.98
 571.00	 565.53	 5.0139	34.1632	27.0155	 0.58	 25.36	0.041	  124.70	 99.98
 572.00	 566.51	 5.0136	34.1633	27.0156	 0.58	 25.32	0.041	  124.69	 99.98
 573.00	 567.50	 5.0121	34.1638	27.0161	 0.58	 25.22	0.040	  124.69	 99.98
 574.00	 568.49	 5.0110	34.1640	27.0164	 0.58	 25.21	0.040	  124.68	 99.98
 575.00	 569.48	 5.0100	34.1642	27.0167	 0.58	 25.13	0.040	  124.68	 99.98
 576.00	 570.47	 5.0092	34.1644	27.0170	 0.58	 25.10	0.040	  124.68	 99.98
 577.00	 571.46	 5.0074	34.1649	27.0176	 0.58	 25.05	0.041	  124.72	 99.98
 578.00	 572.45	 5.0073	34.1649	27.0176	 0.58	 25.06	0.041	  124.78	 99.98
 579.00	 573.44	 5.0058	34.1653	27.0181	 0.58	 25.05	0.040	  124.72	 99.98
 580.00	 574.43	 5.0051	34.1656	27.0184	 0.57	 24.96	0.041	  124.71	 99.98
 581.00	 575.42	 5.0038	34.1659	27.0188	 0.57	 24.91	0.041	  124.72	 99.98
 582.00	 576.41	 5.0025	34.1663	27.0193	 0.57	 24.85	0.041	  124.76	 99.98
 583.00	 577.39	 4.9980	34.1671	27.0205	 0.57	 24.79	0.040	  124.66	 99.98
 584.00	 578.38	 4.9921	34.1690	27.0226	 0.57	 24.63	0.040	  124.76	 99.98
 585.00	 579.37	 4.9908	34.1704	27.0239	 0.57	 24.59	0.041	  124.81	 99.98
 586.00	 580.36	 4.9911	34.1707	27.0241	 0.56	 24.56	0.042	  124.74	 99.98
 587.00	 581.35	 4.9913	34.1705	27.0239	 0.56	 24.49	0.041	  124.71	 99.98
 588.00	 582.34	 4.9913	34.1706	27.0241	 0.56	 24.35	0.041	  124.73	 99.99
 589.00	 583.33	 4.9914	34.1707	27.0241	 0.56	 24.36	0.041	  124.71	 99.98
 590.00	 584.32	 4.9915	34.1706	27.0240	 0.56	 24.37	0.040	  124.68	 99.98
 591.00	 585.31	 4.9914	34.1707	27.0241	 0.56	 24.39	0.040	  124.71	 99.98
 592.00	 586.29	 4.9914	34.1707	27.0242	 0.56	 24.37	0.040	  124.68	 99.98
 593.00	 587.28	 4.9913	34.1709	27.0243	 0.56	 24.37	0.042	  124.80	 99.98
 594.00	 588.27	 4.9918	34.1711	27.0244	 0.56	 24.40	0.042	  124.69	 99.98
 595.00	 589.26	 4.9911	34.1713	27.0247	 0.56	 24.29	0.041	  124.75	 99.98
 596.00	 590.25	 4.9848	34.1723	27.0262	 0.56	 24.26	0.041	  124.68	 99.98
 597.00	 591.24	 4.9836	34.1730	27.0269	 0.56	 24.20	0.041	  124.65	 99.99
 598.00	 592.23	 4.9810	34.1732	27.0273	 0.56	 24.16	0.041	  124.72	 99.98
 599.00	 593.22	 4.9779	34.1731	27.0276	 0.55	 24.06	0.042	  124.71	 99.98
 600.00	 594.21	 4.9782	34.1734	27.0278	 0.55	 24.02	0.041	  124.69	 99.98
 601.00	 595.20	 4.9746	34.1740	27.0288	 0.55	 24.02	0.041	  124.65	 99.99
 602.00	 596.18	 4.9722	34.1746	27.0295	 0.55	 23.94	0.040	  124.72	 99.98
 603.00	 597.17	 4.9705	34.1750	27.0300	 0.55	 23.82	0.040	  124.67	 99.99
 604.00	 598.16	 4.9691	34.1752	27.0304	 0.55	 23.80	0.040	  124.65	 99.98
 605.00	 599.15	 4.9681	34.1756	27.0308	 0.55	 23.72	0.041	  124.66	 99.99
 606.00	 600.14	 4.9677	34.1758	27.0310	 0.55	 23.79	0.041	  124.63	 99.99
 607.00	 601.13	 4.9671	34.1761	27.0313	 0.54	 23.69	0.040	  124.68	 99.99
 608.00	 602.12	 4.9656	34.1764	27.0317	 0.54	 23.61	0.040	  124.64	 99.99
 609.00	 603.11	 4.9620	34.1774	27.0329	 0.54	 23.49	0.040	  124.67	 99.98
 610.00	 604.10	 4.9601	34.1775	27.0332	 0.54	 23.37	0.040	  124.68	 99.99
 611.00	 605.08	 4.9557	34.1785	27.0346	 0.54	 23.28	0.040	  124.68	 99.99
 612.00	 606.07	 4.9538	34.1788	27.0350	 0.54	 23.27	0.041	  124.68	 99.98
 613.00	 607.06	 4.9438	34.1806	27.0376	 0.53	 23.09	0.041	  124.69	 99.99
 614.00	 608.05	 4.9336	34.1823	27.0401	 0.53	 22.95	0.041	  124.64	100.00
 615.00	 609.04	 4.9277	34.1840	27.0421	 0.53	 22.84	0.042	  124.68	 99.99
 616.00	 610.03	 4.9253	34.1845	27.0427	 0.52	 22.74	0.040	  124.72	 99.99
 617.00	 611.02	 4.9203	34.1854	27.0441	 0.52	 22.60	0.041	  124.71	 99.99
 618.00	 612.01	 4.9100	34.1876	27.0470	 0.51	 22.36	0.041	  124.64	 99.99
 619.00	 613.00	 4.8926	34.1903	27.0511	 0.51	 21.96	0.040	  124.72	 99.99
 620.00	 613.98	 4.8832	34.1930	27.0543	 0.50	 21.77	0.040	  124.70	 99.99
 621.00	 614.97	 4.8821	34.1930	27.0544	 0.50	 21.70	0.040	  124.65	100.00
 622.00	 615.96	 4.8784	34.1936	27.0554	 0.50	 21.56	0.041	  124.69	 99.99
 623.00	 616.95	 4.8748	34.1941	27.0562	 0.49	 21.47	0.040	  124.68	 99.99
 624.00	 617.94	 4.8713	34.1951	27.0573	 0.49	 21.35	0.040	  124.68	 99.99
 625.00	 618.93	 4.8698	34.1956	27.0579	 0.49	 21.16	0.040	  124.70	100.00
 626.00	 619.92	 4.8700	34.1992	27.0608	 0.48	 21.04	0.040	  124.67	100.00
 627.00	 620.91	 4.8694	34.2016	27.0627	 0.48	 20.84	0.040	  124.66	100.00
 628.00	 621.89	 4.8675	34.2033	27.0643	 0.48	 20.69	0.040	  124.64	100.00
 629.00	 622.88	 4.8662	34.2041	27.0651	 0.47	 20.58	0.040	  124.71	100.00
 630.00	 623.87	 4.8632	34.2051	27.0662	 0.47	 20.56	0.040	  124.65	100.00
 631.00	 624.86	 4.8631	34.2051	27.0663	 0.47	 20.45	0.040	  124.66	100.00
 632.00	 625.85	 4.8627	34.2055	27.0666	 0.47	 20.40	0.040	  124.65	100.00
 633.00	 626.84	 4.8599	34.2063	27.0676	 0.47	 20.41	0.040	  124.66	100.00
 634.00	 627.83	 4.8524	34.2083	27.0700	 0.47	 20.31	0.040	  124.74	100.00
 635.00	 628.82	 4.8485	34.2090	27.0710	 0.46	 20.20	0.041	  124.63	100.00
 636.00	 629.80	 4.8463	34.2095	27.0716	 0.46	 20.19	0.040	  124.65	100.00
 637.00	 630.79	 4.8395	34.2098	27.0727	 0.46	 20.09	0.041	  124.62	100.00
 638.00	 631.78	 4.8314	34.2104	27.0741	 0.46	 19.95	0.040	  124.66	100.00
 639.00	 632.77	 4.8276	34.2107	27.0748	 0.46	 19.85	0.041	  124.65	100.00
 640.00	 633.76	 4.8254	34.2108	27.0751	 0.46	 19.84	0.041	  124.65	100.00
 641.00	 634.75	 4.8236	34.2108	27.0753	 0.45	 19.73	0.040	  124.64	100.00
 642.00	 635.74	 4.8213	34.2108	27.0755	 0.45	 19.77	0.041	  124.66	100.00
 643.00	 636.73	 4.8206	34.2107	27.0755	 0.45	 19.71	0.041	  124.65	100.00
 644.00	 637.71	 4.8194	34.2107	27.0757	 0.45	 19.74	0.040	  124.71	100.00
 645.00	 638.70	 4.8184	34.2106	27.0758	 0.45	 19.75	0.041	  124.63	100.00
 646.00	 639.69	 4.8169	34.2107	27.0760	 0.45	 19.72	0.041	  124.66	100.00
 647.00	 640.68	 4.8166	34.2108	27.0761	 0.45	 19.70	0.041	  124.62	100.00
 648.00	 641.67	 4.8160	34.2107	27.0761	 0.45	 19.63	0.042	  124.64	100.00
 649.00	 642.66	 4.8125	34.2106	27.0765	 0.45	 19.63	0.041	  124.60	100.00
 650.00	 643.65	 4.8109	34.2114	27.0773	 0.45	 19.53	0.040	  124.65	100.00
 651.00	 644.64	 4.8163	34.2137	27.0785	 0.45	 19.45	0.040	  124.64	100.00
 652.00	 645.62	 4.8167	34.2149	27.0794	 0.45	 19.38	0.040	  124.63	100.00
 653.00	 646.61	 4.8098	34.2158	27.0809	 0.45	 19.39	0.040	  124.65	100.00
 654.00	 647.60	 4.8070	34.2162	27.0816	 0.45	 19.38	0.040	  124.63	100.00
 655.00	 648.59	 4.8001	34.2163	27.0824	 0.44	 19.35	0.040	  124.59	100.00
 656.00	 649.58	 4.7970	34.2167	27.0831	 0.44	 19.22	0.040	  124.65	100.00
 657.00	 650.57	 4.7951	34.2167	27.0833	 0.44	 19.18	0.041	  124.60	100.00
 658.00	 651.56	 4.7923	34.2169	27.0838	 0.44	 19.08	0.041	  124.67	100.00
 659.00	 652.54	 4.7853	34.2171	27.0847	 0.44	 19.03	0.040	  124.61	100.00
 660.00	 653.53	 4.7822	34.2174	27.0853	 0.44	 19.00	0.041	  124.63	100.00
 661.00	 654.52	 4.7816	34.2172	27.0852	 0.44	 19.03	0.042	  124.66	100.00
 662.00	 655.51	 4.7748	34.2167	27.0856	 0.44	 19.00	0.042	  124.64	100.00
 663.00	 656.50	 4.7680	34.2176	27.0870	 0.44	 18.94	0.042	  124.66	100.00
 664.00	 657.49	 4.7673	34.2177	27.0872	 0.44	 18.93	0.042	  124.63	100.00
 665.00	 658.48	 4.7640	34.2177	27.0876	 0.43	 18.81	0.041	  124.60	100.00
 666.00	 659.46	 4.7600	34.2179	27.0882	 0.43	 18.83	0.040	  124.66	100.00
 667.00	 660.45	 4.7598	34.2179	27.0882	 0.43	 18.77	0.041	  124.62	100.00
 668.00	 661.44	 4.7598	34.2178	27.0882	 0.43	 18.70	0.041	  124.61	100.00
 669.00	 662.43	 4.7549	34.2176	27.0886	 0.43	 18.68	0.040	  124.62	100.00
 670.00	 663.42	 4.7541	34.2178	27.0888	 0.43	 18.70	0.040	  124.63	100.00
 671.00	 664.41	 4.7520	34.2178	27.0891	 0.43	 18.67	0.040	  124.54	100.00
 672.00	 665.40	 4.7491	34.2178	27.0894	 0.43	 18.70	0.041	  124.64	100.00
 673.00	 666.38	 4.7469	34.2180	27.0898	 0.43	 18.67	0.042	  124.62	100.00
 674.00	 667.37	 4.7434	34.2181	27.0903	 0.43	 18.55	0.041	  124.59	100.00
 675.00	 668.36	 4.7384	34.2184	27.0911	 0.43	 18.56	0.040	  124.61	100.00
 676.00	 669.35	 4.7294	34.2184	27.0921	 0.42	 18.42	0.040	  124.59	100.00
 677.00	 670.34	 4.7195	34.2194	27.0940	 0.42	 18.36	0.040	  124.62	100.00
 678.00	 671.33	 4.7172	34.2199	27.0946	 0.42	 18.31	0.041	  124.58	100.00
 679.00	 672.32	 4.7160	34.2200	27.0948	 0.42	 18.32	0.041	  124.56	100.00
 680.00	 673.30	 4.7111	34.2199	27.0954	 0.42	 18.18	0.040	  124.62	100.00
 681.00	 674.29	 4.7074	34.2193	27.0953	 0.42	 18.15	0.041	  124.64	100.00
 682.00	 675.28	 4.6983	34.2190	27.0961	 0.42	 18.16	0.040	  124.58	100.00
 683.00	 676.27	 4.6930	34.2192	27.0968	 0.42	 18.07	0.040	  124.55	100.00
 684.00	 677.26	 4.6867	34.2188	27.0972	 0.41	 18.01	0.040	  124.61	100.00
 685.00	 678.25	 4.6822	34.2187	27.0976	 0.41	 18.01	0.040	  124.63	100.00
 686.00	 679.24	 4.6820	34.2183	27.0974	 0.41	 17.96	0.041	  124.61	100.00
 687.00	 680.22	 4.6723	34.2182	27.0983	 0.41	 17.80	0.040	  124.55	100.00
 688.00	 681.21	 4.6489	34.2190	27.1015	 0.41	 17.79	0.040	  124.64	100.00
 689.00	 682.20	 4.6438	34.2205	27.1033	 0.41	 17.69	0.041	  124.69	100.00
 690.00	 683.19	 4.6358	34.2218	27.1052	 0.41	 17.61	0.041	  124.62	100.00
 691.00	 684.18	 4.6335	34.2221	27.1057	 0.40	 17.49	0.040	  124.58	100.00
 692.00	 685.17	 4.6319	34.2227	27.1064	 0.40	 17.39	0.040	  124.60	100.00
 693.00	 686.16	 4.6264	34.2233	27.1074	 0.40	 17.30	0.042	  124.57	100.00
 694.00	 687.14	 4.6210	34.2241	27.1087	 0.40	 17.26	0.040	  124.57	100.00
 695.00	 688.13	 4.6134	34.2251	27.1103	 0.40	 17.19	0.040	  124.64	100.00
 696.00	 689.12	 4.6080	34.2264	27.1119	 0.39	 17.12	0.040	  124.55	100.00
 697.00	 690.11	 4.5976	34.2281	27.1144	 0.39	 17.00	0.042	  124.63	100.00
 698.00	 691.10	 4.5965	34.2289	27.1152	 0.39	 16.88	0.040	  124.64	100.00
 699.00	 692.09	 4.5950	34.2292	27.1156	 0.39	 16.90	0.040	  124.63	100.00
 700.00	 693.07	 4.5912	34.2298	27.1165	 0.39	 16.78	0.040	  124.64	100.00
 701.00	 694.06	 4.5856	34.2309	27.1180	 0.38	 16.63	0.041	  124.58	100.00
 702.00	 695.05	 4.5632	34.2342	27.1230	 0.38	 16.43	0.041	  124.61	100.00
 703.00	 696.04	 4.5179	34.2423	27.1344	 0.37	 16.13	0.040	  124.64	100.00
 704.00	 697.03	 4.5038	34.2442	27.1374	 0.37	 15.91	0.040	  124.63	100.00
 705.00	 698.02	 4.4946	34.2449	27.1390	 0.36	 15.75	0.040	  124.69	100.00
 706.00	 699.01	 4.4883	34.2453	27.1400	 0.36	 15.70	0.040	  124.57	100.00
 707.00	 699.99	 4.4860	34.2466	27.1413	 0.36	 15.55	0.040	  124.55	100.00
 708.00	 700.98	 4.4857	34.2472	27.1418	 0.35	 15.43	0.040	  124.59	100.00
 709.00	 701.97	 4.4852	34.2480	27.1425	 0.35	 15.42	0.040	  124.56	100.00
 710.00	 702.96	 4.4846	34.2482	27.1427	 0.35	 15.39	0.041	  124.60	100.00
 711.00	 703.95	 4.4846	34.2482	27.1427	 0.35	 15.35	0.041	  124.55	100.00
 712.00	 704.94	 4.4848	34.2484	27.1428	 0.35	 15.33	0.040	  124.55	100.00
 713.00	 705.92	 4.4844	34.2486	27.1431	 0.35	 15.24	0.041	  124.60	100.00
 714.00	 706.91	 4.4834	34.2490	27.1435	 0.35	 15.25	0.041	  124.63	100.00
 715.00	 707.90	 4.4835	34.2490	27.1435	 0.35	 15.17	0.040	  124.57	100.00
 716.00	 708.89	 4.4825	34.2493	27.1439	 0.35	 15.20	0.040	  124.61	100.00
 717.00	 709.88	 4.4824	34.2495	27.1440	 0.35	 15.14	0.041	  124.52	100.00
 718.00	 710.87	 4.4825	34.2495	27.1441	 0.35	 15.09	0.041	  124.60	100.00
 719.00	 711.85	 4.4820	34.2495	27.1441	 0.35	 15.14	0.040	  124.56	100.00
 720.00	 712.84	 4.4817	34.2497	27.1443	 0.35	 15.13	0.041	  124.60	100.00
 721.00	 713.83	 4.4813	34.2498	27.1444	 0.35	 15.11	0.041	  124.56	100.00
 722.00	 714.82	 4.4802	34.2500	27.1448	 0.35	 15.19	0.040	  124.56	100.00
 723.00	 715.81	 4.4796	34.2503	27.1450	 0.35	 15.10	0.040	  124.61	100.00
 724.00	 716.80	 4.4796	34.2503	27.1450	 0.35	 15.11	0.041	  124.56	100.00
 725.00	 717.78	 4.4799	34.2501	27.1449	 0.35	 15.11	0.041	  124.54	100.00
 726.00	 718.77	 4.4798	34.2500	27.1448	 0.35	 15.10	0.041	  124.54	100.00
 727.00	 719.76	 4.4698	34.2525	27.1479	 0.35	 15.07	0.041	  124.53	100.00
 728.00	 720.75	 4.4690	34.2532	27.1485	 0.34	 14.98	0.040	  124.59	100.00
 729.00	 721.74	 4.4685	34.2540	27.1492	 0.34	 14.96	0.041	  124.55	100.00
 730.00	 722.73	 4.4680	34.2543	27.1495	 0.34	 14.97	0.041	  124.56	100.00
 731.00	 723.71	 4.4678	34.2543	27.1496	 0.34	 14.98	0.040	  124.59	100.00
 732.00	 724.70	 4.4671	34.2546	27.1499	 0.34	 14.94	0.040	  124.55	100.00
 733.00	 725.69	 4.4659	34.2549	27.1503	 0.34	 14.99	0.041	  124.52	100.00
 734.00	 726.68	 4.4658	34.2551	27.1505	 0.34	 14.93	0.042	  124.60	100.00
 735.00	 727.67	 4.4664	34.2552	27.1504	 0.34	 14.91	0.040	  124.53	100.00
 736.00	 728.66	 4.4665	34.2552	27.1504	 0.34	 14.92	0.040	  124.58	100.00
 737.00	 729.64	 4.4665	34.2553	27.1505	 0.34	 14.86	0.040	  124.57	100.00
 738.00	 730.63	 4.4663	34.2551	27.1504	 0.34	 14.93	0.040	  124.55	100.00
 739.00	 731.62	 4.4666	34.2549	27.1503	 0.34	 14.89	0.040	  124.55	100.00
 740.00	 732.61	 4.4665	34.2550	27.1504	 0.34	 14.92	0.042	  124.52	100.00
 741.00	 733.60	 4.4667	34.2550	27.1503	 0.34	 14.94	0.042	  124.55	100.00
 742.00	 734.59	 4.4658	34.2551	27.1505	 0.34	 14.91	0.041	  124.59	100.00
 743.00	 735.57	 4.4651	34.2554	27.1508	 0.34	 14.85	0.040	  124.56	100.00
 744.00	 736.56	 4.4655	34.2554	27.1508	 0.34	 14.92	0.040	  124.50	100.00
 745.00	 737.55	 4.4667	34.2551	27.1505	 0.34	 14.91	0.040	  124.55	100.00
 746.00	 738.54	 4.4663	34.2552	27.1506	 0.34	 14.82	0.040	  124.56	100.00
 747.00	 739.53	 4.4658	34.2553	27.1507	 0.34	 14.98	0.041	  124.54	100.00
 748.00	 740.51	 4.4662	34.2551	27.1506	 0.34	 14.95	0.041	  124.58	100.00
 749.00	 741.50	 4.4663	34.2553	27.1507	 0.34	 14.89	0.040	  124.54	100.00
 750.00	 742.49	 4.4667	34.2552	27.1506	 0.34	 14.93	0.041	  124.52	100.00
 751.00	 743.48	 4.4679	34.2551	27.1504	 0.34	 14.93	0.042	  124.49	100.00
 752.00	 744.47	 4.4675	34.2550	27.1503	 0.34	 14.85	0.042	  124.49	100.00
 753.00	 745.46	 4.4662	34.2548	27.1503	 0.34	 14.81	0.041	  124.51	100.00
 754.00	 746.44	 4.4629	34.2544	27.1504	 0.34	 14.86	0.041	  124.51	100.00
 755.00	 747.43	 4.4627	34.2543	27.1504	 0.34	 14.80	0.041	  124.48	100.00
 756.00	 748.42	 4.4625	34.2546	27.1506	 0.34	 14.84	0.041	  124.50	100.00
 757.00	 749.41	 4.4635	34.2548	27.1506	 0.34	 14.89	0.041	  124.46	100.00
 758.00	 750.40	 4.4596	34.2546	27.1509	 0.34	 14.76	0.042	  124.45	100.00
 759.00	 751.38	 4.4570	34.2547	27.1513	 0.34	 14.80	0.040	  124.50	100.00
 760.00	 752.37	 4.4531	34.2547	27.1517	 0.34	 14.78	0.040	  124.51	100.00
 761.00	 753.36	 4.4502	34.2554	27.1526	 0.34	 14.78	0.041	  124.45	100.00
 762.00	 754.35	 4.4496	34.2557	27.1529	 0.34	 14.74	0.041	  124.50	100.00
 763.00	 755.34	 4.4486	34.2565	27.1536	 0.34	 14.71	0.041	  124.48	100.00
 764.00	 756.33	 4.4478	34.2571	27.1543	 0.34	 14.58	0.042	  124.47	100.00
 765.00	 757.31	 4.4461	34.2569	27.1543	 0.34	 14.64	0.042	  124.42	100.00
 766.00	 758.30	 4.4339	34.2588	27.1571	 0.34	 14.58	0.042	  124.47	100.00
 767.00	 759.29	 4.4321	34.2605	27.1587	 0.34	 14.57	0.041	  124.46	100.00
 768.00	 760.28	 4.4281	34.2633	27.1613	 0.33	 14.48	0.041	  124.45	100.00
 769.00	 761.27	 4.4246	34.2649	27.1629	 0.33	 14.41	0.041	  124.55	100.00
 770.00	 762.25	 4.4196	34.2659	27.1643	 0.33	 14.35	0.040	  124.48	100.00
 771.00	 763.24	 4.4104	34.2675	27.1666	 0.33	 14.25	0.041	  124.49	100.00
 772.00	 764.23	 4.4052	34.2680	27.1675	 0.33	 14.28	0.042	  124.47	100.00
 773.00	 765.22	 4.4037	34.2687	27.1682	 0.33	 14.20	0.041	  124.45	100.00
 774.00	 766.21	 4.4007	34.2691	27.1689	 0.32	 14.06	0.040	  124.44	100.00
 775.00	 767.19	 4.3962	34.2702	27.1702	 0.32	 14.08	0.041	  124.50	100.00
 776.00	 768.18	 4.3915	34.2713	27.1716	 0.32	 14.06	0.041	  124.49	100.00
 777.00	 769.17	 4.3874	34.2722	27.1728	 0.32	 13.99	0.040	  124.44	100.00
 778.00	 770.16	 4.3838	34.2732	27.1740	 0.32	 13.92	0.040	  124.53	100.00
 779.00	 771.15	 4.3814	34.2736	27.1745	 0.32	 13.89	0.040	  124.50	100.00
 780.00	 772.14	 4.3805	34.2736	27.1747	 0.32	 13.92	0.040	  124.42	100.00
 781.00	 773.12	 4.3793	34.2738	27.1750	 0.32	 13.86	0.041	  124.50	100.00
 782.00	 774.11	 4.3791	34.2737	27.1749	 0.32	 13.89	0.041	  124.49	100.00
 783.00	 775.10	 4.3749	34.2736	27.1753	 0.32	 13.89	0.042	  124.46	100.00
 784.00	 776.09	 4.3731	34.2740	27.1758	 0.32	 13.84	0.042	  124.42	100.00
 785.00	 777.08	 4.3700	34.2743	27.1764	 0.31	 13.69	0.041	  124.57	100.00
 786.00	 778.06	 4.3676	34.2745	27.1768	 0.31	 13.69	0.040	  124.46	100.00
 787.00	 779.05	 4.3628	34.2749	27.1776	 0.32	 13.70	0.040	  124.41	100.00
 788.00	 780.04	 4.3471	34.2756	27.1798	 0.31	 13.65	0.041	  124.43	100.00
 789.00	 781.03	 4.3391	34.2754	27.1806	 0.31	 13.57	0.040	  124.51	100.00
 790.00	 782.02	 4.3297	34.2757	27.1818	 0.31	 13.57	0.040	  124.43	100.00
 791.00	 783.00	 4.3271	34.2758	27.1821	 0.31	 13.55	0.040	  124.38	100.00
 792.00	 783.99	 4.3223	34.2761	27.1829	 0.31	 13.51	0.040	  124.41	100.00
 793.00	 784.98	 4.3237	34.2767	27.1832	 0.31	 13.49	0.041	  124.45	100.00
 794.00	 785.97	 4.3238	34.2772	27.1837	 0.31	 13.51	0.042	  124.42	100.00
 795.00	 786.96	 4.3239	34.2776	27.1840	 0.31	 13.48	0.042	  124.44	100.00
 796.00	 787.94	 4.3211	34.2793	27.1856	 0.31	 13.35	0.041	  124.47	100.00
 797.00	 788.93	 4.3210	34.2795	27.1858	 0.31	 13.37	0.040	  124.44	100.00
 798.00	 789.92	 4.3213	34.2795	27.1858	 0.31	 13.38	0.040	  124.45	100.00
 799.00	 790.91	 4.3207	34.2807	27.1868	 0.31	 13.42	0.040	  124.50	100.00
 800.00	 791.90	 4.3207	34.2808	27.1869	 0.31	 13.35	0.041	  124.42	100.00
 801.00	 792.88	 4.3189	34.2810	27.1872	 0.31	 13.36	0.041	  124.49	100.00
 802.00	 793.87	 4.3150	34.2824	27.1888	 0.31	 13.37	0.040	  124.44	100.00
 803.00	 794.86	 4.3142	34.2828	27.1892	 0.31	 13.37	0.040	  124.43	100.00
 804.00	 795.85	 4.3128	34.2829	27.1894	 0.31	 13.37	0.040	  124.50	100.00
 805.00	 796.84	 4.3114	34.2832	27.1898	 0.31	 13.37	0.041	  124.43	100.00
 806.00	 797.82	 4.3106	34.2838	27.1904	 0.31	 13.36	0.040	  124.41	100.00
 807.00	 798.81	 4.3099	34.2840	27.1906	 0.31	 13.37	0.041	  124.45	100.00
 808.00	 799.80	 4.3043	34.2848	27.1918	 0.31	 13.39	0.041	  124.44	100.00
 809.00	 800.79	 4.3020	34.2856	27.1928	 0.31	 13.39	0.041	  124.42	100.00
 810.00	 801.78	 4.3021	34.2856	27.1928	 0.31	 13.40	0.042	  124.42	100.00
 811.00	 802.76	 4.3024	34.2860	27.1931	 0.31	 13.42	0.042	  124.32	100.00
 812.00	 803.75	 4.3027	34.2862	27.1932	 0.31	 13.39	0.042	  124.40	100.00
 813.00	 804.74	 4.3041	34.2863	27.1932	 0.31	 13.40	0.041	  124.45	100.00
 814.00	 805.73	 4.3045	34.2866	27.1933	 0.31	 13.42	0.040	  124.36	100.00
 815.00	 806.71	 4.3051	34.2868	27.1935	 0.31	 13.44	0.040	  124.47	100.00
 816.00	 807.70	 4.3066	34.2875	27.1938	 0.31	 13.38	0.041	  124.37	100.00
 817.00	 808.69	 4.3090	34.2877	27.1937	 0.31	 13.40	0.041	  124.37	100.00
 818.00	 809.68	 4.3099	34.2877	27.1936	 0.31	 13.43	0.041	  124.40	100.00
 819.00	 810.67	 4.3086	34.2900	27.1956	 0.31	 13.47	0.040	  124.38	100.00
 820.00	 811.65	 4.3030	34.2923	27.1981	 0.31	 13.42	0.040	  124.36	100.00
 821.00	 812.64	 4.3005	34.2925	27.1985	 0.31	 13.45	0.040	  124.31	100.00
 822.00	 813.63	 4.2944	34.2929	27.1995	 0.31	 13.46	0.040	  124.39	100.00
 823.00	 814.62	 4.2882	34.2939	27.2009	 0.31	 13.44	0.040	  124.41	100.00
 824.00	 815.61	 4.2753	34.2987	27.2061	 0.31	 13.43	0.040	  124.35	100.00
 825.00	 816.59	 4.2693	34.3005	27.2082	 0.31	 13.36	0.041	  124.32	100.00
 826.00	 817.58	 4.2558	34.3016	27.2105	 0.31	 13.36	0.041	  124.36	100.00
 827.00	 818.57	 4.2479	34.3027	27.2121	 0.31	 13.35	0.041	  124.39	100.00
 828.00	 819.56	 4.2423	34.3040	27.2138	 0.31	 13.30	0.041	  124.39	100.00
 829.00	 820.54	 4.2375	34.3051	27.2152	 0.30	 13.21	0.041	  124.35	100.00
 830.00	 821.53	 4.2335	34.3065	27.2167	 0.30	 13.23	0.041	  124.41	100.00
 831.00	 822.52	 4.2334	34.3068	27.2170	 0.30	 13.22	0.040	  124.37	100.00
 832.00	 823.51	 4.2317	34.3069	27.2172	 0.30	 13.23	0.040	  124.40	100.00
 833.00	 824.50	 4.2314	34.3071	27.2174	 0.30	 13.16	0.041	  124.35	100.00
 834.00	 825.48	 4.2316	34.3073	27.2176	 0.30	 13.10	0.041	  124.31	100.00
 835.00	 826.47	 4.2316	34.3074	27.2177	 0.30	 13.17	0.041	  124.36	100.00
 836.00	 827.46	 4.2316	34.3075	27.2178	 0.30	 13.20	0.041	  124.35	100.00
 837.00	 828.45	 4.2314	34.3078	27.2180	 0.30	 13.20	0.041	  124.37	100.00
 838.00	 829.44	 4.2309	34.3078	27.2181	 0.30	 13.14	0.042	  124.37	100.00
 839.00	 830.42	 4.2290	34.3079	27.2184	 0.30	 13.10	0.042	  124.26	100.00
 840.00	 831.41	 4.2264	34.3086	27.2192	 0.30	 13.07	0.041	  124.32	100.00
 841.00	 832.40	 4.2278	34.3076	27.2183	 0.30	 13.16	0.040	  124.30	100.00
 842.00	 833.39	 4.2114	34.3105	27.2223	 0.30	 13.14	0.040	  124.25	100.00
 843.00	 834.37	 4.2087	34.3117	27.2236	 0.30	 13.05	0.040	  124.25	100.00
 844.00	 835.36	 4.2076	34.3116	27.2236	 0.30	 13.09	0.041	  124.32	100.00
 845.00	 836.35	 4.2009	34.3124	27.2250	 0.30	 13.14	0.041	  124.33	100.00
 846.00	 837.34	 4.1891	34.3150	27.2283	 0.30	 13.16	0.041	  124.33	100.00
 847.00	 838.33	 4.1882	34.3152	27.2285	 0.30	 13.20	0.042	  124.30	100.00
 848.00	 839.31	 4.1877	34.3153	27.2287	 0.30	 13.18	0.042	  124.35	100.00
 849.00	 840.30	 4.1869	34.3156	27.2290	 0.30	 13.08	0.040	  124.32	100.00
 850.00	 841.29	 4.1856	34.3158	27.2293	 0.30	 13.11	0.041	  124.33	100.00
 851.00	 842.28	 4.1840	34.3160	27.2296	 0.30	 13.12	0.042	  124.32	100.00
 852.00	 843.26	 4.1838	34.3162	27.2298	 0.30	 13.14	0.041	  124.35	100.00
 853.00	 844.25	 4.1825	34.3164	27.2301	 0.30	 13.13	0.040	  124.27	100.00
 854.00	 845.24	 4.1808	34.3167	27.2305	 0.30	 13.10	0.040	  124.28	100.00
 855.00	 846.23	 4.1798	34.3169	27.2308	 0.30	 13.11	0.040	  124.36	100.00
 856.00	 847.21	 4.1794	34.3169	27.2309	 0.30	 13.11	0.040	  124.30	100.00
 857.00	 848.20	 4.1790	34.3170	27.2310	 0.30	 13.11	0.040	  124.28	100.00
 858.00	 849.19	 4.1790	34.3169	27.2309	 0.30	 13.12	0.041	  124.32	100.00
 859.00	 850.18	 4.1789	34.3170	27.2310	 0.30	 13.12	0.041	  124.33	100.00
 860.00	 851.17	 4.1784	34.3172	27.2312	 0.30	 13.12	0.041	  124.24	100.00
 861.00	 852.15	 4.1762	34.3174	27.2316	 0.30	 13.12	0.040	  124.25	100.00
 862.00	 853.14	 4.1705	34.3183	27.2329	 0.30	 13.13	0.040	  124.27	100.00
 863.00	 854.13	 4.1660	34.3192	27.2341	 0.30	 13.15	0.040	  124.33	100.00
 864.00	 855.12	 4.1642	34.3195	27.2345	 0.30	 13.15	0.040	  124.28	100.00
 865.00	 856.10	 4.1615	34.3199	27.2352	 0.30	 13.16	0.040	  124.32	100.00
 866.00	 857.09	 4.1575	34.3205	27.2361	 0.30	 13.13	0.040	  124.28	100.00
 867.00	 858.08	 4.1537	34.3214	27.2372	 0.30	 13.12	0.040	  124.27	100.00
 868.00	 859.07	 4.1529	34.3216	27.2375	 0.30	 13.15	0.040	  124.33	100.00
 869.00	 860.05	 4.1476	34.3221	27.2384	 0.30	 13.15	0.040	  124.29	100.00
 870.00	 861.04	 4.1413	34.3232	27.2399	 0.30	 13.15	0.041	  124.27	100.00
 871.00	 862.03	 4.1380	34.3239	27.2408	 0.30	 13.15	0.041	  124.30	100.00
 872.00	 863.02	 4.1363	34.3243	27.2413	 0.30	 13.14	0.040	  124.31	100.00
 873.00	 864.01	 4.1349	34.3246	27.2417	 0.30	 13.13	0.042	  124.27	100.00
 874.00	 864.99	 4.1311	34.3253	27.2427	 0.30	 13.08	0.041	  124.26	100.00
 875.00	 865.98	 4.1305	34.3254	27.2429	 0.30	 13.11	0.041	  124.25	100.00
 876.00	 866.97	 4.1304	34.3254	27.2429	 0.30	 13.14	0.042	  124.29	100.00
 877.00	 867.96	 4.1291	34.3258	27.2433	 0.30	 13.15	0.041	  124.27	100.00
 878.00	 868.94	 4.1289	34.3258	27.2433	 0.30	 13.12	0.040	  124.30	100.00
 879.00	 869.93	 4.1289	34.3259	27.2435	 0.30	 12.98	0.041	  124.30	100.00
 880.00	 870.92	 4.1300	34.3258	27.2432	 0.30	 13.03	0.041	  124.27	100.00
 881.00	 871.91	 4.1302	34.3257	27.2431	 0.30	 13.03	0.040	  124.19	100.00
 882.00	 872.89	 4.1295	34.3259	27.2434	 0.30	 13.06	0.041	  124.24	100.00
 883.00	 873.88	 4.1296	34.3260	27.2435	 0.30	 13.02	0.042	  124.17	100.00
 884.00	 874.87	 4.1295	34.3260	27.2435	 0.30	 13.10	0.041	  124.26	100.00
 885.00	 875.86	 4.1295	34.3259	27.2434	 0.30	 13.07	0.041	  124.28	100.00
 886.00	 876.84	 4.1289	34.3260	27.2436	 0.30	 13.06	0.041	  124.29	100.00
 887.00	 877.83	 4.1284	34.3261	27.2437	 0.30	 12.98	0.042	  124.24	100.00
 888.00	 878.82	 4.1284	34.3262	27.2438	 0.30	 13.00	0.040	  124.33	100.00
 889.00	 879.81	 4.1284	34.3263	27.2439	 0.30	 13.02	0.041	  124.20	100.00
 890.00	 880.79	 4.1283	34.3264	27.2440	 0.30	 13.01	0.041	  124.21	100.00
 891.00	 881.78	 4.1273	34.3264	27.2441	 0.30	 13.01	0.040	  124.24	100.00
 892.00	 882.77	 4.1250	34.3268	27.2447	 0.30	 13.07	0.041	  124.30	100.00
 893.00	 883.76	 4.1227	34.3272	27.2452	 0.30	 13.09	0.041	  124.29	100.00
 894.00	 884.74	 4.1218	34.3274	27.2455	 0.30	 13.06	0.041	  124.33	100.00
 895.00	 885.73	 4.1196	34.3278	27.2460	 0.30	 13.00	0.041	  124.25	100.00
 896.00	 886.72	 4.1122	34.3288	27.2476	 0.30	 13.01	0.041	  124.21	100.00
 897.00	 887.71	 4.1019	34.3310	27.2504	 0.30	 13.02	0.041	  124.20	100.00
 898.00	 888.69	 4.0990	34.3313	27.2510	 0.30	 13.06	0.041	  124.23	100.00
 899.00	 889.68	 4.0964	34.3315	27.2514	 0.30	 13.06	0.040	  124.27	100.00
 900.00	 890.67	 4.0914	34.3323	27.2525	 0.30	 13.07	0.042	  124.30	100.00
 901.00	 891.66	 4.0879	34.3334	27.2538	 0.30	 13.04	0.041	  124.29	100.00
 902.00	 892.64	 4.0864	34.3339	27.2544	 0.30	 13.05	0.040	  124.20	100.00
 903.00	 893.63	 4.0846	34.3346	27.2551	 0.30	 13.02	0.040	  124.21	100.00
 904.00	 894.62	 4.0834	34.3352	27.2558	 0.30	 12.92	0.040	  124.19	100.00
 905.00	 895.61	 4.0792	34.3363	27.2570	 0.30	 12.85	0.040	  124.22	100.00
 906.00	 896.59	 4.0754	34.3370	27.2580	 0.30	 12.84	0.040	  124.19	100.00
 907.00	 897.58	 4.0741	34.3372	27.2583	 0.30	 12.85	0.041	  124.20	100.00
 908.00	 898.57	 4.0733	34.3375	27.2586	 0.30	 12.85	0.041	  124.24	100.00
 909.00	 899.56	 4.0723	34.3377	27.2589	 0.30	 12.87	0.040	  124.22	100.00
 910.00	 900.54	 4.0720	34.3378	27.2590	 0.30	 12.85	0.041	  124.20	100.00
 911.00	 901.53	 4.0717	34.3378	27.2591	 0.30	 12.88	0.041	  124.28	100.00
 912.00	 902.52	 4.0715	34.3378	27.2591	 0.30	 12.93	0.040	  124.20	100.00
 913.00	 903.51	 4.0717	34.3378	27.2591	 0.30	 12.89	0.040	  124.20	100.00
 914.00	 904.49	 4.0714	34.3380	27.2593	 0.30	 12.87	0.042	  124.20	100.00
 915.00	 905.48	 4.0712	34.3380	27.2593	 0.30	 12.86	0.042	  124.19	100.00
 916.00	 906.47	 4.0714	34.3381	27.2593	 0.30	 12.87	0.042	  124.18	100.00
 917.00	 907.46	 4.0702	34.3380	27.2594	 0.30	 12.87	0.041	  124.16	100.00
 918.00	 908.44	 4.0692	34.3382	27.2597	 0.30	 12.87	0.041	  124.19	100.00
 919.00	 909.43	 4.0630	34.3393	27.2612	 0.30	 12.88	0.041	  124.20	100.00
 920.00	 910.42	 4.0592	34.3406	27.2626	 0.30	 12.88	0.041	  124.17	100.00
 921.00	 911.41	 4.0595	34.3406	27.2626	 0.30	 12.88	0.041	  124.12	100.00
 922.00	 912.39	 4.0596	34.3405	27.2625	 0.30	 12.89	0.040	  124.11	100.00
 923.00	 913.38	 4.0581	34.3409	27.2630	 0.30	 12.94	0.041	  124.11	100.00
 924.00	 914.37	 4.0555	34.3415	27.2637	 0.30	 12.92	0.042	  124.08	100.00
 925.00	 915.36	 4.0552	34.3414	27.2637	 0.30	 12.95	0.042	  124.11	100.00
 926.00	 916.34	 4.0533	34.3416	27.2641	 0.30	 12.96	0.042	  124.14	100.00
 927.00	 917.33	 4.0516	34.3420	27.2646	 0.30	 12.92	0.041	  124.15	100.00
 928.00	 918.32	 4.0502	34.3424	27.2651	 0.30	 12.90	0.042	  124.15	100.00
 929.00	 919.31	 4.0482	34.3425	27.2654	 0.30	 12.95	0.041	  124.15	100.00
 930.00	 920.29	 4.0429	34.3434	27.2666	 0.30	 12.91	0.040	  124.20	100.00
 931.00	 921.28	 4.0365	34.3445	27.2681	 0.30	 12.92	0.040	  124.20	100.00
 932.00	 922.27	 4.0327	34.3454	27.2692	 0.30	 12.93	0.040	  124.13	100.00
 933.00	 923.25	 4.0297	34.3459	27.2700	 0.30	 12.93	0.040	  124.09	100.00
 934.00	 924.24	 4.0266	34.3464	27.2707	 0.30	 12.92	0.040	  124.09	100.00
 935.00	 925.23	 4.0241	34.3469	27.2714	 0.30	 12.97	0.041	  124.11	100.00
 936.00	 926.22	 4.0226	34.3473	27.2718	 0.30	 13.05	0.041	  124.07	100.00
 937.00	 927.20	 4.0186	34.3480	27.2728	 0.30	 13.02	0.042	  124.08	100.00
 938.00	 928.19	 4.0161	34.3484	27.2734	 0.30	 13.07	0.042	  124.11	100.00
 939.00	 929.18	 4.0129	34.3487	27.2740	 0.30	 13.11	0.042	  124.07	100.00
 940.00	 930.17	 4.0039	34.3496	27.2756	 0.30	 13.08	0.042	  124.12	100.00
 941.00	 931.15	 3.9939	34.3518	27.2784	 0.30	 13.11	0.041	  124.12	100.00
 942.00	 932.14	 3.9902	34.3524	27.2793	 0.30	 13.09	0.041	  124.14	100.00
 943.00	 933.13	 3.9899	34.3528	27.2796	 0.30	 13.12	0.040	  124.11	100.00
 944.00	 934.12	 3.9856	34.3533	27.2805	 0.30	 13.05	0.040	  124.13	100.00
 945.00	 935.10	 3.9802	34.3541	27.2817	 0.30	 13.08	0.040	  124.15	100.00
 946.00	 936.09	 3.9773	34.3546	27.2823	 0.30	 13.08	0.040	  124.14	100.00
 947.00	 937.08	 3.9735	34.3551	27.2831	 0.30	 13.16	0.040	  124.17	100.00
 948.00	 938.06	 3.9699	34.3559	27.2841	 0.30	 13.16	0.041	  124.15	100.00
 949.00	 939.05	 3.9687	34.3559	27.2843	 0.30	 13.16	0.041	  124.20	100.00
 950.00	 940.04	 3.9633	34.3561	27.2850	 0.30	 13.17	0.041	  124.10	100.00
 951.00	 941.03	 3.9550	34.3578	27.2872	 0.30	 13.17	0.042	  124.17	100.00
 952.00	 942.01	 3.9493	34.3583	27.2881	 0.30	 13.17	0.041	  124.06	100.00
 953.00	 943.00	 3.9433	34.3592	27.2895	 0.30	 13.19	0.040	  124.08	100.00
 954.00	 943.99	 3.9379	34.3595	27.2903	 0.31	 13.27	0.041	  124.08	100.00
 955.00	 944.98	 3.9313	34.3599	27.2913	 0.31	 13.39	0.041	  124.10	100.00
 956.00	 945.96	 3.9286	34.3601	27.2917	 0.31	 13.40	0.040	  124.02	100.00
 957.00	 946.95	 3.9264	34.3601	27.2919	 0.31	 13.44	0.040	  124.08	100.00
 958.00	 947.94	 3.9237	34.3601	27.2922	 0.31	 13.54	0.042	  124.05	100.00
 959.00	 948.92	 3.9193	34.3595	27.2922	 0.31	 13.61	0.041	  124.08	100.00
 960.00	 949.91	 3.9123	34.3599	27.2932	 0.31	 13.67	0.040	  124.11	100.00
 961.00	 950.90	 3.9077	34.3602	27.2939	 0.32	 13.79	0.040	  124.09	100.00
 962.00	 951.89	 3.9047	34.3601	27.2941	 0.32	 13.86	0.041	  124.09	100.00
 963.00	 952.87	 3.9014	34.3605	27.2948	 0.32	 13.86	0.041	  124.04	100.00
 964.00	 953.86	 3.8985	34.3607	27.2953	 0.32	 13.94	0.041	  124.07	100.00
 965.00	 954.85	 3.8961	34.3609	27.2957	 0.32	 13.98	0.042	  124.05	100.00
 966.00	 955.83	 3.8921	34.3614	27.2965	 0.32	 14.08	0.042	  124.05	100.00
 967.00	 956.82	 3.8830	34.3620	27.2979	 0.33	 14.24	0.042	  124.04	100.00
 968.00	 957.81	 3.8779	34.3628	27.2991	 0.33	 14.25	0.042	  124.11	100.00
 969.00	 958.80	 3.8775	34.3627	27.2990	 0.33	 14.25	0.042	  124.05	100.00
 970.00	 959.78	 3.8758	34.3631	27.2995	 0.33	 14.25	0.042	  124.02	100.00
 971.00	 960.77	 3.8756	34.3632	27.2997	 0.33	 14.25	0.041	  124.04	100.00
 972.00	 961.76	 3.8757	34.3632	27.2996	 0.33	 14.25	0.040	  124.02	100.00
 973.00	 962.75	 3.8751	34.3632	27.2997	 0.33	 14.25	0.041	  124.03	100.00
 974.00	 963.73	 3.8754	34.3630	27.2995	 0.33	 14.26	0.042	  124.08	100.00
 975.00	 964.72	 3.8701	34.3640	27.3008	 0.33	 14.27	0.040	  124.07	100.00
 976.00	 965.71	 3.8662	34.3643	27.3015	 0.33	 14.29	0.041	  124.05	100.00
 977.00	 966.69	 3.8577	34.3658	27.3035	 0.33	 14.31	0.041	  124.12	100.00
 978.00	 967.68	 3.8561	34.3663	27.3041	 0.33	 14.32	0.040	  124.08	100.00
 979.00	 968.67	 3.8550	34.3664	27.3043	 0.33	 14.40	0.040	  124.10	100.00
 980.00	 969.65	 3.8546	34.3665	27.3045	 0.33	 14.37	0.040	  124.09	100.00
 981.00	 970.64	 3.8549	34.3664	27.3044	 0.33	 14.30	0.040	  124.00	100.00
 982.00	 971.63	 3.8548	34.3665	27.3044	 0.33	 14.35	0.040	  124.06	100.00
 983.00	 972.62	 3.8544	34.3666	27.3045	 0.33	 14.34	0.041	  124.03	100.00
 984.00	 973.60	 3.8532	34.3670	27.3050	 0.33	 14.41	0.042	  124.00	100.00
 985.00	 974.59	 3.8536	34.3669	27.3049	 0.33	 14.33	0.042	  124.06	100.00
 986.00	 975.58	 3.8542	34.3668	27.3048	 0.33	 14.33	0.042	  124.06	100.00
 987.00	 976.56	 3.8523	34.3667	27.3049	 0.33	 14.39	0.042	  124.05	100.00
 988.00	 977.55	 3.8467	34.3677	27.3062	 0.33	 14.41	0.041	  124.07	100.00
 989.00	 978.54	 3.8462	34.3677	27.3063	 0.33	 14.47	0.040	  124.08	100.00
 990.00	 979.53	 3.8435	34.3681	27.3069	 0.33	 14.51	0.040	  124.01	100.00
 991.00	 980.51	 3.8390	34.3688	27.3079	 0.33	 14.48	0.040	  124.06	100.00
 992.00	 981.50	 3.8378	34.3688	27.3080	 0.33	 14.50	0.040	  124.00	100.00
 993.00	 982.49	 3.8358	34.3690	27.3084	 0.33	 14.53	0.041	  124.05	100.00
 994.00	 983.47	 3.8341	34.3693	27.3088	 0.33	 14.52	0.042	  124.07	100.00
 995.00	 984.46	 3.8317	34.3696	27.3093	 0.33	 14.56	0.041	  124.03	100.00
 996.00	 985.45	 3.8303	34.3700	27.3098	 0.34	 14.57	0.040	  124.03	100.00
 997.00	 986.44	 3.8301	34.3700	27.3098	 0.33	 14.55	0.040	  124.08	100.00
 998.00	 987.42	 3.8299	34.3702	27.3100	 0.34	 14.57	0.040	  124.09	100.00
 999.00	 988.41	 3.8301	34.3700	27.3099	 0.34	 14.63	0.040	  124.03	100.00
1000.00	 989.40	 3.8290	34.3702	27.3101	 0.34	 14.76	0.041	  123.95	100.00
1001.00	 990.38	 3.8250	34.3712	27.3113	 0.34	 14.72	0.042	  124.00	100.00
1002.00	 991.37	 3.8230	34.3714	27.3117	 0.34	 14.74	0.041	  123.95	100.00
1003.00	 992.36	 3.8212	34.3717	27.3121	 0.34	 14.76	0.040	  123.96	100.00
1004.00	 993.34	 3.8205	34.3719	27.3124	 0.34	 14.75	0.040	  123.93	100.00
1005.00	 994.33	 3.8200	34.3718	27.3123	 0.34	 14.74	0.040	  123.96	100.00
1006.00	 995.32	 3.8181	34.3721	27.3127	 0.34	 14.76	0.041	  123.94	100.00
1007.00	 996.31	 3.8170	34.3724	27.3131	 0.34	 14.75	0.042	  123.99	100.00
1008.00	 997.29	 3.8160	34.3727	27.3134	 0.34	 14.77	0.041	  123.98	100.00
1009.00	 998.28	 3.8133	34.3731	27.3140	 0.34	 14.77	0.040	  123.98	100.00
1010.00	 999.27	 3.8107	34.3735	27.3146	 0.34	 14.74	0.040	  123.96	100.00
1011.00	1000.25	 3.8097	34.3737	27.3149	 0.34	 14.78	0.041	  123.98	100.00
1012.00	1001.24	 3.8070	34.3740	27.3154	 0.34	 14.78	0.042	  123.98	100.00
1013.00	1002.23	 3.8035	34.3747	27.3163	 0.34	 14.79	0.042	  124.06	100.00
1014.00	1003.21	 3.8011	34.3750	27.3168	 0.34	 14.80	0.041	  124.01	100.00
1015.00	1004.20	 3.7988	34.3754	27.3173	 0.34	 14.78	0.040	  123.96	100.00
1016.00	1005.19	 3.7967	34.3758	27.3179	 0.34	 14.80	0.040	  123.92	100.00
1017.00	1006.18	 3.7969	34.3758	27.3179	 0.34	 14.85	0.041	  123.93	100.00
1018.00	1007.16	 3.7953	34.3765	27.3186	 0.34	 14.84	0.042	  123.94	100.00
1019.00	1008.15	 3.7932	34.3771	27.3193	 0.34	 14.80	0.042	  123.86	100.00
1020.00	1009.14	 3.7928	34.3772	27.3194	 0.34	 14.80	0.041	  123.93	100.00
1021.00	1010.12	 3.7929	34.3772	27.3195	 0.34	 14.81	0.040	  123.95	100.00
1022.00	1011.11	 3.7923	34.3772	27.3195	 0.34	 14.83	0.041	  123.92	100.00
1023.00	1012.10	 3.7911	34.3773	27.3197	 0.34	 14.81	0.042	  123.93	100.00
1024.00	1013.08	 3.7904	34.3775	27.3200	 0.34	 14.81	0.041	  123.94	100.00
1025.00	1014.07	 3.7892	34.3776	27.3202	 0.34	 14.80	0.040	  123.93	100.00
1026.00	1015.06	 3.7871	34.3781	27.3207	 0.34	 14.82	0.040	  124.01	100.00
1027.00	1016.04	 3.7863	34.3782	27.3210	 0.34	 14.82	0.042	  123.96	100.00
1028.00	1017.03	 3.7861	34.3782	27.3210	 0.34	 14.82	0.041	  123.92	100.00
1029.00	1018.02	 3.7860	34.3783	27.3211	 0.34	 14.82	0.040	  123.93	100.00
1030.00	1019.01	 3.7860	34.3784	27.3211	 0.34	 14.82	0.040	  124.00	100.00
1031.00	1019.99	 3.7837	34.3786	27.3215	 0.34	 14.87	0.041	  123.98	100.00
1032.00	1020.98	 3.7824	34.3789	27.3219	 0.34	 14.83	0.040	  123.97	100.00
1033.00	1021.97	 3.7819	34.3790	27.3220	 0.34	 14.86	0.041	  123.93	100.00
1034.00	1022.95	 3.7802	34.3791	27.3223	 0.34	 14.88	0.041	  123.93	100.00
1035.00	1023.94	 3.7780	34.3795	27.3228	 0.34	 14.90	0.041	  123.91	100.00
1036.00	1024.93	 3.7766	34.3798	27.3232	 0.34	 14.90	0.042	  123.86	100.00
1037.00	1025.91	 3.7757	34.3800	27.3235	 0.34	 14.91	0.041	  123.85	100.00
1038.00	1026.90	 3.7739	34.3800	27.3237	 0.34	 14.86	0.040	  123.85	100.00
1039.00	1027.89	 3.7699	34.3807	27.3246	 0.34	 14.91	0.041	  123.90	100.00
1040.00	1028.87	 3.7661	34.3814	27.3256	 0.35	 15.03	0.041	  123.88	100.00
1041.00	1029.86	 3.7660	34.3814	27.3256	 0.35	 15.07	0.042	  123.86	100.00
1042.00	1030.85	 3.7654	34.3816	27.3258	 0.35	 15.05	0.041	  123.82	100.00
1043.00	1031.84	 3.7639	34.3818	27.3261	 0.35	 15.03	0.041	  123.90	100.00
1044.00	1032.82	 3.7617	34.3820	27.3265	 0.35	 15.08	0.042	  123.85	100.00
1045.00	1033.81	 3.7541	34.3833	27.3283	 0.35	 15.07	0.041	  123.88	100.00
1046.00	1034.80	 3.7503	34.3841	27.3293	 0.35	 15.07	0.041	  123.84	100.00
1047.00	1035.78	 3.7393	34.3858	27.3318	 0.35	 15.17	0.041	  123.80	100.00
1048.00	1036.77	 3.7243	34.3881	27.3351	 0.35	 15.33	0.040	  123.81	100.00
1049.00	1037.76	 3.7206	34.3884	27.3357	 0.35	 15.32	0.040	  123.86	100.00
1050.00	1038.74	 3.7183	34.3887	27.3362	 0.35	 15.32	0.040	  123.86	100.00
1051.00	1039.73	 3.7151	34.3890	27.3368	 0.35	 15.35	0.040	  123.89	100.00
1052.00	1040.72	 3.7094	34.3899	27.3381	 0.35	 15.42	0.040	  123.84	100.00
1053.00	1041.70	 3.7041	34.3908	27.3393	 0.36	 15.48	0.041	  123.86	100.00
1054.00	1042.69	 3.6982	34.3917	27.3405	 0.36	 15.53	0.042	  123.82	100.00
1055.00	1043.68	 3.6924	34.3929	27.3421	 0.36	 15.53	0.040	  123.81	100.00
1056.00	1044.66	 3.6879	34.3938	27.3433	 0.36	 15.54	0.041	  123.87	100.00
1057.00	1045.65	 3.6839	34.3948	27.3445	 0.36	 15.56	0.041	  123.81	100.00
1058.00	1046.64	 3.6811	34.3955	27.3453	 0.36	 15.59	0.040	  123.82	100.00
1059.00	1047.62	 3.6750	34.3958	27.3462	 0.36	 15.61	0.041	  123.86	100.00
1060.00	1048.61	 3.6592	34.3993	27.3505	 0.36	 15.61	0.040	  123.83	100.00
1061.00	1049.60	 3.6535	34.4008	27.3523	 0.36	 15.66	0.041	  123.86	100.00
1062.00	1050.58	 3.6509	34.4008	27.3525	 0.36	 15.69	0.042	  123.80	100.00
1063.00	1051.57	 3.6477	34.4013	27.3533	 0.36	 15.74	0.041	  123.87	100.00
1064.00	1052.56	 3.6376	34.4032	27.3557	 0.36	 15.78	0.041	  123.83	100.00
1065.00	1053.54	 3.6354	34.4038	27.3564	 0.36	 15.78	0.041	  123.87	100.00
1066.00	1054.53	 3.6299	34.4043	27.3574	 0.36	 15.81	0.041	  123.90	100.00
1067.00	1055.52	 3.6214	34.4055	27.3591	 0.36	 15.86	0.041	  123.81	100.00
1068.00	1056.50	 3.6196	34.4059	27.3597	 0.37	 15.90	0.041	  123.84	100.00
1069.00	1057.49	 3.6193	34.4059	27.3597	 0.37	 15.92	0.041	  123.82	100.00
1070.00	1058.48	 3.6175	34.4059	27.3599	 0.37	 16.09	0.040	  123.81	100.00
1071.00	1059.46	 3.6085	34.4077	27.3622	 0.37	 16.11	0.040	  123.87	100.00
1072.00	1060.45	 3.6021	34.4079	27.3630	 0.37	 16.21	0.040	  123.84	100.00
1073.00	1061.44	 3.5878	34.4105	27.3664	 0.37	 16.24	0.040	  123.84	100.00
1074.00	1062.42	 3.5834	34.4109	27.3672	 0.37	 16.29	0.040	  123.82	100.00
1075.00	1063.41	 3.5686	34.4126	27.3700	 0.38	 16.40	0.041	  123.82	100.00
1076.00	1064.40	 3.5616	34.4141	27.3719	 0.38	 16.57	0.041	  123.82	100.00
1077.00	1065.38	 3.5614	34.4142	27.3720	 0.38	 16.63	0.040	  123.77	100.00
1078.00	1066.37	 3.5611	34.4142	27.3720	 0.38	 16.62	0.040	  123.74	100.00
1079.00	1067.36	 3.5607	34.4143	27.3722	 0.38	 16.55	0.040	  123.83	100.00
1080.00	1068.34	 3.5607	34.4144	27.3722	 0.38	 16.64	0.040	  123.75	100.00
1081.00	1069.33	 3.5592	34.4144	27.3724	 0.38	 16.69	0.040	  123.79	100.00
1082.00	1070.32	 3.5557	34.4152	27.3733	 0.38	 16.70	0.040	  123.86	100.00
1083.00	1071.30	 3.5532	34.4157	27.3740	 0.38	 16.68	0.040	  123.76	100.00
1084.00	1072.29	 3.5532	34.4159	27.3742	 0.38	 16.68	0.040	  123.78	100.00
1085.00	1073.28	 3.5528	34.4159	27.3742	 0.38	 16.66	0.040	  123.80	100.00
1086.00	1074.26	 3.5514	34.4160	27.3745	 0.38	 16.66	0.041	  123.76	100.00
1087.00	1075.25	 3.5520	34.4162	27.3745	 0.38	 16.72	0.041	  123.77	100.00
1088.00	1076.24	 3.5487	34.4167	27.3753	 0.38	 16.69	0.041	  123.87	100.00
1089.00	1077.22	 3.5482	34.4166	27.3753	 0.38	 16.70	0.040	  123.77	100.00
1090.00	1078.21	 3.5470	34.4166	27.3753	 0.38	 16.70	0.041	  123.72	100.00
1091.00	1079.20	 3.5443	34.4171	27.3761	 0.38	 16.72	0.041	  123.69	100.00
1092.00	1080.18	 3.5402	34.4175	27.3768	 0.39	 16.81	0.040	  123.77	100.00
1093.00	1081.17	 3.5285	34.4192	27.3793	 0.39	 16.96	0.042	  123.80	100.00
1094.00	1082.16	 3.5222	34.4197	27.3803	 0.39	 17.04	0.040	  123.82	100.00
1095.00	1083.14	 3.5123	34.4212	27.3824	 0.39	 17.12	0.040	  123.81	100.00
1096.00	1084.13	 3.5068	34.4221	27.3837	 0.39	 17.17	0.041	  123.74	100.00
1097.00	1085.12	 3.5045	34.4225	27.3842	 0.40	 17.31	0.042	  123.74	100.00
1098.00	1086.10	 3.5027	34.4227	27.3846	 0.40	 17.41	0.041	  123.83	100.00
1099.00	1087.09	 3.5003	34.4227	27.3848	 0.40	 17.40	0.040	  123.82	100.00
1100.00	1088.08	 3.4922	34.4238	27.3865	 0.40	 17.40	0.040	  123.76	100.00
1101.00	1089.06	 3.4839	34.4247	27.3880	 0.40	 17.45	0.040	  123.78	100.00
1102.00	1090.05	 3.4730	34.4265	27.3905	 0.40	 17.60	0.041	  123.67	100.00
1103.00	1091.04	 3.4713	34.4268	27.3909	 0.41	 17.67	0.041	  123.72	100.00
1104.00	1092.02	 3.4672	34.4272	27.3916	 0.41	 17.78	0.041	  123.75	100.00
1105.00	1093.01	 3.4648	34.4277	27.3922	 0.41	 17.74	0.042	  123.74	100.00
1106.00	1094.00	 3.4639	34.4279	27.3925	 0.41	 17.86	0.041	  123.70	100.00
1107.00	1094.98	 3.4623	34.4280	27.3927	 0.41	 17.97	0.041	  123.69	100.00
1108.00	1095.97	 3.4586	34.4285	27.3934	 0.41	 17.98	0.042	  123.74	100.00
1109.00	1096.96	 3.4559	34.4289	27.3940	 0.41	 17.98	0.041	  123.82	100.00
1110.00	1097.94	 3.4518	34.4294	27.3948	 0.41	 18.03	0.040	  123.69	100.00
1111.00	1098.93	 3.4497	34.4299	27.3955	 0.41	 18.02	0.040	  123.71	100.00
1112.00	1099.92	 3.4493	34.4299	27.3955	 0.42	 18.06	0.040	  123.70	100.00
1113.00	1100.90	 3.4482	34.4300	27.3957	 0.42	 18.05	0.040	  123.69	100.00
1114.00	1101.89	 3.4463	34.4303	27.3961	 0.42	 18.06	0.040	  123.68	100.00
1115.00	1102.88	 3.4448	34.4305	27.3964	 0.42	 18.08	0.040	  123.70	100.00
1116.00	1103.86	 3.4444	34.4308	27.3967	 0.42	 18.08	0.040	  123.69	100.00
1117.00	1104.85	 3.4439	34.4308	27.3968	 0.42	 18.06	0.040	  123.66	100.00
1118.00	1105.83	 3.4440	34.4307	27.3967	 0.42	 18.07	0.041	  123.64	100.00
1119.00	1106.82	 3.4442	34.4307	27.3966	 0.42	 18.09	0.041	  123.69	100.00
1120.00	1107.81	 3.4441	34.4309	27.3968	 0.42	 18.07	0.040	  123.67	100.00
1121.00	1108.79	 3.4442	34.4309	27.3968	 0.42	 18.08	0.040	  123.64	100.00
1122.00	1109.78	 3.4444	34.4310	27.3969	 0.42	 18.08	0.040	  123.65	100.00
1123.00	1110.77	 3.4445	34.4309	27.3968	 0.42	 18.08	0.040	  123.77	100.00
1124.00	1111.75	 3.4445	34.4309	27.3968	 0.42	 18.09	0.040	  123.64	100.00
1125.00	1112.74	 3.4431	34.4309	27.3970	 0.42	 18.09	0.040	  123.66	100.00
1126.00	1113.73	 3.4394	34.4314	27.3977	 0.42	 18.11	0.040	  123.62	100.00
1127.00	1114.71	 3.4341	34.4318	27.3985	 0.42	 18.24	0.040	  123.66	100.00
1128.00	1115.70	 3.4215	34.4337	27.4013	 0.42	 18.41	0.041	  123.60	100.00
1129.00	1116.69	 3.4175	34.4342	27.4021	 0.42	 18.45	0.041	  123.56	100.00
1130.00	1117.67	 3.4131	34.4347	27.4029	 0.43	 18.57	0.040	  123.63	100.00
1131.00	1118.66	 3.4049	34.4346	27.4036	 0.43	 18.58	0.040	  123.62	100.00
1132.00	1119.64	 3.3976	34.4365	27.4058	 0.43	 18.69	0.040	  123.64	100.00
1133.00	1120.63	 3.3936	34.4369	27.4065	 0.43	 18.85	0.040	  123.61	100.00
1134.00	1121.62	 3.3901	34.4374	27.4072	 0.44	 18.94	0.040	  123.61	100.00
1135.00	1122.60	 3.3870	34.4378	27.4078	 0.44	 18.99	0.040	  123.60	100.00
1136.00	1123.59	 3.3854	34.4384	27.4085	 0.44	 19.00	0.040	  123.65	100.00
1137.00	1124.58	 3.3861	34.4380	27.4081	 0.44	 18.99	0.041	  123.61	100.00
1138.00	1125.56	 3.3842	34.4383	27.4085	 0.44	 19.00	0.041	  123.57	100.00
1139.00	1126.55	 3.3821	34.4386	27.4090	 0.44	 19.04	0.040	  123.65	100.00
1140.00	1127.54	 3.3809	34.4388	27.4093	 0.44	 19.10	0.040	  123.63	100.00
1141.00	1128.52	 3.3803	34.4390	27.4095	 0.44	 19.10	0.041	  123.59	100.00
1142.00	1129.51	 3.3790	34.4392	27.4098	 0.44	 19.15	0.040	  123.63	100.00
1143.00	1130.50	 3.3777	34.4393	27.4100	 0.44	 19.25	0.041	  123.61	100.00
1144.00	1131.48	 3.3760	34.4395	27.4103	 0.44	 19.23	0.042	  123.63	100.00
1145.00	1132.47	 3.3751	34.4397	27.4105	 0.44	 19.21	0.041	  123.58	100.00
1146.00	1133.45	 3.3734	34.4400	27.4110	 0.44	 19.18	0.040	  123.65	100.00
1147.00	1134.44	 3.3743	34.4400	27.4109	 0.44	 19.23	0.041	  123.58	100.00
1148.00	1135.43	 3.3750	34.4398	27.4107	 0.44	 19.22	0.041	  123.59	100.00
1149.00	1136.41	 3.3760	34.4397	27.4105	 0.44	 19.24	0.041	  123.58	100.00
1150.00	1137.40	 3.3756	34.4398	27.4107	 0.44	 19.24	0.041	  123.58	100.00
1151.00	1138.39	 3.3751	34.4400	27.4108	 0.44	 19.25	0.040	  123.59	100.00
1152.00	1139.37	 3.3732	34.4400	27.4110	 0.44	 19.25	0.040	  123.58	100.00
1153.00	1140.36	 3.3726	34.4401	27.4112	 0.44	 19.24	0.040	  123.58	100.00
1154.00	1141.35	 3.3728	34.4401	27.4112	 0.44	 19.29	0.040	  123.57	100.00
1155.00	1142.33	 3.3720	34.4403	27.4114	 0.44	 19.25	0.042	  123.61	100.00
1156.00	1143.32	 3.3710	34.4403	27.4115	 0.44	 19.27	0.041	  123.61	100.00
1157.00	1144.30	 3.3689	34.4406	27.4120	 0.44	 19.30	0.041	  123.54	100.00
1158.00	1145.29	 3.3689	34.4407	27.4121	 0.44	 19.28	0.040	  123.60	100.00
1159.00	1146.28	 3.3686	34.4408	27.4121	 0.44	 19.32	0.040	  123.50	100.00
1160.00	1147.26	 3.3677	34.4410	27.4124	 0.45	 19.50	0.041	  123.54	100.00
1161.00	1148.25	 3.3673	34.4411	27.4125	 0.45	 19.43	0.042	  123.54	100.00
1162.00	1149.24	 3.3673	34.4408	27.4123	 0.45	 19.36	0.041	  123.55	100.00
1163.00	1150.22	 3.3673	34.4408	27.4123	 0.44	 19.33	0.041	  123.59	100.00
1164.00	1151.21	 3.3676	34.4409	27.4124	 0.44	 19.33	0.041	  123.50	100.00
1165.00	1152.19	 3.3679	34.4409	27.4123	 0.44	 19.29	0.042	  123.58	100.00
1166.00	1153.18	 3.3672	34.4408	27.4124	 0.45	 19.35	0.042	  123.55	100.00
1167.00	1154.17	 3.3625	34.4415	27.4133	 0.45	 19.41	0.041	  123.49	100.00
1168.00	1155.15	 3.3596	34.4418	27.4139	 0.45	 19.49	0.041	  123.60	100.00
1169.00	1156.14	 3.3558	34.4422	27.4146	 0.45	 19.55	0.041	  123.56	100.00
1170.00	1157.13	 3.3544	34.4426	27.4150	 0.45	 19.54	0.040	  123.53	100.00
1171.00	1158.11	 3.3542	34.4426	27.4150	 0.45	 19.55	0.040	  123.49	100.00
1172.00	1159.10	 3.3534	34.4426	27.4151	 0.45	 19.61	0.041	  123.54	100.00
1173.00	1160.08	 3.3493	34.4430	27.4158	 0.45	 19.68	0.041	  123.52	100.00
1174.00	1161.07	 3.3471	34.4434	27.4164	 0.45	 19.70	0.040	  123.50	100.00
1175.00	1162.06	 3.3455	34.4435	27.4166	 0.45	 19.71	0.040	  123.51	100.00
1176.00	1163.04	 3.3396	34.4443	27.4178	 0.46	 19.87	0.041	  123.55	100.00
1177.00	1164.03	 3.3308	34.4450	27.4192	 0.46	 20.01	0.040	  123.53	100.00
1178.00	1165.02	 3.3240	34.4459	27.4205	 0.46	 20.17	0.040	  123.42	100.00
1179.00	1166.00	 3.3169	34.4470	27.4221	 0.47	 20.24	0.040	  123.52	100.00
1180.00	1166.99	 3.3091	34.4471	27.4229	 0.46	 20.21	0.040	  123.50	100.00
1181.00	1167.97	 3.2982	34.4488	27.4253	 0.47	 20.27	0.040	  123.51	100.00
1182.00	1168.96	 3.2921	34.4498	27.4267	 0.47	 20.36	0.041	  123.52	100.00
1183.00	1169.95	 3.2894	34.4499	27.4270	 0.47	 20.54	0.041	  123.53	100.00
1184.00	1170.93	 3.2868	34.4499	27.4273	 0.48	 20.73	0.041	  123.53	100.00
1185.00	1171.92	 3.2788	34.4516	27.4294	 0.48	 20.67	0.040	  123.56	100.00
1186.00	1172.90	 3.2735	34.4519	27.4301	 0.48	 20.70	0.040	  123.55	100.00
1187.00	1173.89	 3.2683	34.4524	27.4310	 0.48	 20.75	0.040	  123.49	100.00
1188.00	1174.88	 3.2666	34.4532	27.4318	 0.48	 20.89	0.041	  123.55	100.00
1189.00	1175.86	 3.2645	34.4532	27.4320	 0.48	 21.05	0.040	  123.55	100.00
1190.00	1176.85	 3.2623	34.4533	27.4323	 0.49	 21.14	0.040	  123.53	100.00
1191.00	1177.84	 3.2481	34.4548	27.4348	 0.49	 21.13	0.041	  123.47	100.00
1192.00	1178.82	 3.2438	34.4558	27.4360	 0.49	 21.20	0.040	  123.51	100.00
1193.00	1179.81	 3.2423	34.4559	27.4363	 0.49	 21.32	0.041	  123.52	100.00
1194.00	1180.79	 3.2402	34.4563	27.4367	 0.49	 21.42	0.040	  123.43	100.00
1195.00	1181.78	 3.2382	34.4565	27.4371	 0.49	 21.51	0.040	  123.40	100.00
1196.00	1182.77	 3.2358	34.4570	27.4377	 0.50	 21.62	0.040	  123.44	100.00
1197.00	1183.75	 3.2349	34.4570	27.4378	 0.50	 21.57	0.041	  123.43	100.00
1198.00	1184.74	 3.2349	34.4572	27.4380	 0.50	 21.59	0.041	  123.42	100.00
1199.00	1185.72	 3.2354	34.4571	27.4378	 0.50	 21.61	0.041	  123.48	100.00
1200.00	1186.71	 3.2310	34.4576	27.4387	 0.50	 21.66	0.042	  123.47	100.00
1201.00	1187.70	 3.2289	34.4579	27.4391	 0.50	 21.85	0.041	  123.51	100.00
1202.00	1188.68	 3.2257	34.4584	27.4398	 0.50	 21.75	0.042	  123.40	100.00
1203.00	1189.67	 3.2252	34.4585	27.4400	 0.50	 21.84	0.040	  123.49	100.00
1204.00	1190.66	 3.2244	34.4585	27.4400	 0.50	 21.84	0.041	  123.44	100.00
1205.00	1191.64	 3.2236	34.4586	27.4402	 0.50	 21.84	0.041	  123.45	100.00
1206.00	1192.63	 3.2221	34.4588	27.4405	 0.50	 21.84	0.041	  123.42	100.00
1207.00	1193.61	 3.2219	34.4589	27.4406	 0.50	 21.85	0.042	  123.40	100.00
1208.00	1194.60	 3.2212	34.4591	27.4408	 0.50	 21.85	0.041	  123.36	100.00
1209.00	1195.59	 3.2214	34.4591	27.4409	 0.50	 21.86	0.040	  123.35	100.00
1210.00	1196.57	 3.2208	34.4591	27.4409	 0.50	 21.88	0.040	  123.38	100.00
1211.00	1197.56	 3.2208	34.4592	27.4410	 0.50	 21.86	0.041	  123.41	100.00
1212.00	1198.54	 3.2180	34.4594	27.4414	 0.50	 21.88	0.041	  123.35	100.00
1213.00	1199.53	 3.2164	34.4596	27.4417	 0.50	 21.87	0.041	  123.40	 99.46
1214.00	1200.52	 3.2158	34.4598	27.4419	 0.50	 21.90	0.041	  123.34	 99.46
1215.00	1201.50	 3.2144	34.4598	27.4421	 0.51	 21.96	0.040	  123.37	100.01
1216.00	1202.49	 3.2112	34.4603	27.4428	 0.51	 22.07	0.040	  123.35	100.00
1217.00	1203.47	 3.2111	34.4604	27.4429	 0.51	 21.98	0.041	  123.39	100.00
1218.00	1204.46	 3.2111	34.4603	27.4428	 0.51	 21.97	0.042	  123.43	 98.04
1219.00	1205.45	 3.2109	34.4604	27.4429	 0.51	 22.08	0.041	  123.32	 93.72
1220.00	1206.43	 3.2088	34.4606	27.4432	 0.51	 22.07	0.040	  123.36	 92.69
1221.00	1207.42	 3.2075	34.4608	27.4436	 0.51	 22.07	0.041	  123.28	 91.78
1222.00	1208.40	 3.2071	34.4608	27.4436	 0.51	 22.14	0.042	  123.30	 92.83
1223.00	1209.39	 3.2071	34.4609	27.4437	 0.51	 22.10	0.042	  123.23	 89.75
1224.00	1210.38	 3.2050	34.4610	27.4440	 0.51	 22.15	0.042	  123.26	 88.55
1225.00	1211.36	 3.2027	34.4615	27.4446	 0.51	 22.20	0.041	  123.24	 87.81
1226.00	1212.35	 3.2030	34.4614	27.4445	 0.51	 22.33	0.041	  123.35	 86.92
1227.00	1213.33	 3.1956	34.4618	27.4455	 0.51	 22.23	0.040	  123.20	 85.93
1228.00	1214.32	 3.1956	34.4623	27.4459	 0.51	 22.31	0.040	  123.08	 84.96
1229.00	1215.31	 3.1954	34.4622	27.4458	 0.51	 22.36	0.041	  123.08	 83.74
1230.00	1216.29	 3.1894	34.4629	27.4470	 0.52	 22.39	0.040	  123.17	 82.56
1231.00	1217.28	 3.1881	34.4630	27.4472	 0.52	 22.42	0.040	  123.11	 81.82
1232.00	1218.26	 3.1856	34.4635	27.4478	 0.52	 22.45	0.040	  123.18	 80.96
1233.00	1219.25	 3.1877	34.4633	27.4475	 0.52	 22.47	0.040	  123.14	 79.92
1234.00	1220.24	 3.1856	34.4633	27.4477	 0.52	 22.62	0.040	  123.12	 78.77
1235.00	1221.22	 3.1822	34.4637	27.4483	 0.52	 22.58	0.041	  123.20	 77.59
1236.00	1222.21	 3.1774	34.4646	27.4495	 0.52	 22.62	0.040	  123.15	 76.71
1237.00	1223.19	 3.1762	34.4645	27.4495	 0.52	 22.73	0.041	  123.17	 75.82
1238.00	1224.18	 3.1758	34.4647	27.4497	 0.52	 22.76	0.041	  123.11	 74.86
1239.00	1225.17	 3.1768	34.4646	27.4496	 0.52	 22.74	0.040	  123.19	 73.80
1240.00	1226.15	 3.1791	34.4643	27.4491	 0.52	 22.79	0.040	  123.15	 72.75
1241.00	1227.14	 3.1784	34.4645	27.4493	 0.52	 22.74	0.040	  123.15	 71.80
1242.00	1228.12	 3.1781	34.4644	27.4493	 0.52	 22.74	0.040	  123.15	 70.81
1243.00	1229.11	 3.1786	34.4645	27.4493	 0.53	 22.84	0.040	  123.16	 69.72
1244.00	1230.10	 3.1787	34.4644	27.4492	 0.52	 22.73	0.040	  123.15	 68.76
1245.00	1231.08	 3.1782	34.4645	27.4494	 0.53	 22.82	0.040	  123.12	 67.80
1246.00	1232.07	 3.1776	34.4644	27.4493	 0.52	 22.81	0.041	  123.17	 66.83
1247.00	1233.05	 3.1720	34.4651	27.4505	 0.53	 22.89	0.040	  123.21	 65.80
1248.00	1234.04	 3.1716	34.4653	27.4506	 0.53	 22.88	0.040	  123.18	 64.80
1249.00	1235.02	 3.1710	34.4654	27.4508	 0.53	 22.90	0.041	  123.06	 63.80
1250.00	1236.01	 3.1703	34.4654	27.4508	 0.53	 22.91	0.041	  123.12	 62.89
1251.00	1237.00	 3.1708	34.4654	27.4508	 0.53	 22.93	0.040	  123.05	 61.98
1252.00	1237.98	 3.1708	34.4654	27.4508	 0.53	 22.89	0.040	  123.08	 60.90
1253.00	1238.97	 3.1698	34.4656	27.4511	 0.53	 22.95	0.041	  123.11	 59.88
1254.00	1239.95	 3.1695	34.4656	27.4511	 0.53	 22.94	0.040	  123.05	 58.75
1255.00	1240.94	 3.1700	34.4655	27.4510	 0.53	 22.98	0.041	  123.04	 57.77
1256.00	1241.93	 3.1695	34.4656	27.4511	 0.53	 22.89	0.042	  123.07	 56.99
1257.00	1242.91	 3.1658	34.4658	27.4516	 0.53	 22.95	0.042	  123.05	 56.03
1258.00	1243.90	 3.1666	34.4659	27.4516	 0.53	 22.93	0.041	  123.09	 54.94
1259.00	1244.88	 3.1637	34.4661	27.4521	 0.53	 22.93	0.040	  123.01	 54.04
1260.00	1245.87	 3.1629	34.4663	27.4523	 0.53	 23.02	0.041	  123.06	 52.85
1261.00	1246.85	 3.1653	34.4660	27.4519	 0.53	 22.99	0.041	  123.06	 51.80
1262.00	1247.84	 3.1639	34.4663	27.4523	 0.53	 22.96	0.040	  123.00	 50.78
1263.00	1248.83	 3.1651	34.4660	27.4519	 0.53	 22.98	0.041	  123.02	 49.68
1264.00	1249.81	 3.1552	34.4669	27.4535	 0.53	 23.17	0.040	  122.93	 48.89
1265.00	1250.80	 3.1482	34.4680	27.4551	 0.53	 23.18	0.040	  123.00	 47.97
1266.00	1251.78	 3.1482	34.4680	27.4550	 0.54	 23.31	0.041	  123.02	 46.78
1267.00	1252.77	 3.1458	34.4682	27.4555	 0.54	 23.38	0.040	  122.98	 45.79
1268.00	1253.76	 3.1418	34.4682	27.4559	 0.54	 23.48	0.040	  122.97	 45.04
1269.00	1254.74	 3.1398	34.4691	27.4567	 0.54	 23.42	0.040	  122.92	 44.15
1270.00	1255.73	 3.1395	34.4691	27.4567	 0.54	 23.42	0.040	  122.95	 43.05
1271.00	1256.71	 3.1398	34.4690	27.4567	 0.54	 23.53	0.040	  122.94	 41.84
1272.00	1257.70	 3.1387	34.4690	27.4567	 0.54	 23.61	0.040	  122.92	 40.74
1273.00	1258.68	 3.1299	34.4699	27.4583	 0.55	 23.71	0.041	  122.91	 39.91
1274.00	1259.67	 3.1231	34.4710	27.4598	 0.55	 23.88	0.041	  122.91	 39.02
1275.00	1260.66	 3.1218	34.4713	27.4602	 0.55	 23.86	0.040	  122.90	 38.11
1276.00	1261.64	 3.1229	34.4709	27.4598	 0.55	 23.93	0.040	  122.85	 37.13
1277.00	1262.63	 3.1056	34.4727	27.4628	 0.55	 24.10	0.040	  122.88	 35.87
1278.00	1263.61	 3.0991	34.4732	27.4638	 0.56	 24.31	0.041	  122.86	 35.00
1279.00	1264.60	 3.0864	34.4752	27.4665	 0.56	 24.37	0.041	  122.85	 34.09
1280.00	1265.58	 3.0839	34.4754	27.4669	 0.56	 24.49	0.041	  122.92	 32.95
1281.00	1266.57	 3.0835	34.4756	27.4671	 0.57	 24.68	0.040	  122.87	 31.84
1282.00	1267.56	 3.0830	34.4759	27.4674	 0.57	 24.79	0.042	  122.87	 31.11
1283.00	1268.54	 3.0822	34.4759	27.4675	 0.57	 24.72	0.043	  122.87	 30.11
1284.00	1269.53	 3.0813	34.4761	27.4678	 0.57	 24.72	0.055	  122.83	 29.17
1285.00	1270.51	 3.0805	34.4761	27.4678	 0.57	 24.73	0.046	  122.85	 28.03
1286.00	1271.50	 3.0802	34.4762	27.4679	 0.57	 24.75	0.040	  122.86	 26.90
1287.00	1272.48	 3.0797	34.4760	27.4678	 0.57	 24.79	0.042	  122.87	 26.28
1288.00	1273.47	 3.0762	34.4768	27.4687	 0.57	 24.79	0.041	  122.90	 25.38
1289.00	1274.46	 3.0756	34.4769	27.4689	 0.57	 24.80	0.040	  122.88	 24.42
1290.00	1275.44	 3.0730	34.4771	27.4693	 0.57	 24.80	0.040	  122.81	 23.24
1291.00	1276.43	 3.0719	34.4772	27.4695	 0.57	 24.77	0.041	  122.86	 21.92
1292.00	1277.41	 3.0696	34.4774	27.4699	 0.57	 24.81	0.040	  122.83	 20.94
1293.00	1278.40	 3.0663	34.4779	27.4706	 0.57	 24.84	0.040	  122.86	 19.94
1294.00	1279.38	 3.0549	34.4791	27.4726	 0.58	 25.09	0.040	  122.79	 18.91
1295.00	1280.37	 3.0531	34.4794	27.4730	 0.58	 25.14	0.041	  122.82	 17.97
1296.00	1281.36	 3.0535	34.4793	27.4729	 0.58	 25.16	0.041	  122.76	 16.94
1297.00	1282.34	 3.0517	34.4794	27.4731	 0.58	 25.17	0.040	  122.70	 16.15
1298.00	1283.33	 3.0498	34.4798	27.4736	 0.58	 25.23	0.041	  122.72	 15.01
1299.00	1284.31	 3.0471	34.4798	27.4739	 0.58	 25.26	0.040	  122.73	 14.00
1300.00	1285.30	 3.0433	34.4804	27.4747	 0.58	 25.29	0.041	  122.71	 13.29
1301.00	1286.28	 3.0421	34.4806	27.4750	 0.58	 25.33	0.041	  122.74	 12.20
1302.00	1287.27	 3.0406	34.4807	27.4752	 0.58	 25.35	0.041	  122.66	 11.09
1303.00	1288.26	 3.0389	34.4811	27.4757	 0.58	 25.37	0.041	  122.52	  9.99
