* Sea-Bird SBE 9 Data:
* Software Version Seasave V 7.26.7.107
* Vessel: NOAA Ship Ronald H. Brown
* Cruise: RB2102, West Coast Ocean Acidification (WCOA) 2021
* Dates: 20210622 to 20210723
* Region: NE Pacific, USA West Coast
* Ports: San Diego, CA to Port Angeles, WA to San Diego, CA
* Chief Scientists: R. Feely, NOAA PMEL; D. Greeley, NOAA PMEL; B. Carter, NOAA PMEL / UW CICOES
* Contacts: R. Feely, richard.a.feely@noaa.gov; D. Greeley, dana.greeley@noaa.gov; B. Carter, brendan.carter@noaa.gov
* Station: 039
* Cast: 1
* Cast Date-Time [GMT]: 02-Jul-2021 13:29:36
* Longitude: -124.9815 W
* Latitude: 47.1153 N
* Water Depth [m]: 407.2
**********
* Column  1: Pressure [decibar]
* Column  2: Depth [m]
* Column  3: Temperature ITS-90 [degree C]
* Column  4: Salinity PSS-78 [psu]
* Column  5: Sigma-theta EOS-80 [kg/m^3 - 1000]
* Column  6: Oxygen [ml/L]
* Column  7: Oxygen [umol/kg]
* Column  8: Fluorescence [volts]
* Column  9: Oxygen Reduction Potential [mV]
* Column 10: Altimeter [m]
**********
*END*
   3.00	   2.98	16.1536	31.6014	23.1008	 6.38	278.41	0.075	  157.82	 99.77
   4.00	   3.97	16.1731	31.6024	23.0972	 6.40	279.18	0.073	  157.83	 99.78
   5.00	   4.96	16.1785	31.6030	23.0965	 6.41	279.74	0.072	  157.81	 99.78
   6.00	   5.95	16.1821	31.6005	23.0938	 6.41	279.87	0.073	  157.80	 99.78
   7.00	   6.94	16.1693	31.6109	23.1047	 6.47	282.27	0.073	  157.80	 99.78
   8.00	   7.93	15.5773	31.7139	23.3152	 6.90	301.15	0.072	  157.99	 99.79
   9.00	   8.93	14.4645	31.8279	23.6412	 7.35	320.52	0.072	  158.23	 99.87
  10.00	   9.92	13.8163	31.8479	23.7901	 7.37	321.63	0.081	  158.38	 99.91
  11.00	  10.91	13.2487	31.8827	23.9306	 7.45	324.89	0.092	  158.51	 99.90
  12.00	  11.90	12.5166	31.9079	24.0919	 7.50	327.04	0.096	  158.75	 99.90
  13.00	  12.89	12.1395	31.9162	24.1694	 7.19	313.67	0.093	  158.86	 99.90
  14.00	  13.88	11.8926	31.9370	24.2313	 7.02	306.08	0.092	  158.94	 99.88
  15.00	  14.87	11.6320	31.9725	24.3066	 6.59	287.47	0.101	  159.08	 99.81
  16.00	  15.87	11.3629	32.0119	24.3856	 6.38	278.09	0.095	  159.26	 99.78
  17.00	  16.86	11.2053	32.0338	24.4307	 6.20	270.36	0.091	  159.41	 99.69
  18.00	  17.85	11.0956	32.0492	24.4621	 6.03	262.89	0.089	  159.50	 99.63
  19.00	  18.84	10.8582	32.0949	24.5392	 5.61	244.54	0.090	  159.57	 99.57
  20.00	  19.83	10.3470	32.1962	24.7057	 5.05	219.96	0.086	  159.91	 99.50
  21.00	  20.82	10.0647	32.2600	24.8028	 4.88	212.54	0.072	  160.16	 99.43
  22.00	  21.82	 9.9646	32.3024	24.8524	 4.69	204.16	0.068	  160.21	 99.35
  23.00	  22.81	 9.7583	32.3803	24.9471	 4.46	194.12	0.060	  160.34	 99.30
  24.00	  23.80	 9.7040	32.3960	24.9682	 4.35	189.61	0.059	  160.43	 99.31
  25.00	  24.79	 9.5885	32.4281	25.0120	 4.22	183.88	0.058	  160.50	 99.32
  26.00	  25.78	 9.4499	32.4790	25.0741	 4.13	179.79	0.056	  160.66	 99.34
  27.00	  26.77	 9.3287	32.5180	25.1239	 4.07	177.33	0.053	  160.66	 99.34
  28.00	  27.77	 9.2426	32.5424	25.1566	 3.98	173.39	0.051	  160.73	 99.37
  29.00	  28.76	 9.1554	32.5827	25.2019	 3.89	169.24	0.050	  160.83	 99.38
  30.00	  29.75	 9.1169	32.6200	25.2371	 3.80	165.38	0.050	  160.88	 99.39
  31.00	  30.74	 9.0533	32.6492	25.2699	 3.71	161.42	0.049	  160.99	 99.40
  32.00	  31.73	 9.0155	32.6606	25.2847	 3.64	158.50	0.048	  161.01	 99.41
  33.00	  32.72	 8.9760	32.6687	25.2972	 3.57	155.65	0.048	  161.07	 96.82
  34.00	  33.71	 8.8231	32.6893	25.3370	 3.53	153.74	0.046	  161.16	 96.85
  35.00	  34.71	 8.4890	32.7209	25.4126	 3.67	159.69	0.045	  161.28	 99.44
  36.00	  35.70	 8.3032	32.7201	25.4397	 3.82	166.22	0.044	  161.28	 99.47
  37.00	  36.69	 8.1894	32.7141	25.4519	 3.93	170.99	0.044	  161.29	 99.46
  38.00	  37.68	 8.1299	32.7170	25.4629	 3.96	172.29	0.044	  161.25	 93.98
  39.00	  38.67	 8.0986	32.7198	25.4696	 4.00	174.29	0.045	  161.23	 96.81
  40.00	  39.66	 8.0214	32.7392	25.4961	 4.04	176.08	0.044	  161.29	 99.54
  41.00	  40.66	 7.9932	32.7540	25.5118	 4.05	176.27	0.044	  161.16	 95.53
  42.00	  41.65	 7.9867	32.7601	25.5176	 4.07	177.05	0.043	  161.19	 99.40
  43.00	  42.64	 7.9523	32.7717	25.5317	 4.12	179.21	0.043	  161.18	 89.41
  44.00	  43.63	 7.8815	32.7949	25.5601	 4.16	181.03	0.043	  161.23	 98.83
  45.00	  44.62	 7.8416	32.8116	25.5790	 4.21	183.48	0.043	  161.21	 96.16
  46.00	  45.61	 7.7951	32.8508	25.6164	 4.26	185.46	0.043	  161.18	 97.86
  47.00	  46.60	 7.7625	32.8793	25.6435	 4.29	186.86	0.042	  161.21	 99.37
  48.00	  47.60	 7.7440	32.8996	25.6621	 4.32	188.32	0.042	  161.19	 99.38
  49.00	  48.59	 7.7299	32.9131	25.6747	 4.41	191.88	0.042	  161.17	 99.32
  50.00	  49.58	 7.6982	32.9403	25.7006	 4.49	195.49	0.042	  161.04	 86.87
  51.00	  50.57	 7.6897	32.9558	25.7140	 4.50	195.71	0.040	  161.15	 99.47
  52.00	  51.56	 7.6807	32.9736	25.7293	 4.48	195.15	0.040	  161.09	 99.35
  53.00	  52.55	 7.6646	33.0159	25.7648	 4.47	194.62	0.041	  161.12	 99.34
  54.00	  53.54	 7.6476	33.0531	25.7965	 4.43	192.86	0.041	  160.97	 89.56
  55.00	  54.54	 7.6307	33.0904	25.8282	 4.39	190.91	0.041	  161.02	 95.94
  56.00	  55.53	 7.6268	33.0948	25.8322	 4.37	190.22	0.041	  161.06	 92.18
  57.00	  56.52	 7.6207	33.1028	25.8394	 4.35	189.54	0.041	  161.03	 99.19
  58.00	  57.51	 7.6158	33.1090	25.8450	 4.34	188.86	0.041	  161.02	 99.34
  59.00	  58.50	 7.6150	33.1106	25.8463	 4.32	187.92	0.041	  161.02	 99.37
  60.00	  59.49	 7.6047	33.1221	25.8568	 4.28	186.41	0.041	  160.99	 99.37
  61.00	  60.48	 7.5953	33.1328	25.8666	 4.25	185.13	0.041	  160.99	 99.37
  62.00	  61.48	 7.5833	33.1449	25.8778	 4.24	184.65	0.041	  160.98	 99.37
  63.00	  62.47	 7.5693	33.1573	25.8896	 4.23	184.27	0.041	  160.94	 87.40
  64.00	  63.46	 7.5578	33.1655	25.8976	 4.21	183.36	0.041	  160.94	 98.64
  65.00	  64.45	 7.5491	33.1721	25.9040	 4.16	181.26	0.041	  160.95	 99.38
  66.00	  65.44	 7.5310	33.1885	25.9195	 4.05	176.46	0.041	  160.91	 97.56
  67.00	  66.43	 7.4693	33.2328	25.9630	 3.92	170.52	0.041	  160.99	 80.80
  68.00	  67.42	 7.4110	33.2926	26.0182	 3.80	165.45	0.041	  160.97	 99.09
  69.00	  68.42	 7.3910	33.3182	26.0411	 3.71	161.42	0.041	  161.05	 99.40
  70.00	  69.41	 7.3800	33.3309	26.0527	 3.66	159.22	0.041	  161.03	 99.42
  71.00	  70.40	 7.3714	33.3421	26.0628	 3.61	157.24	0.041	  160.99	 99.44
  72.00	  71.39	 7.3503	33.3752	26.0917	 3.58	155.78	0.041	  161.04	 99.45
  73.00	  72.38	 7.3408	33.3952	26.1088	 3.56	154.78	0.041	  161.01	 99.46
  74.00	  73.37	 7.3389	33.3972	26.1106	 3.54	154.26	0.041	  161.00	 99.48
  75.00	  74.36	 7.3366	33.3981	26.1117	 3.53	153.83	0.041	  160.99	 99.49
  76.00	  75.35	 7.3259	33.4099	26.1225	 3.52	152.99	0.041	  161.01	 99.49
  77.00	  76.35	 7.3163	33.4236	26.1346	 3.50	152.16	0.041	  161.03	 99.50
  78.00	  77.34	 7.3090	33.4358	26.1452	 3.49	151.68	0.041	  160.99	 99.50
  79.00	  78.33	 7.2981	33.4796	26.1812	 3.48	151.33	0.041	  160.94	 99.50
  80.00	  79.32	 7.2944	33.5047	26.2014	 3.46	150.69	0.041	  161.02	 99.50
  81.00	  80.31	 7.2970	33.5077	26.2035	 3.42	148.81	0.041	  161.00	 99.51
  82.00	  81.30	 7.3032	33.5199	26.2122	 3.25	141.57	0.041	  160.96	 99.51
  83.00	  82.29	 7.3141	33.5369	26.2241	 3.03	131.70	0.041	  160.98	 99.51
  84.00	  83.28	 7.3452	33.5751	26.2499	 2.90	126.25	0.041	  161.05	 99.51
  85.00	  84.28	 7.3683	33.6134	26.2768	 2.81	122.18	0.041	  161.06	 99.51
  86.00	  85.27	 7.3764	33.6275	26.2867	 2.76	119.94	0.041	  161.09	 99.54
  87.00	  86.26	 7.3818	33.6434	26.2985	 2.71	118.08	0.042	  161.11	 99.57
  88.00	  87.25	 7.3959	33.6761	26.3223	 2.66	115.53	0.042	  161.09	 99.62
  89.00	  88.24	 7.4181	33.7115	26.3470	 2.62	113.84	0.041	  161.12	 99.63
  90.00	  89.23	 7.4352	33.7373	26.3649	 2.55	110.90	0.041	  161.11	 99.64
  91.00	  90.22	 7.4465	33.7516	26.3746	 2.45	106.56	0.041	  161.10	 99.66
  92.00	  91.22	 7.4567	33.7652	26.3838	 2.39	104.20	0.041	  161.14	 99.66
  93.00	  92.21	 7.4676	33.7794	26.3934	 2.37	103.32	0.041	  161.14	 99.67
  94.00	  93.20	 7.4728	33.7853	26.3974	 2.36	102.69	0.041	  161.13	 99.68
  95.00	  94.19	 7.4765	33.7898	26.4004	 2.36	102.52	0.041	  161.18	 99.69
  96.00	  95.18	 7.4825	33.7966	26.4049	 2.36	102.51	0.041	  161.17	 99.71
  97.00	  96.17	 7.4897	33.8040	26.4098	 2.35	102.25	0.041	  161.13	 99.71
  98.00	  97.16	 7.4901	33.8037	26.4094	 2.35	102.17	0.041	  161.16	 99.71
  99.00	  98.15	 7.4903	33.8036	26.4094	 2.35	102.14	0.042	  161.15	 99.71
 100.00	  99.14	 7.4904	33.8034	26.4092	 2.35	102.18	0.042	  161.08	 99.71
 101.00	 100.14	 7.4931	33.8062	26.4110	 2.35	102.25	0.041	  161.06	 99.71
 102.00	 101.13	 7.4959	33.8077	26.4119	 2.35	102.42	0.041	  161.05	 99.71
 103.00	 102.12	 7.4977	33.8101	26.4135	 2.35	102.41	0.041	  161.08	 99.71
 104.00	 103.11	 7.5111	33.8293	26.4267	 2.35	102.34	0.041	  161.07	 99.71
 105.00	 104.10	 7.4792	33.8459	26.4443	 2.35	102.16	0.041	  160.97	 99.71
 106.00	 105.09	 7.4508	33.8548	26.4553	 2.31	100.68	0.041	  160.95	 99.71
 107.00	 106.08	 7.4172	33.8742	26.4753	 2.22	 96.49	0.041	  161.10	 99.71
 108.00	 107.07	 7.3984	33.8820	26.4842	 2.16	 94.08	0.041	  160.97	 99.71
 109.00	 108.07	 7.3744	33.8895	26.4934	 2.12	 92.04	0.041	  161.09	 99.71
 110.00	 109.06	 7.3664	33.8905	26.4954	 2.07	 90.00	0.041	  161.00	 99.71
 111.00	 110.05	 7.3474	33.8919	26.4991	 2.03	 88.19	0.041	  161.03	 99.73
 112.00	 111.04	 7.3268	33.8956	26.5050	 1.94	 84.49	0.041	  161.00	 99.75
 113.00	 112.03	 7.2996	33.8955	26.5087	 1.86	 80.91	0.041	  161.05	 99.77
 114.00	 113.02	 7.2786	33.9008	26.5159	 1.83	 79.57	0.041	  161.08	 99.77
 115.00	 114.01	 7.2679	33.9013	26.5178	 1.82	 79.04	0.041	  161.01	 99.78
 116.00	 115.00	 7.2588	33.9034	26.5207	 1.80	 78.47	0.041	  161.05	 99.78
 117.00	 115.99	 7.2562	33.9041	26.5216	 1.78	 77.64	0.041	  161.06	 99.78
 118.00	 116.99	 7.2399	33.9073	26.5264	 1.75	 76.15	0.041	  161.05	 99.79
 119.00	 117.98	 7.2189	33.9120	26.5330	 1.73	 75.22	0.041	  161.09	 99.80
 120.00	 118.97	 7.2033	33.9170	26.5392	 1.74	 75.59	0.041	  161.07	 99.80
 121.00	 119.96	 7.1973	33.9197	26.5421	 1.74	 75.66	0.041	  161.08	 99.80
 122.00	 120.95	 7.1918	33.9216	26.5444	 1.73	 75.41	0.041	  161.06	 99.81
 123.00	 121.94	 7.1871	33.9223	26.5456	 1.72	 74.91	0.041	  161.05	 99.81
 124.00	 122.93	 7.1856	33.9225	26.5460	 1.71	 74.20	0.041	  161.05	 99.81
 125.00	 123.92	 7.1830	33.9230	26.5468	 1.67	 72.83	0.041	  161.06	 99.81
 126.00	 124.91	 7.1736	33.9235	26.5484	 1.63	 71.10	0.041	  161.08	 99.81
 127.00	 125.91	 7.1441	33.9270	26.5553	 1.60	 69.66	0.041	  161.04	 99.81
 128.00	 126.90	 7.1318	33.9287	26.5584	 1.56	 68.08	0.042	  161.05	 99.83
 129.00	 127.89	 7.1267	33.9294	26.5597	 1.56	 67.65	0.041	  161.05	 99.83
 130.00	 128.88	 7.1249	33.9297	26.5601	 1.55	 67.49	0.042	  161.05	 99.83
 131.00	 129.87	 7.1228	33.9301	26.5607	 1.55	 67.23	0.042	  161.05	 99.83
 132.00	 130.86	 7.1201	33.9302	26.5612	 1.54	 66.89	0.041	  161.04	 99.83
 133.00	 131.85	 7.1141	33.9307	26.5624	 1.53	 66.63	0.041	  161.03	 99.84
 134.00	 132.84	 7.0983	33.9325	26.5660	 1.52	 66.15	0.041	  161.01	 99.84
 135.00	 133.83	 7.0824	33.9340	26.5694	 1.51	 65.61	0.041	  161.04	 99.85
 136.00	 134.83	 7.0759	33.9349	26.5710	 1.50	 65.10	0.041	  161.07	 99.84
 137.00	 135.82	 7.0576	33.9359	26.5744	 1.49	 64.88	0.041	  161.05	 99.85
 138.00	 136.81	 7.0423	33.9398	26.5796	 1.49	 64.65	0.041	  161.05	 99.85
 139.00	 137.80	 7.0287	33.9419	26.5831	 1.48	 64.50	0.041	  161.01	 99.85
 140.00	 138.79	 7.0282	33.9422	26.5834	 1.47	 63.88	0.041	  161.00	 99.85
 141.00	 139.78	 7.0040	33.9455	26.5893	 1.45	 63.12	0.041	  161.05	 99.85
 142.00	 140.77	 6.9938	33.9479	26.5926	 1.44	 62.51	0.041	  161.04	 99.85
 143.00	 141.76	 6.9905	33.9487	26.5937	 1.43	 62.22	0.041	  161.04	 99.85
 144.00	 142.75	 6.9883	33.9491	26.5943	 1.42	 61.92	0.041	  161.02	 99.85
 145.00	 143.74	 6.9874	33.9495	26.5947	 1.42	 61.58	0.041	  161.02	 99.85
 146.00	 144.74	 6.9842	33.9499	26.5955	 1.41	 61.31	0.041	  160.98	 99.85
 147.00	 145.73	 6.9782	33.9505	26.5969	 1.41	 61.31	0.041	  161.01	 99.86
 148.00	 146.72	 6.9637	33.9529	26.6007	 1.41	 61.47	0.041	  161.01	 99.86
 149.00	 147.71	 6.9625	33.9533	26.6012	 1.42	 61.91	0.041	  161.01	 99.86
 150.00	 148.70	 6.9605	33.9528	26.6011	 1.44	 62.60	0.042	  161.00	 99.85
 151.00	 149.69	 6.9468	33.9548	26.6046	 1.46	 63.44	0.041	  160.95	 99.86
 152.00	 150.68	 6.9438	33.9551	26.6052	 1.48	 64.33	0.041	  160.92	 99.86
 153.00	 151.67	 6.9349	33.9560	26.6072	 1.50	 65.04	0.042	  160.96	 99.85
 154.00	 152.66	 6.9299	33.9569	26.6086	 1.49	 64.81	0.041	  160.98	 99.85
 155.00	 153.65	 6.9256	33.9575	26.6096	 1.48	 64.22	0.041	  160.90	 99.85
 156.00	 154.65	 6.9208	33.9582	26.6109	 1.46	 63.65	0.041	  160.90	 99.85
 157.00	 155.64	 6.9193	33.9588	26.6116	 1.46	 63.35	0.041	  160.91	 99.85
 158.00	 156.63	 6.9198	33.9589	26.6115	 1.46	 63.40	0.041	  160.94	 99.85
 159.00	 157.62	 6.9180	33.9594	26.6122	 1.46	 63.61	0.041	  160.84	 99.85
 160.00	 158.61	 6.9149	33.9599	26.6130	 1.47	 63.99	0.041	  160.94	 99.85
 161.00	 159.60	 6.9131	33.9602	26.6135	 1.49	 64.68	0.041	  160.93	 99.85
 162.00	 160.59	 6.9072	33.9606	26.6147	 1.51	 65.66	0.041	  160.95	 99.85
 163.00	 161.58	 6.9031	33.9611	26.6156	 1.53	 66.50	0.041	  160.92	 99.85
 164.00	 162.57	 6.9017	33.9615	26.6162	 1.53	 66.45	0.041	  160.89	 99.85
 165.00	 163.56	 6.9016	33.9621	26.6167	 1.52	 66.28	0.041	  160.87	 99.85
 166.00	 164.55	 6.9029	33.9621	26.6165	 1.52	 66.10	0.041	  160.86	 99.85
 167.00	 165.55	 6.9037	33.9620	26.6163	 1.52	 66.13	0.042	  160.78	 99.85
 168.00	 166.54	 6.9043	33.9618	26.6161	 1.53	 66.70	0.041	  160.86	 99.85
 169.00	 167.53	 6.9001	33.9627	26.6173	 1.55	 67.36	0.041	  160.82	 99.85
 170.00	 168.52	 6.8983	33.9628	26.6177	 1.56	 67.81	0.041	  160.79	 99.85
 171.00	 169.51	 6.8974	33.9629	26.6179	 1.57	 68.33	0.041	  160.78	 99.85
 172.00	 170.50	 6.8963	33.9630	26.6181	 1.58	 68.95	0.041	  160.82	 99.85
 173.00	 171.49	 6.8926	33.9629	26.6186	 1.60	 69.53	0.041	  160.75	 99.85
 174.00	 172.48	 6.8857	33.9635	26.6200	 1.62	 70.32	0.041	  160.74	 99.84
 175.00	 173.47	 6.8738	33.9640	26.6220	 1.65	 71.63	0.040	  160.74	 99.84
 176.00	 174.46	 6.8647	33.9645	26.6236	 1.66	 72.39	0.041	  160.72	 99.84
 177.00	 175.45	 6.8576	33.9649	26.6249	 1.67	 72.81	0.041	  160.69	 99.84
 178.00	 176.44	 6.8491	33.9656	26.6267	 1.67	 72.62	0.041	  160.68	 99.83
 179.00	 177.44	 6.8441	33.9662	26.6278	 1.65	 71.79	0.041	  160.66	 99.83
 180.00	 178.43	 6.8343	33.9675	26.6302	 1.63	 71.06	0.041	  160.72	 99.83
 181.00	 179.42	 6.8226	33.9687	26.6327	 1.62	 70.47	0.042	  160.70	 99.83
 182.00	 180.41	 6.8196	33.9695	26.6338	 1.60	 69.80	0.041	  160.68	 99.83
 183.00	 181.40	 6.8174	33.9700	26.6345	 1.59	 69.31	0.042	  160.64	 99.83
 184.00	 182.39	 6.8144	33.9702	26.6350	 1.60	 69.40	0.041	  160.59	 99.83
 185.00	 183.38	 6.8104	33.9707	26.6359	 1.59	 69.05	0.041	  160.62	 99.83
 186.00	 184.37	 6.8080	33.9710	26.6366	 1.58	 68.86	0.041	  160.60	 99.84
 187.00	 185.36	 6.8060	33.9713	26.6370	 1.58	 68.70	0.042	  160.60	 99.84
 188.00	 186.35	 6.8011	33.9715	26.6379	 1.58	 68.90	0.041	  160.60	 99.84
 189.00	 187.34	 6.7927	33.9723	26.6397	 1.60	 69.50	0.041	  160.58	 99.84
 190.00	 188.33	 6.7841	33.9731	26.6414	 1.61	 70.12	0.042	  160.56	 99.85
 191.00	 189.32	 6.7817	33.9734	26.6421	 1.63	 70.85	0.041	  160.63	 99.85
 192.00	 190.32	 6.7783	33.9735	26.6425	 1.65	 71.84	0.042	  160.60	 99.84
 193.00	 191.31	 6.7711	33.9738	26.6438	 1.67	 72.69	0.041	  160.64	 99.84
 194.00	 192.30	 6.7666	33.9750	26.6453	 1.68	 73.28	0.041	  160.56	 99.84
 195.00	 193.29	 6.7659	33.9744	26.6449	 1.70	 73.89	0.041	  160.55	 99.84
 196.00	 194.28	 6.7646	33.9756	26.6461	 1.71	 74.29	0.042	  160.54	 99.83
 197.00	 195.27	 6.7638	33.9756	26.6463	 1.70	 74.09	0.041	  160.55	 99.83
 198.00	 196.26	 6.7619	33.9758	26.6466	 1.69	 73.56	0.041	  160.54	 99.83
 199.00	 197.25	 6.7589	33.9760	26.6472	 1.68	 73.16	0.041	  160.56	 99.83
 200.00	 198.24	 6.7550	33.9761	26.6479	 1.67	 72.74	0.041	  160.49	 99.83
 201.00	 199.23	 6.7503	33.9768	26.6490	 1.66	 72.18	0.041	  160.50	 99.83
 202.00	 200.22	 6.7444	33.9772	26.6501	 1.65	 71.77	0.041	  160.50	 99.83
 203.00	 201.21	 6.7406	33.9778	26.6512	 1.66	 72.06	0.041	  160.51	 99.83
 204.00	 202.20	 6.7395	33.9781	26.6515	 1.66	 72.36	0.041	  160.52	 99.83
 205.00	 203.20	 6.7380	33.9783	26.6519	 1.67	 72.55	0.041	  160.49	 99.83
 206.00	 204.19	 6.7359	33.9787	26.6525	 1.68	 72.86	0.041	  160.49	 99.83
 207.00	 205.18	 6.7352	33.9789	26.6527	 1.69	 73.41	0.041	  160.44	 99.83
 208.00	 206.17	 6.7338	33.9794	26.6534	 1.70	 74.00	0.041	  160.42	 99.83
 209.00	 207.16	 6.7322	33.9798	26.6539	 1.71	 74.27	0.041	  160.45	 99.83
 210.00	 208.15	 6.7314	33.9800	26.6542	 1.71	 74.50	0.041	  160.46	 99.83
 211.00	 209.14	 6.7322	33.9801	26.6542	 1.72	 74.66	0.041	  160.47	 99.83
 212.00	 210.13	 6.7316	33.9800	26.6542	 1.72	 74.92	0.042	  160.40	 99.83
 213.00	 211.12	 6.7308	33.9803	26.6545	 1.73	 75.16	0.041	  160.45	 99.83
 214.00	 212.11	 6.7296	33.9805	26.6549	 1.73	 75.17	0.041	  160.43	 99.83
 215.00	 213.10	 6.7274	33.9807	26.6553	 1.72	 75.00	0.041	  160.47	 99.83
 216.00	 214.09	 6.7255	33.9810	26.6558	 1.72	 74.94	0.041	  160.40	 99.83
 217.00	 215.08	 6.7257	33.9809	26.6557	 1.72	 74.93	0.041	  160.46	 99.83
 218.00	 216.07	 6.7257	33.9808	26.6557	 1.72	 74.74	0.041	  160.44	 99.83
 219.00	 217.06	 6.7246	33.9809	26.6559	 1.71	 74.41	0.041	  160.43	 99.83
 220.00	 218.06	 6.7204	33.9812	26.6567	 1.70	 73.93	0.041	  160.42	 99.83
 221.00	 219.05	 6.7186	33.9813	26.6571	 1.69	 73.54	0.041	  160.40	 99.83
 222.00	 220.04	 6.7187	33.9812	26.6570	 1.69	 73.35	0.041	  160.40	 99.83
 223.00	 221.03	 6.7180	33.9812	26.6571	 1.69	 73.39	0.041	  160.39	 99.83
 224.00	 222.02	 6.7193	33.9812	26.6569	 1.68	 73.16	0.041	  160.37	 99.83
 225.00	 223.01	 6.7192	33.9811	26.6569	 1.67	 72.83	0.041	  160.35	 99.83
 226.00	 224.00	 6.7180	33.9812	26.6572	 1.67	 72.70	0.041	  160.34	 99.83
 227.00	 224.99	 6.7188	33.9811	26.6569	 1.67	 72.55	0.041	  160.46	 99.83
 228.00	 225.98	 6.7180	33.9812	26.6571	 1.66	 72.35	0.042	  160.43	 99.83
 229.00	 226.97	 6.7182	33.9811	26.6571	 1.65	 71.76	0.041	  160.38	 99.83
 230.00	 227.96	 6.7164	33.9811	26.6573	 1.63	 70.91	0.041	  160.40	 99.83
 231.00	 228.95	 6.7157	33.9809	26.6573	 1.61	 69.91	0.041	  160.42	 99.83
 232.00	 229.94	 6.7117	33.9811	26.6579	 1.59	 69.14	0.042	  160.44	 99.83
 233.00	 230.93	 6.7107	33.9811	26.6581	 1.59	 69.03	0.042	  160.39	 99.84
 234.00	 231.92	 6.7106	33.9814	26.6584	 1.60	 69.54	0.041	  160.42	 99.84
 235.00	 232.91	 6.7109	33.9815	26.6585	 1.61	 69.82	0.041	  160.35	 99.85
 236.00	 233.91	 6.7111	33.9816	26.6585	 1.62	 70.29	0.041	  160.33	 99.85
 237.00	 234.90	 6.7113	33.9816	26.6585	 1.63	 71.03	0.041	  160.34	 99.85
 238.00	 235.89	 6.7116	33.9820	26.6587	 1.64	 71.55	0.041	  160.35	 99.85
 239.00	 236.88	 6.7114	33.9820	26.6588	 1.65	 71.90	0.041	  160.31	 99.84
 240.00	 237.87	 6.7113	33.9823	26.6590	 1.66	 72.01	0.041	  160.31	 99.84
 241.00	 238.86	 6.7109	33.9824	26.6592	 1.65	 71.61	0.041	  160.34	 99.83
 242.00	 239.85	 6.7088	33.9823	26.6594	 1.64	 71.22	0.041	  160.31	 99.84
 243.00	 240.84	 6.7063	33.9823	26.6598	 1.62	 70.37	0.042	  160.31	 99.83
 244.00	 241.83	 6.7007	33.9823	26.6605	 1.60	 69.43	0.041	  160.27	 99.84
 245.00	 242.82	 6.6959	33.9824	26.6613	 1.58	 68.85	0.041	  160.26	 99.84
 246.00	 243.81	 6.6948	33.9823	26.6613	 1.57	 68.35	0.042	  160.30	 99.84
 247.00	 244.80	 6.6911	33.9825	26.6620	 1.56	 67.80	0.042	  160.29	 99.84
 248.00	 245.79	 6.6857	33.9831	26.6632	 1.55	 67.31	0.041	  160.30	 95.79
 249.00	 246.78	 6.6819	33.9836	26.6641	 1.53	 66.68	0.041	  160.28	 92.87
 250.00	 247.77	 6.6801	33.9838	26.6645	 1.52	 66.32	0.041	  160.31	 99.94
 251.00	 248.76	 6.6789	33.9840	26.6649	 1.52	 66.19	0.040	  160.31	 99.85
 252.00	 249.75	 6.6787	33.9840	26.6649	 1.52	 66.10	0.042	  160.28	 99.85
 253.00	 250.74	 6.6744	33.9841	26.6656	 1.52	 66.12	0.041	  160.32	 99.85
 254.00	 251.73	 6.6713	33.9847	26.6664	 1.52	 66.07	0.041	  160.31	 99.85
 255.00	 252.72	 6.6706	33.9846	26.6665	 1.52	 66.07	0.042	  160.28	 99.85
 256.00	 253.72	 6.6695	33.9849	26.6668	 1.52	 66.06	0.042	  160.26	 99.85
 257.00	 254.71	 6.6690	33.9850	26.6670	 1.52	 66.05	0.042	  160.18	 99.85
 258.00	 255.70	 6.6689	33.9850	26.6670	 1.52	 66.14	0.041	  160.21	 99.85
 259.00	 256.69	 6.6679	33.9850	26.6672	 1.52	 66.13	0.042	  160.20	 99.85
 260.00	 257.68	 6.6671	33.9852	26.6675	 1.52	 66.16	0.041	  160.24	 99.85
 261.00	 258.67	 6.6665	33.9852	26.6676	 1.52	 66.18	0.041	  160.21	 99.85
 262.00	 259.66	 6.6654	33.9854	26.6679	 1.52	 66.08	0.041	  160.18	 99.85
 263.00	 260.65	 6.6632	33.9855	26.6683	 1.52	 65.92	0.041	  160.24	 99.85
 264.00	 261.64	 6.6584	33.9861	26.6694	 1.51	 65.80	0.041	  160.21	 99.85
 265.00	 262.63	 6.6569	33.9863	26.6697	 1.51	 65.73	0.041	  160.25	 99.85
 266.00	 263.62	 6.6563	33.9864	26.6699	 1.51	 65.71	0.042	  160.29	 99.85
 267.00	 264.61	 6.6550	33.9866	26.6702	 1.51	 65.64	0.041	  160.25	 99.85
 268.00	 265.60	 6.6550	33.9866	26.6703	 1.51	 65.64	0.041	  160.18	 99.85
 269.00	 266.59	 6.6530	33.9866	26.6706	 1.51	 65.51	0.041	  160.17	 99.85
 270.00	 267.58	 6.6504	33.9871	26.6713	 1.51	 65.49	0.041	  160.18	 99.85
 271.00	 268.57	 6.6492	33.9871	26.6714	 1.51	 65.54	0.041	  160.21	 99.85
 272.00	 269.56	 6.6464	33.9875	26.6722	 1.51	 65.54	0.041	  160.20	 99.86
 273.00	 270.55	 6.6459	33.9875	26.6723	 1.51	 65.53	0.041	  160.16	 99.86
 274.00	 271.54	 6.6442	33.9877	26.6727	 1.50	 65.44	0.041	  160.19	 99.85
 275.00	 272.53	 6.6417	33.9879	26.6732	 1.50	 65.31	0.041	  160.19	 99.86
 276.00	 273.52	 6.6412	33.9881	26.6734	 1.50	 65.17	0.041	  160.16	 99.86
 277.00	 274.51	 6.6383	33.9882	26.6739	 1.50	 65.27	0.041	  160.23	 99.86
 278.00	 275.50	 6.6371	33.9883	26.6741	 1.50	 65.28	0.042	  160.19	 99.86
 279.00	 276.49	 6.6360	33.9885	26.6744	 1.50	 65.24	0.041	  160.21	 99.86
 280.00	 277.48	 6.6360	33.9884	26.6744	 1.50	 65.20	0.041	  160.21	 99.86
 281.00	 278.48	 6.6364	33.9885	26.6744	 1.50	 65.15	0.041	  160.19	 99.86
 282.00	 279.47	 6.6362	33.9886	26.6745	 1.50	 65.21	0.042	  160.20	 99.86
 283.00	 280.46	 6.6364	33.9885	26.6744	 1.50	 65.31	0.041	  160.20	 99.86
 284.00	 281.45	 6.6364	33.9885	26.6744	 1.50	 65.25	0.042	  160.20	 99.86
 285.00	 282.44	 6.6362	33.9886	26.6745	 1.50	 65.19	0.041	  160.15	 99.86
 286.00	 283.43	 6.6361	33.9885	26.6745	 1.50	 65.25	0.041	  160.14	 99.86
 287.00	 284.42	 6.6333	33.9884	26.6748	 1.51	 65.52	0.042	  160.15	 99.86
 288.00	 285.41	 6.6131	33.9901	26.6788	 1.51	 65.75	0.041	  160.20	 99.86
 289.00	 286.40	 6.6109	33.9902	26.6792	 1.51	 65.80	0.041	  160.15	 99.86
 290.00	 287.39	 6.6067	33.9905	26.6800	 1.52	 65.95	0.041	  160.19	 89.29
 291.00	 288.38	 6.6044	33.9908	26.6805	 1.52	 66.00	0.041	  160.17	100.07
 292.00	 289.37	 6.6035	33.9909	26.6807	 1.52	 65.96	0.041	  160.12	 99.86
 293.00	 290.36	 6.6036	33.9909	26.6807	 1.52	 65.94	0.041	  160.11	 99.85
 294.00	 291.35	 6.6024	33.9910	26.6810	 1.52	 65.91	0.041	  160.08	 99.86
 295.00	 292.34	 6.5981	33.9916	26.6821	 1.52	 65.96	0.041	  160.01	 99.86
 296.00	 293.33	 6.5970	33.9915	26.6821	 1.52	 65.97	0.041	  160.09	 99.86
 297.00	 294.32	 6.5940	33.9919	26.6828	 1.51	 65.87	0.041	  160.11	 99.86
 298.00	 295.31	 6.5898	33.9922	26.6837	 1.51	 65.81	0.041	  160.09	 83.17
 299.00	 296.30	 6.5891	33.9924	26.6839	 1.51	 65.78	0.041	  160.11	 99.15
 300.00	 297.29	 6.5884	33.9924	26.6840	 1.51	 65.63	0.041	  160.04	 98.63
 301.00	 298.28	 6.5864	33.9925	26.6844	 1.51	 65.57	0.041	  160.08	 98.26
 302.00	 299.27	 6.5863	33.9927	26.6846	 1.51	 65.49	0.041	  160.07	 97.14
 303.00	 300.26	 6.5856	33.9928	26.6847	 1.50	 65.43	0.042	  160.06	 96.92
 304.00	 301.25	 6.5804	33.9928	26.6854	 1.50	 65.28	0.041	  160.02	 96.42
 305.00	 302.24	 6.5724	33.9937	26.6872	 1.50	 65.24	0.041	  160.08	 94.87
 306.00	 303.23	 6.5667	33.9944	26.6885	 1.50	 65.23	0.040	  160.02	 93.14
 307.00	 304.22	 6.5651	33.9946	26.6889	 1.50	 65.26	0.041	  159.97	 91.96
 308.00	 305.21	 6.5641	33.9948	26.6892	 1.50	 65.17	0.040	  159.94	 91.60
 309.00	 306.20	 6.5636	33.9948	26.6893	 1.49	 64.97	0.040	  159.95	 90.97
 310.00	 307.19	 6.5623	33.9951	26.6897	 1.49	 64.85	0.040	  159.95	 89.83
 311.00	 308.18	 6.5610	33.9953	26.6901	 1.49	 64.80	0.040	  159.92	 88.81
 312.00	 309.17	 6.5615	33.9954	26.6901	 1.49	 64.74	0.041	  159.93	 87.82
 313.00	 310.16	 6.5609	33.9953	26.6901	 1.49	 64.67	0.041	  159.97	 86.65
 314.00	 311.15	 6.5595	33.9951	26.6901	 1.48	 64.50	0.040	  159.96	 85.71
 315.00	 312.14	 6.5418	33.9975	26.6944	 1.48	 64.40	0.040	  159.93	 84.95
 316.00	 313.13	 6.5430	33.9974	26.6942	 1.48	 64.41	0.040	  159.91	 84.21
 317.00	 314.12	 6.5457	33.9971	26.6935	 1.48	 64.35	0.040	  159.95	 83.64
 318.00	 315.11	 6.5485	33.9967	26.6929	 1.48	 64.22	0.041	  159.91	 82.13
 319.00	 316.10	 6.5488	33.9966	26.6928	 1.48	 64.31	0.041	  159.97	 81.24
 320.00	 317.10	 6.5481	33.9967	26.6930	 1.48	 64.27	0.041	  159.94	 80.03
 321.00	 318.09	 6.5501	33.9966	26.6927	 1.48	 64.29	0.041	  160.04	 79.27
 322.00	 319.08	 6.5507	33.9966	26.6926	 1.48	 64.29	0.041	  160.01	 78.89
 323.00	 320.07	 6.5483	33.9966	26.6929	 1.48	 64.29	0.041	  159.94	 77.43
 324.00	 321.06	 6.5489	33.9967	26.6929	 1.48	 64.30	0.041	  159.93	 76.58
 325.00	 322.05	 6.5457	33.9969	26.6935	 1.48	 64.23	0.040	  159.95	 75.34
 326.00	 323.04	 6.5453	33.9971	26.6937	 1.47	 64.10	0.040	  159.93	 74.37
 327.00	 324.03	 6.5448	33.9971	26.6938	 1.47	 64.12	0.040	  159.89	 73.74
 328.00	 325.02	 6.5456	33.9971	26.6937	 1.47	 64.06	0.040	  159.91	 73.14
 329.00	 326.01	 6.5463	33.9971	26.6936	 1.47	 63.97	0.040	  159.94	 71.99
 330.00	 327.00	 6.5387	33.9974	26.6949	 1.47	 63.91	0.040	  159.92	 70.93
 331.00	 327.99	 6.5342	33.9979	26.6959	 1.47	 63.79	0.042	  159.95	 69.86
 332.00	 328.98	 6.5225	33.9992	26.6984	 1.46	 63.72	0.041	  159.95	 68.60
 333.00	 329.97	 6.5221	33.9992	26.6985	 1.46	 63.66	0.042	  159.87	 67.97
 334.00	 330.96	 6.5194	33.9995	26.6991	 1.46	 63.53	0.041	  159.86	 67.18
 335.00	 331.95	 6.5172	33.9999	26.6997	 1.46	 63.47	0.040	  159.84	 66.61
 336.00	 332.94	 6.5171	33.9999	26.6998	 1.46	 63.44	0.040	  159.83	 65.43
 337.00	 333.93	 6.5123	34.0002	26.7007	 1.46	 63.35	0.040	  159.86	 63.97
 338.00	 334.92	 6.5093	34.0006	26.7014	 1.45	 63.28	0.040	  159.88	 62.81
 339.00	 335.91	 6.4984	34.0016	26.7036	 1.45	 63.19	0.040	  159.87	 62.19
 340.00	 336.90	 6.4927	34.0021	26.7047	 1.45	 63.09	0.040	  159.84	 61.76
 341.00	 337.89	 6.4889	34.0025	26.7056	 1.45	 62.92	0.040	  159.83	 60.43
 342.00	 338.88	 6.4862	34.0028	26.7061	 1.45	 62.92	0.040	  159.85	 59.55
 343.00	 339.87	 6.4845	34.0031	26.7066	 1.45	 62.87	0.040	  159.82	 58.37
 344.00	 340.86	 6.4840	34.0027	26.7064	 1.44	 62.83	0.040	  159.75	 57.48
 345.00	 341.85	 6.4733	34.0042	26.7090	 1.45	 62.94	0.040	  159.79	 56.92
 346.00	 342.84	 6.4709	34.0042	26.7093	 1.44	 62.84	0.040	  159.75	 55.62
 347.00	 343.83	 6.4602	34.0051	26.7115	 1.44	 62.74	0.040	  159.80	 54.68
 348.00	 344.82	 6.4530	34.0058	26.7129	 1.44	 62.67	0.040	  159.81	 53.74
 349.00	 345.81	 6.4519	34.0060	26.7132	 1.44	 62.72	0.040	  159.85	 52.72
 350.00	 346.80	 6.4511	34.0060	26.7134	 1.44	 62.64	0.040	  159.79	 51.91
 351.00	 347.79	 6.4486	34.0060	26.7137	 1.44	 62.55	0.040	  159.79	 51.20
 352.00	 348.78	 6.4407	34.0068	26.7154	 1.44	 62.62	0.041	  159.81	 50.17
 353.00	 349.77	 6.4286	34.0073	26.7174	 1.44	 62.57	0.041	  159.77	 49.17
 354.00	 350.76	 6.4146	34.0089	26.7204	 1.44	 62.52	0.041	  159.72	 48.41
 355.00	 351.75	 6.4073	34.0095	26.7219	 1.44	 62.50	0.041	  159.73	 47.64
 356.00	 352.74	 6.4022	34.0101	26.7230	 1.44	 62.47	0.041	  159.71	 46.68
 357.00	 353.73	 6.3982	34.0102	26.7236	 1.44	 62.45	0.041	  159.72	 45.78
 358.00	 354.72	 6.3921	34.0109	26.7250	 1.44	 62.48	0.041	  159.71	 45.02
 359.00	 355.71	 6.3858	34.0113	26.7261	 1.44	 62.43	0.040	  159.69	 44.21
 360.00	 356.70	 6.3705	34.0122	26.7288	 1.44	 62.42	0.041	  159.70	 43.42
 361.00	 357.69	 6.3486	34.0143	26.7333	 1.43	 62.35	0.041	  159.67	 42.74
 362.00	 358.68	 6.3343	34.0152	26.7359	 1.43	 62.14	0.040	  159.68	 41.57
 363.00	 359.67	 6.3278	34.0158	26.7372	 1.43	 61.99	0.040	  159.60	 40.78
 364.00	 360.66	 6.3134	34.0171	26.7401	 1.42	 61.84	0.041	  159.65	 39.89
 365.00	 361.65	 6.3087	34.0170	26.7406	 1.42	 61.68	0.040	  159.66	 39.33
 366.00	 362.64	 6.2938	34.0183	26.7436	 1.42	 61.58	0.041	  159.60	 38.66
 367.00	 363.63	 6.2828	34.0190	26.7456	 1.41	 61.25	0.040	  159.60	 37.54
 368.00	 364.62	 6.2672	34.0201	26.7484	 1.40	 61.10	0.040	  159.61	 37.06
 369.00	 365.61	 6.2692	34.0203	26.7484	 1.40	 60.97	0.040	  159.53	 35.90
 370.00	 366.60	 6.2619	34.0205	26.7495	 1.40	 60.82	0.040	  159.50	 35.21
 371.00	 367.59	 6.2523	34.0214	26.7515	 1.39	 60.56	0.041	  159.56	 34.49
 372.00	 368.58	 6.2493	34.0214	26.7518	 1.39	 60.48	0.041	  159.51	 33.88
 373.00	 369.57	 6.2377	34.0223	26.7541	 1.39	 60.38	0.042	  159.52	 32.96
 374.00	 370.56	 6.2362	34.0220	26.7540	 1.39	 60.44	0.041	  159.52	 32.03
 375.00	 371.55	 6.2449	34.0223	26.7532	 1.39	 60.51	0.041	  159.47	 31.27
 376.00	 372.54	 6.2348	34.0230	26.7550	 1.39	 60.40	0.041	  159.51	 30.12
 377.00	 373.53	 6.2257	34.0232	26.7563	 1.39	 60.31	0.041	  159.45	 29.76
 378.00	 374.52	 6.2202	34.0238	26.7575	 1.38	 60.09	0.040	  159.47	 28.83
 379.00	 375.51	 6.2038	34.0250	26.7606	 1.37	 59.79	0.040	  159.46	 27.98
 380.00	 376.50	 6.2003	34.0249	26.7609	 1.37	 59.62	0.040	  159.48	 27.71
 381.00	 377.49	 6.1845	34.0261	26.7639	 1.36	 59.36	0.040	  159.42	 26.81
 382.00	 378.48	 6.1755	34.0271	26.7659	 1.36	 59.25	0.040	  159.43	 25.92
 383.00	 379.47	 6.1706	34.0274	26.7668	 1.36	 59.11	0.041	  159.37	 25.35
 384.00	 380.46	 6.1669	34.0277	26.7674	 1.36	 59.03	0.041	  159.36	 24.55
 385.00	 381.45	 6.1729	34.0277	26.7667	 1.36	 59.03	0.040	  159.36	 23.86
 386.00	 382.43	 6.1759	34.0273	26.7660	 1.36	 59.09	0.040	  159.33	 22.91
 387.00	 383.42	 6.1754	34.0273	26.7661	 1.36	 59.10	0.040	  159.30	 21.96
 388.00	 384.41	 6.1734	34.0273	26.7663	 1.36	 59.09	0.040	  159.29	 21.16
 389.00	 385.40	 6.1695	34.0270	26.7666	 1.36	 59.05	0.041	  159.30	 20.26
 390.00	 386.39	 6.1637	34.0280	26.7681	 1.36	 58.98	0.041	  159.31	 19.43
 391.00	 387.38	 6.1646	34.0279	26.7680	 1.35	 58.89	0.041	  159.24	 18.67
 392.00	 388.37	 6.1605	34.0279	26.7685	 1.35	 58.88	0.041	  159.22	 17.67
 393.00	 389.36	 6.1609	34.0281	26.7687	 1.35	 58.92	0.040	  159.25	 16.82
 394.00	 390.35	 6.1633	34.0282	26.7684	 1.35	 58.88	0.040	  159.23	 15.85
 395.00	 391.34	 6.1610	34.0283	26.7688	 1.35	 58.74	0.040	  159.20	 15.20
 396.00	 392.33	 6.1606	34.0282	26.7688	 1.35	 58.81	0.041	  159.22	 14.16
 397.00	 393.32	 6.1635	34.0282	26.7684	 1.35	 58.76	0.040	  159.12	 13.91
