* Sea-Bird SBE 9 Data:
* Software Version Seasave V 7.26.7.107
* Vessel: NOAA Ship Ronald H. Brown
* Cruise: RB2102, West Coast Ocean Acidification (WCOA) 2021
* Dates: 20210622 to 20210723
* Region: NE Pacific, USA West Coast
* Ports: San Diego, CA to Port Angeles, WA to San Diego, CA
* Chief Scientists: R. Feely, NOAA PMEL; D. Greeley, NOAA PMEL; B. Carter, NOAA PMEL / UW CICOES
* Contacts: R. Feely, richard.a.feely@noaa.gov; D. Greeley, dana.greeley@noaa.gov; B. Carter, brendan.carter@noaa.gov
* Station: 126
* Cast: 2
* Cast Date-Time [GMT]: 20-Jul-2021 21:04:45
* Longitude: -117.9053 W
* Latitude: 33.4177 N
* Water Depth [m]: 612.7
**********
* Column  1: Pressure [decibar]
* Column  2: Depth [m]
* Column  3: Temperature ITS-90 [degree C]
* Column  4: Salinity PSS-78 [psu]
* Column  5: Sigma-theta EOS-80 [kg/m^3 - 1000]
* Column  6: Oxygen [ml/L]
* Column  7: Oxygen [umol/kg]
* Column  8: Fluorescence [volts]
* Column  9: Oxygen Reduction Potential [mV]
* Column 10: Altimeter [m]
**********
*END*
   3.00	   2.98	21.9633	33.5657	23.1387	 5.66	247.03	0.048	  130.89	 99.80
   4.00	   3.97	21.9015	33.5605	23.1520	 5.69	248.27	0.045	  130.33	 99.80
   5.00	   4.96	21.7028	33.5591	23.2059	 5.72	249.48	0.046	  130.29	 99.80
   6.00	   5.96	21.5912	33.5569	23.2350	 5.74	250.31	0.047	  130.23	 99.80
   7.00	   6.95	21.4991	33.5581	23.2613	 5.73	250.19	0.049	  130.19	 99.80
   8.00	   7.94	21.4389	33.5556	23.2759	 5.73	250.06	0.049	  130.15	 99.80
   9.00	   8.94	21.3184	33.5470	23.3023	 5.77	251.75	0.049	  130.12	 99.80
  10.00	   9.93	21.1361	33.5383	23.3452	 5.78	252.46	0.049	  130.11	 99.80
  11.00	  10.92	20.9193	33.5289	23.3967	 5.82	253.94	0.049	  130.13	 99.80
  12.00	  11.91	20.7394	33.5209	23.4389	 5.82	253.78	0.049	  130.17	 99.80
  13.00	  12.91	20.6364	33.5144	23.4616	 5.79	252.86	0.049	  130.20	 99.81
  14.00	  13.90	20.5025	33.5074	23.4919	 5.79	252.78	0.049	  130.17	 99.80
  15.00	  14.89	20.2771	33.4973	23.5439	 5.85	255.09	0.051	  130.23	 99.80
  16.00	  15.89	19.6336	33.4732	23.6934	 5.91	257.92	0.049	  130.38	 99.79
  17.00	  16.88	19.3539	33.4675	23.7610	 5.88	256.61	0.048	  130.41	 99.79
  18.00	  17.87	19.1037	33.4614	23.8201	 5.91	257.93	0.048	  130.43	 99.80
  19.00	  18.86	18.5707	33.4493	23.9449	 6.02	262.43	0.048	  130.48	 99.79
  20.00	  19.86	18.1445	33.4482	24.0494	 6.10	266.04	0.047	  130.53	 99.78
  21.00	  20.85	17.8372	33.4512	24.1266	 6.14	267.86	0.048	  130.54	 99.79
  22.00	  21.84	17.3291	33.4525	24.2497	 6.16	268.41	0.049	  130.68	 99.79
  23.00	  22.84	17.1168	33.4546	24.3018	 6.21	270.55	0.045	  130.66	 99.80
  24.00	  23.83	16.7995	33.4620	24.3819	 6.29	274.05	0.046	  130.73	 99.80
  25.00	  24.82	16.5159	33.4693	24.4534	 6.29	274.25	0.047	  130.80	 99.79
  26.00	  25.81	16.1055	33.4403	24.5251	 6.34	276.42	0.047	  130.84	 99.80
  27.00	  26.81	15.9228	33.4452	24.5703	 6.37	277.62	0.048	  130.88	 99.80
  28.00	  27.80	15.5634	33.4488	24.6535	 6.48	282.36	0.050	  130.92	 99.80
  29.00	  28.79	15.3055	33.4860	24.7391	 6.50	283.25	0.051	  130.93	 96.13
  30.00	  29.79	15.1894	33.5059	24.7799	 6.46	281.64	0.056	  130.96	 99.71
  31.00	  30.78	14.9953	33.4976	24.8159	 6.44	280.56	0.059	  131.10	 99.82
  32.00	  31.77	14.9174	33.5261	24.8547	 6.38	278.16	0.073	  131.10	 99.80
  33.00	  32.76	14.8532	33.5386	24.8782	 6.34	276.15	0.085	  131.08	 99.80
  34.00	  33.76	14.7998	33.5380	24.8893	 6.30	274.52	0.090	  131.07	 99.78
  35.00	  34.75	14.7136	33.5309	24.9024	 6.25	272.13	0.093	  131.10	 99.78
  36.00	  35.74	14.5241	33.5221	24.9360	 6.23	271.36	0.096	  131.13	 99.77
  37.00	  36.73	14.4523	33.5171	24.9475	 6.15	268.07	0.100	  131.13	 99.75
  38.00	  37.73	14.3514	33.5050	24.9595	 5.99	260.92	0.103	  131.12	 99.74
  39.00	  38.72	13.8855	33.4740	25.0328	 5.84	254.37	0.110	  131.17	 99.72
  40.00	  39.71	13.6525	33.4750	25.0814	 5.80	252.69	0.106	  131.24	 99.68
  41.00	  40.71	13.6387	33.4754	25.0846	 5.72	249.09	0.110	  131.29	 99.62
  42.00	  41.70	13.5479	33.4624	25.0931	 5.59	243.65	0.109	  131.29	 99.58
  43.00	  42.69	13.3454	33.4398	25.1166	 5.47	238.41	0.108	  131.34	 99.56
  44.00	  43.68	13.1459	33.4240	25.1443	 5.38	234.43	0.107	  131.33	 99.53
  45.00	  44.68	12.9463	33.4107	25.1736	 5.33	232.01	0.097	  131.38	 99.48
  46.00	  45.67	12.8032	33.3979	25.1918	 5.28	230.18	0.089	  131.38	 99.45
  47.00	  46.66	12.7004	33.3919	25.2073	 5.24	228.34	0.087	  131.43	 99.42
  48.00	  47.65	12.5949	33.3839	25.2217	 5.16	224.87	0.084	  131.43	 99.39
  49.00	  48.65	12.4728	33.3722	25.2362	 5.05	220.11	0.080	  131.40	 99.39
  50.00	  49.64	12.2865	33.3836	25.2808	 4.95	215.40	0.077	  131.45	 99.37
  51.00	  50.63	12.2056	33.3967	25.3064	 4.82	210.13	0.073	  131.43	 99.36
  52.00	  51.62	12.0712	33.4218	25.3513	 4.75	206.99	0.072	  131.48	 99.34
  53.00	  52.62	11.9927	33.4345	25.3760	 4.71	205.18	0.069	  131.49	 99.32
  54.00	  53.61	11.9398	33.4429	25.3925	 4.70	204.49	0.066	  131.49	 99.32
  55.00	  54.60	11.9215	33.4466	25.3988	 4.67	203.36	0.065	  131.47	 99.31
  56.00	  55.60	11.9018	33.4505	25.4055	 4.63	201.45	0.063	  131.48	 92.27
  57.00	  56.59	11.8743	33.4573	25.4160	 4.55	198.17	0.064	  131.44	 99.45
  58.00	  57.58	11.8370	33.4704	25.4332	 4.48	195.08	0.063	  131.45	 99.29
  59.00	  58.57	11.7454	33.4953	25.4696	 4.46	194.06	0.062	  131.44	 99.29
  60.00	  59.57	11.7260	33.4998	25.4767	 4.41	191.97	0.063	  131.40	 99.29
  61.00	  60.56	11.6944	33.5035	25.4854	 4.32	188.19	0.061	  131.42	 99.30
  62.00	  61.55	11.4178	33.5069	25.5389	 4.28	186.42	0.058	  131.47	 99.30
  63.00	  62.54	11.2677	33.4976	25.5590	 4.23	184.00	0.056	  131.51	 99.31
  64.00	  63.54	11.1831	33.5096	25.5836	 4.17	181.60	0.053	  131.54	 99.32
  65.00	  64.53	11.0938	33.5227	25.6098	 4.15	180.68	0.051	  131.54	 94.65
  66.00	  65.52	11.0697	33.5329	25.6221	 4.13	179.82	0.051	  131.55	 99.35
  67.00	  66.51	11.0736	33.5369	25.6245	 4.10	178.62	0.049	  131.59	 99.32
  68.00	  67.51	11.0746	33.5403	25.6271	 4.05	176.49	0.049	  131.50	 99.32
  69.00	  68.50	11.0725	33.5533	25.6376	 3.96	172.24	0.049	  131.46	 99.32
  70.00	  69.49	11.0747	33.5763	25.6551	 3.80	165.39	0.049	  131.52	 99.33
  71.00	  70.48	11.0987	33.6302	25.6927	 3.66	159.49	0.048	  131.49	 99.34
  72.00	  71.48	11.1376	33.6750	25.7207	 3.59	156.25	0.047	  131.47	 99.34
  73.00	  72.47	11.1664	33.7151	25.7467	 3.53	153.63	0.046	  131.49	 99.36
  74.00	  73.46	11.1651	33.7267	25.7560	 3.44	149.92	0.047	  131.47	 99.37
  75.00	  74.46	11.1156	33.7395	25.7749	 3.36	146.40	0.046	  131.45	 99.39
  76.00	  75.45	10.9954	33.7619	25.8139	 3.33	144.99	0.045	  131.55	 99.39
  77.00	  76.44	10.8251	33.7767	25.8557	 3.34	145.34	0.045	  131.66	 99.40
  78.00	  77.43	10.7867	33.7795	25.8647	 3.34	145.57	0.043	  131.61	 99.41
  79.00	  78.43	10.7593	33.7804	25.8702	 3.37	146.88	0.044	  131.49	 99.44
  80.00	  79.42	10.6763	33.7772	25.8823	 3.42	148.77	0.043	  131.54	 99.44
  81.00	  80.41	10.5633	33.7741	25.8997	 3.42	148.77	0.043	  131.50	 99.44
  82.00	  81.40	10.5240	33.7780	25.9096	 3.40	148.15	0.044	  131.62	 99.44
  83.00	  82.40	10.5210	33.7818	25.9132	 3.41	148.59	0.043	  131.51	 99.44
  84.00	  83.39	10.4247	33.7799	25.9284	 3.41	148.61	0.043	  131.55	 99.44
  85.00	  84.38	10.3617	33.7892	25.9465	 3.40	147.89	0.043	  131.54	 99.44
  86.00	  85.37	10.3585	33.7931	25.9501	 3.36	146.42	0.043	  131.48	 99.44
  87.00	  86.37	10.3581	33.7994	25.9551	 3.32	144.71	0.043	  131.45	 99.44
  88.00	  87.36	10.3460	33.8130	25.9679	 3.28	142.88	0.042	  131.46	 99.44
  89.00	  88.35	10.3471	33.8134	25.9680	 3.21	139.82	0.042	  131.41	 99.44
  90.00	  89.34	10.3557	33.8326	25.9815	 3.17	138.19	0.043	  131.36	 99.45
  91.00	  90.34	10.3459	33.8455	25.9932	 3.14	136.60	0.042	  131.40	 99.46
  92.00	  91.33	10.3444	33.8483	25.9957	 3.06	133.27	0.042	  131.41	 99.46
  93.00	  92.32	10.3544	33.8619	26.0047	 2.99	130.10	0.042	  131.39	 99.47
  94.00	  93.31	10.3845	33.8739	26.0088	 2.95	128.19	0.042	  131.39	 99.48
  95.00	  94.31	10.4121	33.8839	26.0119	 2.97	129.41	0.041	  131.40	 99.49
  96.00	  95.30	10.3714	33.8871	26.0214	 3.03	131.83	0.040	  131.40	 99.50
  97.00	  96.29	10.3197	33.8859	26.0294	 3.03	131.75	0.042	  131.35	 99.51
  98.00	  97.28	10.3191	33.8907	26.0333	 3.03	131.88	0.041	  131.34	 99.51
  99.00	  98.28	10.2773	33.8882	26.0385	 3.02	131.55	0.040	  131.36	 99.51
 100.00	  99.27	10.2703	33.8929	26.0435	 2.99	130.25	0.041	  131.32	 99.51
 101.00	 100.26	10.2528	33.8991	26.0513	 2.96	128.94	0.041	  131.23	 99.51
 102.00	 101.25	10.2635	33.9045	26.0537	 2.93	127.41	0.040	  131.25	 99.51
 103.00	 102.24	10.2648	33.9074	26.0557	 2.88	125.43	0.040	  131.24	 99.51
 104.00	 103.24	10.2757	33.9137	26.0588	 2.85	124.17	0.041	  131.24	 99.51
 105.00	 104.23	10.2895	33.9197	26.0611	 2.86	124.29	0.040	  131.15	 99.52
 106.00	 105.22	10.2834	33.9221	26.0641	 2.87	124.79	0.040	  131.20	 99.54
 107.00	 106.21	10.2649	33.9247	26.0693	 2.87	125.11	0.040	  131.13	 99.54
 108.00	 107.21	10.2628	33.9235	26.0687	 2.88	125.47	0.040	  131.21	 99.54
 109.00	 108.20	10.2394	33.9218	26.0714	 2.85	124.08	0.040	  131.14	 99.54
 110.00	 109.19	10.2508	33.9267	26.0733	 2.79	121.49	0.040	  131.11	 99.54
 111.00	 110.18	10.2673	33.9339	26.0762	 2.78	120.89	0.040	  131.07	 99.54
 112.00	 111.18	10.2821	33.9393	26.0779	 2.79	121.29	0.040	  131.11	 99.54
 113.00	 112.17	10.2290	33.9340	26.0828	 2.75	119.66	0.040	  131.08	 99.55
 114.00	 113.16	10.1888	33.9384	26.0931	 2.71	117.73	0.041	  131.08	 99.56
 115.00	 114.15	10.1895	33.9513	26.1031	 2.69	116.92	0.040	  131.09	 99.56
 116.00	 115.15	10.1927	33.9544	26.1050	 2.68	116.61	0.040	  131.09	 99.56
 117.00	 116.14	10.1800	33.9536	26.1066	 2.67	116.42	0.040	  131.09	 99.56
 118.00	 117.13	10.1781	33.9596	26.1116	 2.67	116.25	0.040	  131.07	 99.56
 119.00	 118.12	10.1800	33.9608	26.1122	 2.67	116.24	0.040	  131.04	 99.57
 120.00	 119.12	10.1671	33.9607	26.1144	 2.67	116.28	0.040	  131.04	 99.57
 121.00	 120.11	10.1598	33.9611	26.1160	 2.66	115.98	0.040	  130.98	 99.58
 122.00	 121.10	10.1407	33.9639	26.1214	 2.65	115.38	0.040	  131.00	 99.58
 123.00	 122.09	10.1273	33.9710	26.1292	 2.62	114.15	0.040	  130.94	 99.58
 124.00	 123.08	10.1132	33.9747	26.1345	 2.59	112.89	0.040	  130.92	 99.58
 125.00	 124.08	10.0867	33.9793	26.1426	 2.55	111.02	0.040	  130.89	 99.58
 126.00	 125.07	10.0183	33.9944	26.1660	 2.49	108.17	0.040	  130.95	 99.58
 127.00	 126.06	10.0465	34.0182	26.1799	 2.43	105.69	0.040	  130.92	 99.58
 128.00	 127.05	10.0582	34.0304	26.1875	 2.42	105.47	0.040	  130.90	 99.58
 129.00	 128.05	10.0372	34.0398	26.1984	 2.45	106.41	0.040	  130.96	 99.60
 130.00	 129.04	 9.9912	34.0435	26.2090	 2.47	107.38	0.040	  130.89	 99.61
 131.00	 130.03	 9.9468	34.0426	26.2158	 2.50	108.81	0.040	  130.91	 99.61
 132.00	 131.02	 9.9210	34.0404	26.2185	 2.58	112.12	0.040	  130.88	 99.62
 133.00	 132.02	 9.8407	34.0297	26.2236	 2.63	114.38	0.040	  130.88	 99.62
 134.00	 133.01	 9.7501	34.0209	26.2319	 2.59	112.78	0.040	  130.89	 99.62
 135.00	 134.00	 9.6995	34.0287	26.2464	 2.55	111.07	0.040	  130.83	 99.61
 136.00	 134.99	 9.6385	34.0358	26.2621	 2.54	110.41	0.040	  130.84	 99.61
 137.00	 135.98	 9.6056	34.0448	26.2745	 2.53	110.25	0.040	  130.84	 99.60
 138.00	 136.98	 9.5865	34.0439	26.2770	 2.53	110.19	0.041	  130.84	 99.61
 139.00	 137.97	 9.5682	34.0449	26.2808	 2.52	109.87	0.040	  130.82	 99.61
 140.00	 138.96	 9.5571	34.0459	26.2835	 2.52	109.48	0.040	  130.75	 99.61
 141.00	 139.95	 9.5476	34.0486	26.2871	 2.51	109.17	0.040	  130.79	 99.61
 142.00	 140.95	 9.5414	34.0517	26.2906	 2.51	109.19	0.040	  130.80	 99.61
 143.00	 141.94	 9.5266	34.0512	26.2926	 2.50	108.86	0.040	  130.75	 99.61
 144.00	 142.93	 9.5213	34.0527	26.2947	 2.47	107.65	0.040	  130.66	 99.61
 145.00	 143.92	 9.5156	34.0539	26.2966	 2.43	105.85	0.040	  130.78	 99.61
 146.00	 144.91	 9.5003	34.0607	26.3045	 2.40	104.53	0.040	  130.70	 99.62
 147.00	 145.91	 9.4959	34.0661	26.3094	 2.38	103.76	0.040	  130.71	 99.62
 148.00	 146.90	 9.4947	34.0694	26.3122	 2.37	103.14	0.040	  130.68	 99.63
 149.00	 147.89	 9.4789	34.0714	26.3164	 2.36	102.73	0.040	  130.62	 99.63
 150.00	 148.88	 9.4603	34.0723	26.3201	 2.36	102.49	0.040	  130.64	 99.63
 151.00	 149.88	 9.4472	34.0737	26.3234	 2.35	102.10	0.040	  130.68	 99.63
 152.00	 150.87	 9.4343	34.0752	26.3266	 2.35	102.09	0.040	  130.63	 99.63
 153.00	 151.86	 9.4101	34.0735	26.3293	 2.35	102.16	0.040	  130.63	 99.63
 154.00	 152.85	 9.3785	34.0731	26.3342	 2.34	101.71	0.040	  130.66	 99.63
 155.00	 153.84	 9.3541	34.0743	26.3391	 2.33	101.35	0.040	  130.65	 99.63
 156.00	 154.84	 9.3396	34.0758	26.3426	 2.31	100.52	0.040	  130.63	 99.64
 157.00	 155.83	 9.3319	34.0770	26.3448	 2.29	 99.44	0.040	  130.65	 99.65
 158.00	 156.82	 9.3208	34.0802	26.3491	 2.27	 98.99	0.040	  130.62	 99.65
 159.00	 157.81	 9.3054	34.0788	26.3506	 2.27	 98.94	0.040	  130.62	 99.65
 160.00	 158.80	 9.2978	34.0801	26.3528	 2.28	 99.05	0.040	  130.69	 99.66
 161.00	 159.80	 9.2961	34.0807	26.3536	 2.28	 99.13	0.040	  130.64	 99.66
 162.00	 160.79	 9.2924	34.0801	26.3537	 2.27	 98.89	0.040	  130.60	 99.66
 163.00	 161.78	 9.2923	34.0817	26.3550	 2.26	 98.36	0.040	  130.60	 99.66
 164.00	 162.77	 9.2937	34.0832	26.3560	 2.24	 97.64	0.040	  130.57	 99.66
 165.00	 163.77	 9.2946	34.0873	26.3590	 2.22	 96.70	0.040	  130.56	 99.66
 166.00	 164.76	 9.2938	34.0919	26.3628	 2.22	 96.39	0.040	  130.56	 99.66
 167.00	 165.75	 9.2924	34.0936	26.3644	 2.21	 96.03	0.040	  130.50	 99.66
 168.00	 166.74	 9.2907	34.0977	26.3679	 2.19	 95.24	0.040	  130.48	 99.66
 169.00	 167.73	 9.2923	34.0996	26.3691	 2.16	 93.93	0.041	  130.47	 99.67
 170.00	 168.73	 9.2994	34.1042	26.3716	 2.13	 92.78	0.040	  130.46	 99.67
 171.00	 169.72	 9.3035	34.1080	26.3739	 2.12	 92.25	0.040	  130.46	 99.67
 172.00	 170.71	 9.3061	34.1100	26.3751	 2.11	 91.75	0.040	  130.42	 99.68
 173.00	 171.70	 9.3087	34.1117	26.3760	 2.07	 89.89	0.040	  130.45	 99.68
 174.00	 172.69	 9.3164	34.1172	26.3791	 2.01	 87.57	0.040	  130.43	 99.68
 175.00	 173.69	 9.3425	34.1288	26.3839	 2.00	 87.14	0.040	  130.44	 99.68
 176.00	 174.68	 9.3252	34.1292	26.3871	 2.03	 88.23	0.040	  130.45	 99.68
 177.00	 175.67	 9.3028	34.1254	26.3878	 2.05	 89.13	0.040	  130.47	 99.70
 178.00	 176.66	 9.2677	34.1224	26.3911	 2.04	 88.85	0.040	  130.47	 99.70
 179.00	 177.65	 9.2593	34.1233	26.3932	 2.03	 88.43	0.040	  130.40	 99.71
 180.00	 178.65	 9.2567	34.1241	26.3943	 2.03	 88.18	0.040	  130.39	 99.70
 181.00	 179.64	 9.2565	34.1247	26.3948	 2.02	 87.93	0.040	  130.42	 99.70
 182.00	 180.63	 9.2565	34.1255	26.3954	 2.02	 87.89	0.040	  130.40	 99.70
 183.00	 181.62	 9.2568	34.1258	26.3956	 2.02	 87.86	0.040	  130.41	 99.71
 184.00	 182.61	 9.2570	34.1262	26.3959	 2.01	 87.34	0.040	  130.34	 99.71
 185.00	 183.61	 9.2583	34.1270	26.3963	 1.98	 86.05	0.039	  130.35	 99.71
 186.00	 184.60	 9.2653	34.1310	26.3983	 1.94	 84.61	0.040	  130.35	 99.71
 187.00	 185.59	 9.2785	34.1355	26.3998	 1.92	 83.57	0.040	  130.33	 99.71
 188.00	 186.58	 9.2876	34.1393	26.4013	 1.91	 83.18	0.041	  130.34	 99.71
 189.00	 187.57	 9.2942	34.1419	26.4023	 1.90	 82.73	0.040	  130.29	 99.71
 190.00	 188.57	 9.3041	34.1442	26.4025	 1.88	 81.99	0.040	  130.27	 99.71
 191.00	 189.56	 9.3111	34.1467	26.4033	 1.86	 81.06	0.040	  130.27	 99.71
 192.00	 190.55	 9.3250	34.1507	26.4042	 1.85	 80.59	0.040	  130.29	 99.72
 193.00	 191.54	 9.3175	34.1519	26.4064	 1.85	 80.45	0.040	  130.25	 99.72
 194.00	 192.53	 9.3119	34.1532	26.4083	 1.85	 80.40	0.040	  130.30	 99.73
 195.00	 193.53	 9.3108	34.1539	26.4091	 1.84	 80.05	0.040	  130.24	 99.73
 196.00	 194.52	 9.3116	34.1542	26.4092	 1.83	 79.66	0.040	  130.25	 99.73
 197.00	 195.51	 9.3060	34.1549	26.4107	 1.83	 79.42	0.040	  130.25	 99.73
 198.00	 196.50	 9.3042	34.1564	26.4121	 1.82	 79.08	0.040	  130.23	 99.73
 199.00	 197.49	 9.3045	34.1580	26.4134	 1.81	 78.85	0.040	  130.17	 99.73
 200.00	 198.49	 9.3044	34.1589	26.4141	 1.81	 78.69	0.040	  130.22	 99.73
 201.00	 199.48	 9.3046	34.1595	26.4146	 1.81	 78.77	0.040	  130.22	 99.73
 202.00	 200.47	 9.3044	34.1597	26.4148	 1.81	 78.67	0.040	  130.21	 99.73
 203.00	 201.46	 9.3044	34.1595	26.4146	 1.80	 78.32	0.040	  130.21	 99.73
 204.00	 202.45	 9.3036	34.1607	26.4157	 1.79	 77.91	0.040	  130.17	 99.73
 205.00	 203.45	 9.3040	34.1620	26.4167	 1.79	 77.82	0.040	  130.16	 99.73
 206.00	 204.44	 9.2965	34.1624	26.4182	 1.79	 78.04	0.040	  130.18	 99.73
 207.00	 205.43	 9.2780	34.1612	26.4203	 1.79	 77.90	0.040	  130.18	 99.74
 208.00	 206.42	 9.2704	34.1617	26.4219	 1.78	 77.44	0.040	  130.17	 99.74
 209.00	 207.41	 9.2621	34.1622	26.4237	 1.77	 77.01	0.040	  130.13	 99.74
 210.00	 208.41	 9.2544	34.1644	26.4267	 1.76	 76.48	0.040	  130.16	 99.74
 211.00	 209.40	 9.2544	34.1658	26.4278	 1.74	 75.71	0.040	  130.15	 99.74
 212.00	 210.39	 9.2558	34.1678	26.4291	 1.71	 74.29	0.040	  130.14	 99.74
 213.00	 211.38	 9.2602	34.1721	26.4318	 1.68	 72.90	0.040	  130.09	 99.75
 214.00	 212.37	 9.2558	34.1769	26.4363	 1.67	 72.44	0.040	  130.15	 99.75
 215.00	 213.37	 9.2473	34.1792	26.4395	 1.66	 72.02	0.041	  130.15	 99.75
 216.00	 214.36	 9.2409	34.1809	26.4419	 1.64	 71.37	0.040	  130.14	 99.76
 217.00	 215.35	 9.2382	34.1838	26.4446	 1.62	 70.65	0.040	  130.14	 99.76
 218.00	 216.34	 9.2384	34.1859	26.4462	 1.61	 69.88	0.040	  130.16	 99.76
 219.00	 217.33	 9.2376	34.1878	26.4479	 1.59	 68.98	0.040	  130.13	 99.76
 220.00	 218.32	 9.2370	34.1890	26.4489	 1.57	 68.11	0.040	  130.17	 99.76
 221.00	 219.32	 9.2332	34.1934	26.4530	 1.55	 67.38	0.040	  130.13	 99.76
 222.00	 220.31	 9.2357	34.1968	26.4552	 1.54	 67.13	0.040	  130.13	 99.77
 223.00	 221.30	 9.2359	34.1983	26.4565	 1.54	 67.20	0.041	  130.17	 99.77
 224.00	 222.29	 9.2333	34.1981	26.4567	 1.55	 67.34	0.041	  130.12	 99.78
 225.00	 223.28	 9.2248	34.1986	26.4585	 1.54	 67.16	0.040	  130.15	 99.78
 226.00	 224.28	 9.2225	34.1991	26.4593	 1.54	 67.02	0.040	  130.14	 99.78
 227.00	 225.27	 9.2203	34.1992	26.4598	 1.54	 67.19	0.040	  130.15	 99.78
 228.00	 226.26	 9.2176	34.1990	26.4600	 1.55	 67.29	0.040	  130.09	 99.78
 229.00	 227.25	 9.2114	34.1992	26.4612	 1.55	 67.35	0.040	  130.06	 99.78
 230.00	 228.24	 9.2078	34.1985	26.4612	 1.55	 67.60	0.040	  130.12	 99.78
 231.00	 229.24	 9.1973	34.1982	26.4627	 1.56	 68.02	0.040	  130.13	 99.78
 232.00	 230.23	 9.1877	34.1970	26.4634	 1.57	 68.18	0.040	  130.06	 99.78
 233.00	 231.22	 9.1681	34.1954	26.4653	 1.56	 67.79	0.040	  130.07	 99.78
 234.00	 232.21	 9.1570	34.1956	26.4672	 1.54	 66.88	0.040	  130.04	 99.78
 235.00	 233.20	 9.1526	34.1983	26.4701	 1.52	 66.24	0.040	  130.09	 99.78
 236.00	 234.19	 9.1589	34.2029	26.4727	 1.52	 65.92	0.040	  130.08	 99.78
 237.00	 235.19	 9.1620	34.2051	26.4738	 1.51	 65.83	0.040	  130.12	 99.78
 238.00	 236.18	 9.1595	34.2047	26.4740	 1.51	 65.91	0.040	  130.04	 99.78
 239.00	 237.17	 9.1562	34.2048	26.4746	 1.51	 65.90	0.040	  130.03	 99.78
 240.00	 238.16	 9.1567	34.2050	26.4747	 1.52	 66.03	0.040	  130.08	 99.78
 241.00	 239.15	 9.1557	34.2048	26.4748	 1.51	 65.90	0.041	  129.97	 99.78
 242.00	 240.14	 9.1552	34.2049	26.4749	 1.52	 65.92	0.040	  129.96	 99.78
 243.00	 241.14	 9.1544	34.2047	26.4749	 1.52	 66.13	0.040	  130.03	 99.78
 244.00	 242.13	 9.1473	34.2037	26.4752	 1.52	 66.16	0.040	  129.95	 99.78
 245.00	 243.12	 9.1414	34.2031	26.4757	 1.52	 66.21	0.040	  130.00	 99.78
 246.00	 244.11	 9.1382	34.2029	26.4762	 1.52	 66.26	0.040	  130.00	 99.78
 247.00	 245.10	 9.1361	34.2030	26.4765	 1.52	 65.94	0.040	  130.03	 99.78
 248.00	 246.09	 9.1347	34.2034	26.4771	 1.50	 65.31	0.040	  130.02	 99.78
 249.00	 247.09	 9.1352	34.2042	26.4777	 1.48	 64.60	0.040	  129.98	 99.78
 250.00	 248.08	 9.1361	34.2079	26.4805	 1.47	 63.98	0.040	  129.94	 99.78
 251.00	 249.07	 9.1324	34.2104	26.4830	 1.47	 63.93	0.040	  130.00	 99.78
 252.00	 250.06	 9.1291	34.2111	26.4841	 1.47	 63.88	0.040	  130.05	 99.78
 253.00	 251.05	 9.1290	34.2112	26.4843	 1.46	 63.68	0.040	  129.96	 99.79
 254.00	 252.05	 9.1288	34.2118	26.4848	 1.46	 63.55	0.040	  130.01	 99.79
 255.00	 253.04	 9.1282	34.2120	26.4850	 1.46	 63.38	0.040	  129.92	 99.79
 256.00	 254.03	 9.1292	34.2124	26.4852	 1.45	 63.01	0.040	  130.00	 99.79
 257.00	 255.02	 9.1307	34.2133	26.4857	 1.44	 62.76	0.040	  130.02	 99.79
 258.00	 256.01	 9.1283	34.2141	26.4867	 1.44	 62.64	0.040	  129.94	 99.79
 259.00	 257.00	 9.1275	34.2147	26.4873	 1.44	 62.52	0.040	  129.95	 99.80
 260.00	 258.00	 9.1194	34.2148	26.4887	 1.43	 62.14	0.040	  129.93	 99.80
 261.00	 258.99	 9.1211	34.2170	26.4902	 1.42	 61.69	0.040	  129.97	 99.80
 262.00	 259.98	 9.1154	34.2164	26.4906	 1.41	 61.31	0.040	  129.99	 99.80
 263.00	 260.97	 9.1138	34.2187	26.4927	 1.39	 60.69	0.040	  129.95	 99.80
 264.00	 261.96	 9.1276	34.2218	26.4929	 1.38	 59.91	0.041	  130.00	 99.80
 265.00	 262.95	 9.1360	34.2242	26.4935	 1.37	 59.62	0.041	  129.92	 99.80
 266.00	 263.95	 9.1413	34.2267	26.4946	 1.38	 59.98	0.040	  129.94	 99.80
 267.00	 264.94	 9.1374	34.2261	26.4948	 1.39	 60.37	0.040	  129.96	 99.80
 268.00	 265.93	 9.1185	34.2240	26.4962	 1.40	 60.72	0.040	  129.93	 99.80
 269.00	 266.92	 9.1142	34.2228	26.4960	 1.40	 61.04	0.040	  129.91	 99.80
 270.00	 267.91	 9.1060	34.2215	26.4963	 1.42	 61.71	0.040	  129.95	 99.80
 271.00	 268.90	 9.0932	34.2190	26.4964	 1.43	 62.25	0.040	  129.90	 99.80
 272.00	 269.89	 9.0882	34.2174	26.4959	 1.43	 62.38	0.040	  129.96	 99.80
 273.00	 270.89	 9.0680	34.2141	26.4966	 1.42	 61.73	0.040	  129.97	 99.80
 274.00	 271.88	 9.0583	34.2146	26.4985	 1.40	 61.04	0.040	  129.98	 99.80
 275.00	 272.87	 9.0593	34.2179	26.5010	 1.40	 60.70	0.040	  129.94	 99.80
 276.00	 273.86	 9.0597	34.2196	26.5023	 1.40	 60.88	0.040	  129.93	 99.80
 277.00	 274.85	 9.0523	34.2186	26.5027	 1.40	 61.08	0.040	  129.92	 99.80
 278.00	 275.84	 9.0492	34.2187	26.5032	 1.40	 61.02	0.040	  129.87	 99.80
 279.00	 276.84	 9.0484	34.2185	26.5033	 1.40	 61.01	0.040	  129.92	 99.80
 280.00	 277.83	 9.0459	34.2184	26.5036	 1.40	 61.06	0.040	  129.91	 99.80
 281.00	 278.82	 9.0442	34.2185	26.5039	 1.41	 61.13	0.040	  129.88	 99.80
 282.00	 279.81	 9.0445	34.2187	26.5041	 1.40	 60.93	0.041	  129.91	 99.80
 283.00	 280.80	 9.0452	34.2187	26.5040	 1.40	 60.89	0.041	  129.93	 99.80
 284.00	 281.79	 9.0454	34.2187	26.5040	 1.40	 60.92	0.040	  129.85	 99.80
 285.00	 282.79	 9.0477	34.2189	26.5038	 1.40	 60.88	0.040	  129.88	 99.80
 286.00	 283.78	 9.0469	34.2188	26.5038	 1.40	 60.81	0.040	  129.89	 99.80
 287.00	 284.77	 9.0468	34.2188	26.5039	 1.40	 60.92	0.040	  129.87	 99.80
 288.00	 285.76	 9.0462	34.2188	26.5040	 1.40	 60.83	0.040	  129.82	 99.80
 289.00	 286.75	 9.0471	34.2193	26.5042	 1.39	 60.53	0.040	  129.83	 99.80
 290.00	 287.74	 9.0473	34.2197	26.5045	 1.38	 60.20	0.040	  129.88	 99.80
 291.00	 288.73	 9.0415	34.2211	26.5066	 1.38	 60.12	0.040	  129.82	 99.80
 292.00	 289.73	 9.0321	34.2223	26.5090	 1.38	 60.18	0.040	  129.83	 99.81
 293.00	 290.72	 9.0265	34.2214	26.5093	 1.39	 60.44	0.041	  129.85	 99.80
 294.00	 291.71	 9.0138	34.2199	26.5101	 1.39	 60.61	0.041	  129.89	 99.80
 295.00	 292.70	 9.0091	34.2196	26.5107	 1.39	 60.60	0.040	  129.84	 99.80
 296.00	 293.69	 9.0088	34.2195	26.5106	 1.39	 60.66	0.040	  129.89	 99.80
 297.00	 294.68	 9.0077	34.2194	26.5107	 1.39	 60.54	0.040	  129.90	 99.81
 298.00	 295.68	 9.0074	34.2193	26.5107	 1.39	 60.40	0.040	  129.79	 99.81
 299.00	 296.67	 9.0074	34.2194	26.5108	 1.39	 60.48	0.040	  129.75	 99.81
 300.00	 297.66	 9.0067	34.2192	26.5108	 1.39	 60.33	0.040	  129.83	 99.80
 301.00	 298.65	 9.0031	34.2190	26.5113	 1.38	 60.24	0.040	  129.84	 99.80
 302.00	 299.64	 8.9928	34.2185	26.5125	 1.38	 60.13	0.040	  129.83	 99.81
 303.00	 300.63	 8.9839	34.2191	26.5144	 1.38	 60.01	0.040	  129.79	 99.81
 304.00	 301.62	 8.9815	34.2200	26.5155	 1.38	 59.84	0.040	  129.80	 99.81
 305.00	 302.62	 8.9810	34.2204	26.5159	 1.37	 59.78	0.040	  129.78	 99.81
 306.00	 303.61	 8.9740	34.2201	26.5168	 1.37	 59.62	0.040	  129.78	 99.81
 307.00	 304.60	 8.9661	34.2209	26.5187	 1.37	 59.52	0.040	  129.78	 99.81
 308.00	 305.59	 8.9648	34.2209	26.5189	 1.37	 59.63	0.040	  129.76	 99.81
 309.00	 306.58	 8.9636	34.2211	26.5193	 1.36	 59.36	0.040	  129.73	 99.82
 310.00	 307.57	 8.9618	34.2214	26.5198	 1.35	 58.61	0.040	  129.76	 99.81
 311.00	 308.56	 8.9573	34.2233	26.5220	 1.33	 57.74	0.040	  129.75	 99.81
 312.00	 309.56	 8.9521	34.2250	26.5242	 1.31	 57.00	0.040	  129.75	 99.82
 313.00	 310.55	 8.9514	34.2293	26.5277	 1.30	 56.64	0.040	  129.85	 99.81
 314.00	 311.54	 8.9400	34.2295	26.5297	 1.29	 56.02	0.040	  129.80	 99.82
 315.00	 312.53	 8.9412	34.2313	26.5309	 1.27	 55.28	0.040	  129.74	 99.83
 316.00	 313.52	 8.9482	34.2349	26.5326	 1.25	 54.39	0.040	  129.77	 99.83
 317.00	 314.51	 8.9572	34.2384	26.5340	 1.23	 53.42	0.042	  129.75	 99.83
 318.00	 315.50	 8.9663	34.2422	26.5355	 1.21	 52.49	0.040	  129.77	 99.83
 319.00	 316.50	 8.9792	34.2465	26.5369	 1.20	 52.04	0.040	  129.77	 99.83
 320.00	 317.49	 8.9879	34.2499	26.5382	 1.20	 52.17	0.041	  129.74	 99.83
 321.00	 318.48	 8.9882	34.2507	26.5388	 1.20	 52.31	0.041	  129.76	 99.83
 322.00	 319.47	 8.9835	34.2502	26.5392	 1.21	 52.48	0.041	  129.73	 99.83
 323.00	 320.46	 8.9818	34.2499	26.5392	 1.22	 52.90	0.042	  129.76	 99.83
 324.00	 321.45	 8.9718	34.2478	26.5392	 1.23	 53.40	0.041	  129.78	 99.83
 325.00	 322.44	 8.9413	34.2444	26.5413	 1.23	 53.71	0.040	  129.72	 99.83
 326.00	 323.44	 8.9265	34.2433	26.5428	 1.24	 54.01	0.040	  129.69	 99.84
 327.00	 324.43	 8.9069	34.2404	26.5436	 1.24	 53.90	0.040	  129.78	 99.84
 328.00	 325.42	 8.8717	34.2377	26.5471	 1.21	 52.75	0.040	  129.78	 99.84
 329.00	 326.41	 8.8627	34.2398	26.5502	 1.17	 50.75	0.041	  129.78	 99.83
 330.00	 327.40	 8.8731	34.2490	26.5558	 1.12	 48.70	0.040	  129.72	 99.83
 331.00	 328.39	 8.8983	34.2564	26.5576	 1.08	 46.94	0.040	  129.78	 99.83
 332.00	 329.38	 8.9377	34.2680	26.5605	 1.05	 45.79	0.041	  129.73	 99.83
 333.00	 330.37	 8.9738	34.2756	26.5608	 1.04	 45.33	0.042	  129.75	 99.84
 334.00	 331.37	 8.9912	34.2796	26.5611	 1.04	 45.35	0.042	  129.76	 99.84
 335.00	 332.36	 8.9949	34.2805	26.5613	 1.04	 45.39	0.042	  129.73	 99.85
 336.00	 333.35	 8.9934	34.2809	26.5619	 1.04	 45.38	0.042	  129.77	 99.85
 337.00	 334.34	 8.9888	34.2807	26.5625	 1.04	 45.20	0.042	  129.79	 99.85
 338.00	 335.33	 8.9839	34.2814	26.5638	 1.03	 44.98	0.042	  129.79	 99.85
 339.00	 336.32	 8.9850	34.2829	26.5648	 1.03	 44.98	0.042	  129.81	 99.85
 340.00	 337.31	 8.9849	34.2831	26.5650	 1.03	 44.90	0.042	  129.78	 99.85
 341.00	 338.30	 8.9838	34.2837	26.5657	 1.03	 44.84	0.042	  129.76	 99.85
 342.00	 339.30	 8.9821	34.2837	26.5659	 1.03	 44.83	0.042	  129.75	 99.85
 343.00	 340.29	 8.9754	34.2832	26.5667	 1.03	 44.86	0.042	  129.84	 99.85
 344.00	 341.28	 8.9681	34.2822	26.5670	 1.03	 44.77	0.042	  129.78	 99.85
 345.00	 342.27	 8.9505	34.2826	26.5701	 1.03	 44.81	0.042	  129.79	 99.85
 346.00	 343.26	 8.9510	34.2829	26.5703	 1.03	 44.84	0.042	  129.83	 99.86
 347.00	 344.25	 8.9531	34.2828	26.5699	 1.03	 44.71	0.042	  129.86	 99.85
 348.00	 345.24	 8.9478	34.2819	26.5701	 1.03	 44.69	0.042	  129.85	 99.86
 349.00	 346.23	 8.9410	34.2816	26.5709	 1.03	 45.02	0.042	  129.80	 99.86
 350.00	 347.23	 8.9468	34.2823	26.5705	 1.04	 45.44	0.042	  129.78	 99.86
 351.00	 348.22	 8.9265	34.2781	26.5705	 1.05	 45.50	0.042	  129.82	 99.85
 352.00	 349.21	 8.9213	34.2776	26.5710	 1.05	 45.67	0.042	  129.84	 99.86
 353.00	 350.20	 8.9123	34.2770	26.5720	 1.07	 46.43	0.042	  129.80	 99.86
 354.00	 351.19	 8.8859	34.2734	26.5733	 1.11	 48.29	0.042	  129.83	 99.86
 355.00	 352.18	 8.8340	34.2657	26.5754	 1.17	 50.96	0.042	  129.78	 99.86
 356.00	 353.17	 8.7530	34.2497	26.5755	 1.21	 52.75	0.042	  129.74	 99.85
 357.00	 354.16	 8.6728	34.2401	26.5805	 1.22	 53.09	0.042	  129.77	 99.86
 358.00	 355.16	 8.6414	34.2356	26.5819	 1.22	 52.98	0.041	  129.76	 99.85
 359.00	 356.15	 8.6221	34.2336	26.5833	 1.21	 52.79	0.040	  129.85	 99.85
 360.00	 357.14	 8.6035	34.2318	26.5847	 1.21	 52.55	0.042	  129.76	 99.85
 361.00	 358.13	 8.5922	34.2308	26.5858	 1.20	 52.23	0.042	  129.75	 99.85
 362.00	 359.12	 8.5813	34.2299	26.5868	 1.18	 51.40	0.042	  129.78	 99.84
 363.00	 360.11	 8.5761	34.2319	26.5891	 1.16	 50.31	0.041	  129.75	 99.85
 364.00	 361.10	 8.5840	34.2371	26.5920	 1.14	 49.49	0.041	  129.80	 99.84
 365.00	 362.09	 8.5931	34.2406	26.5933	 1.14	 49.44	0.042	  129.73	 99.84
 366.00	 363.09	 8.5989	34.2423	26.5938	 1.14	 49.43	0.042	  129.70	 99.85
 367.00	 364.08	 8.5956	34.2410	26.5933	 1.13	 48.97	0.041	  129.78	 99.85
 368.00	 365.07	 8.6008	34.2436	26.5946	 1.11	 48.33	0.041	  129.79	 99.85
 369.00	 366.06	 8.5980	34.2448	26.5959	 1.09	 47.50	0.041	  129.72	 99.85
 370.00	 367.05	 8.5930	34.2453	26.5971	 1.07	 46.76	0.040	  129.74	 99.85
 371.00	 368.04	 8.5670	34.2502	26.6050	 1.07	 46.45	0.040	  129.75	 99.85
 372.00	 369.03	 8.5589	34.2513	26.6071	 1.06	 46.27	0.040	  129.77	 99.85
 373.00	 370.02	 8.5583	34.2522	26.6080	 1.06	 46.10	0.041	  129.74	 99.85
 374.00	 371.01	 8.5597	34.2531	26.6084	 1.05	 45.53	0.042	  129.81	 99.85
 375.00	 372.01	 8.5603	34.2538	26.6089	 1.03	 44.71	0.041	  129.81	 99.85
 376.00	 373.00	 8.5587	34.2566	26.6114	 1.01	 43.85	0.040	  129.78	 99.85
 377.00	 373.99	 8.5523	34.2583	26.6137	 0.99	 43.25	0.040	  129.81	 99.85
 378.00	 374.98	 8.5298	34.2610	26.6193	 0.98	 42.73	0.041	  129.74	 99.85
 379.00	 375.97	 8.5153	34.2620	26.6223	 0.98	 42.48	0.042	  129.79	 99.86
 380.00	 376.96	 8.5020	34.2640	26.6259	 0.97	 42.41	0.041	  129.82	 99.86
 381.00	 377.95	 8.4981	34.2647	26.6271	 0.97	 42.18	0.041	  129.81	 99.87
 382.00	 378.94	 8.4936	34.2655	26.6284	 0.97	 42.04	0.042	  129.78	 99.87
 383.00	 379.93	 8.4912	34.2659	26.6291	 0.96	 41.73	0.041	  129.85	 99.87
 384.00	 380.93	 8.4858	34.2667	26.6306	 0.95	 41.38	0.041	  129.78	 99.88
 385.00	 381.92	 8.4771	34.2678	26.6328	 0.94	 40.87	0.042	  129.82	 99.88
 386.00	 382.91	 8.4650	34.2698	26.6362	 0.93	 40.59	0.041	  129.79	 99.88
 387.00	 383.90	 8.4570	34.2704	26.6380	 0.93	 40.60	0.041	  129.81	 99.88
 388.00	 384.89	 8.4507	34.2704	26.6390	 0.93	 40.57	0.042	  129.79	 99.88
 389.00	 385.88	 8.4495	34.2705	26.6392	 0.94	 40.72	0.041	  129.81	 99.88
 390.00	 386.87	 8.4506	34.2707	26.6392	 0.94	 40.85	0.041	  129.81	 99.88
 391.00	 387.86	 8.4435	34.2691	26.6391	 0.94	 40.92	0.042	  129.77	 99.88
 392.00	 388.85	 8.4351	34.2688	26.6402	 0.94	 40.89	0.042	  129.73	 99.88
 393.00	 389.84	 8.4303	34.2682	26.6404	 0.94	 40.89	0.042	  129.79	 99.88
 394.00	 390.84	 8.4288	34.2684	26.6408	 0.94	 40.92	0.042	  129.75	 99.88
 395.00	 391.83	 8.4276	34.2683	26.6409	 0.94	 40.91	0.042	  129.72	 99.88
 396.00	 392.82	 8.3923	34.2649	26.6437	 0.94	 40.88	0.042	  129.76	 99.88
 397.00	 393.81	 8.3580	34.2627	26.6472	 0.94	 40.76	0.040	  129.81	 99.88
 398.00	 394.80	 8.3376	34.2620	26.6497	 0.93	 40.55	0.040	  129.84	 99.88
 399.00	 395.79	 8.3273	34.2618	26.6511	 0.93	 40.32	0.040	  129.78	 99.88
 400.00	 396.78	 8.3170	34.2625	26.6533	 0.92	 40.15	0.042	  129.77	 99.88
 401.00	 397.77	 8.3122	34.2632	26.6546	 0.92	 40.02	0.041	  129.73	 99.88
 402.00	 398.76	 8.3120	34.2640	26.6552	 0.92	 39.87	0.041	  129.77	 99.88
 403.00	 399.75	 8.3101	34.2644	26.6558	 0.92	 40.06	0.040	  129.76	 99.88
 404.00	 400.75	 8.3024	34.2626	26.6556	 0.93	 40.30	0.040	  129.76	 99.88
 405.00	 401.74	 8.2638	34.2603	26.6596	 0.93	 40.43	0.041	  129.82	 99.88
 406.00	 402.73	 8.2564	34.2594	26.6601	 0.93	 40.49	0.042	  129.79	 99.88
 407.00	 403.72	 8.2453	34.2574	26.6602	 0.93	 40.45	0.041	  129.82	 99.88
 408.00	 404.71	 8.2290	34.2569	26.6623	 0.93	 40.43	0.040	  129.79	 99.88
 409.00	 405.70	 8.1756	34.2508	26.6655	 0.93	 40.34	0.040	  129.78	 99.88
 410.00	 406.69	 8.1018	34.2465	26.6731	 0.92	 40.06	0.040	  129.78	 99.88
 411.00	 407.68	 8.0589	34.2470	26.6799	 0.92	 39.82	0.040	  129.84	 99.88
 412.00	 408.67	 8.0510	34.2480	26.6819	 0.91	 39.62	0.041	  129.77	 99.88
 413.00	 409.66	 8.0486	34.2481	26.6823	 0.91	 39.48	0.041	  129.78	 99.88
 414.00	 410.66	 8.0487	34.2486	26.6827	 0.91	 39.39	0.040	  129.82	 99.88
 415.00	 411.65	 8.0476	34.2488	26.6830	 0.90	 39.31	0.042	  129.82	 99.88
 416.00	 412.64	 8.0417	34.2486	26.6838	 0.90	 39.19	0.042	  129.82	 99.88
 417.00	 413.63	 8.0397	34.2490	26.6844	 0.90	 38.99	0.041	  129.79	 99.88
 418.00	 414.62	 8.0408	34.2497	26.6848	 0.89	 38.81	0.041	  129.77	 99.89
 419.00	 415.61	 8.0410	34.2515	26.6863	 0.89	 38.64	0.041	  129.70	 99.88
 420.00	 416.60	 8.0458	34.2527	26.6865	 0.89	 38.58	0.041	  129.77	 99.88
 421.00	 417.59	 8.0465	34.2528	26.6865	 0.88	 38.49	0.041	  129.80	 99.88
 422.00	 418.58	 8.0520	34.2542	26.6867	 0.89	 38.53	0.041	  129.77	 99.88
 423.00	 419.57	 8.0450	34.2524	26.6864	 0.88	 38.39	0.041	  129.80	 99.89
 424.00	 420.56	 8.0423	34.2536	26.6877	 0.88	 38.14	0.041	  129.77	 99.89
 425.00	 421.56	 8.0423	34.2541	26.6882	 0.87	 38.03	0.042	  129.76	 99.89
 426.00	 422.55	 8.0392	34.2545	26.6890	 0.86	 37.59	0.041	  129.81	 99.89
 427.00	 423.54	 8.0406	34.2562	26.6901	 0.85	 36.84	0.041	  129.82	 99.89
 428.00	 424.53	 8.0331	34.2584	26.6929	 0.83	 36.28	0.041	  129.81	 99.89
 429.00	 425.52	 8.0295	34.2603	26.6950	 0.83	 35.91	0.042	  129.80	 99.89
 430.00	 426.51	 8.0139	34.2606	26.6976	 0.82	 35.85	0.042	  129.75	 99.89
 431.00	 427.50	 7.9987	34.2604	26.6997	 0.82	 35.85	0.040	  129.71	 99.90
 432.00	 428.49	 7.9909	34.2604	26.7008	 0.82	 35.69	0.041	  129.79	 99.90
 433.00	 429.48	 7.9769	34.2604	26.7029	 0.82	 35.51	0.040	  129.80	 99.90
 434.00	 430.47	 7.9595	34.2602	26.7053	 0.82	 35.54	0.041	  129.82	 99.90
 435.00	 431.46	 7.9499	34.2598	26.7065	 0.82	 35.60	0.042	  129.83	 99.90
 436.00	 432.45	 7.9457	34.2596	26.7069	 0.82	 35.58	0.042	  129.82	 99.90
 437.00	 433.45	 7.9443	34.2596	26.7072	 0.82	 35.48	0.042	  129.78	 99.90
 438.00	 434.44	 7.9447	34.2597	26.7071	 0.82	 35.46	0.041	  129.82	 99.90
 439.00	 435.43	 7.9441	34.2598	26.7074	 0.82	 35.57	0.040	  129.79	 99.90
 440.00	 436.42	 7.9418	34.2598	26.7077	 0.82	 35.48	0.041	  129.79	 99.90
 441.00	 437.41	 7.9427	34.2602	26.7079	 0.81	 35.27	0.042	  129.73	 99.90
 442.00	 438.40	 7.9441	34.2608	26.7082	 0.81	 35.18	0.041	  129.76	 99.90
 443.00	 439.39	 7.9456	34.2614	26.7085	 0.81	 35.07	0.041	  129.75	 99.90
 444.00	 440.38	 7.9473	34.2618	26.7085	 0.80	 34.96	0.040	  129.79	 99.90
 445.00	 441.37	 7.9489	34.2624	26.7088	 0.80	 34.80	0.041	  129.74	 99.90
 446.00	 442.36	 7.9451	34.2618	26.7089	 0.79	 34.32	0.040	  129.74	 99.90
 447.00	 443.35	 7.9187	34.2603	26.7116	 0.78	 33.81	0.041	  129.75	 99.90
 448.00	 444.34	 7.8704	34.2615	26.7196	 0.78	 33.80	0.041	  129.81	 99.90
 449.00	 445.34	 7.8367	34.2600	26.7234	 0.78	 34.05	0.042	  129.82	 99.90
 450.00	 446.33	 7.8179	34.2589	26.7253	 0.78	 33.97	0.041	  129.83	 99.90
 451.00	 447.32	 7.8128	34.2587	26.7259	 0.77	 33.48	0.040	  129.84	 99.90
 452.00	 448.31	 7.8044	34.2580	26.7266	 0.76	 32.90	0.040	  129.76	 99.90
 453.00	 449.30	 7.7870	34.2602	26.7308	 0.75	 32.55	0.041	  129.80	 99.90
 454.00	 450.29	 7.7812	34.2623	26.7333	 0.74	 32.23	0.042	  129.76	 99.90
 455.00	 451.28	 7.7778	34.2637	26.7350	 0.74	 32.01	0.041	  129.76	 99.90
 456.00	 452.27	 7.7750	34.2645	26.7360	 0.73	 31.85	0.040	  129.73	 99.90
 457.00	 453.26	 7.7719	34.2653	26.7371	 0.73	 31.79	0.040	  129.79	 99.90
 458.00	 454.25	 7.7683	34.2660	26.7382	 0.73	 31.80	0.040	  129.79	 99.90
 459.00	 455.24	 7.7682	34.2661	26.7383	 0.73	 31.81	0.040	  129.81	 99.90
 460.00	 456.23	 7.7686	34.2662	26.7383	 0.73	 31.82	0.041	  129.81	 99.90
 461.00	 457.22	 7.7676	34.2665	26.7387	 0.73	 31.86	0.041	  129.73	 99.91
 462.00	 458.21	 7.7666	34.2666	26.7389	 0.73	 31.82	0.042	  129.75	 99.91
 463.00	 459.21	 7.7656	34.2665	26.7391	 0.73	 31.75	0.041	  129.68	 99.91
 464.00	 460.20	 7.7652	34.2668	26.7394	 0.73	 31.73	0.040	  129.72	 99.91
 465.00	 461.19	 7.7655	34.2668	26.7393	 0.73	 31.74	0.040	  129.73	 99.91
 466.00	 462.18	 7.7658	34.2670	26.7395	 0.73	 31.74	0.040	  129.74	 99.91
 467.00	 463.17	 7.7657	34.2672	26.7396	 0.73	 31.69	0.040	  129.77	 99.90
 468.00	 464.16	 7.7648	34.2670	26.7396	 0.73	 31.69	0.040	  129.74	 99.91
 469.00	 465.15	 7.7647	34.2672	26.7398	 0.73	 31.66	0.040	  129.74	 99.91
 470.00	 466.14	 7.7633	34.2669	26.7398	 0.73	 31.66	0.040	  129.75	 99.91
 471.00	 467.13	 7.7630	34.2668	26.7398	 0.73	 31.76	0.040	  129.69	 99.92
 472.00	 468.12	 7.7632	34.2669	26.7398	 0.73	 31.80	0.040	  129.74	 99.91
 473.00	 469.11	 7.7629	34.2668	26.7398	 0.73	 31.76	0.040	  129.74	 99.91
 474.00	 470.10	 7.7613	34.2667	26.7400	 0.73	 31.61	0.040	  129.70	 99.91
 475.00	 471.09	 7.7604	34.2668	26.7402	 0.73	 31.61	0.041	  129.71	 99.91
 476.00	 472.08	 7.7612	34.2668	26.7401	 0.73	 31.65	0.041	  129.73	 99.90
 477.00	 473.07	 7.7604	34.2667	26.7402	 0.72	 31.53	0.041	  129.70	 99.91
 478.00	 474.07	 7.7582	34.2668	26.7406	 0.72	 31.36	0.041	  129.66	 99.91
 479.00	 475.06	 7.7535	34.2664	26.7410	 0.72	 31.32	0.040	  129.68	 99.91
 480.00	 476.05	 7.7484	34.2669	26.7421	 0.72	 31.17	0.041	  129.67	 99.92
 481.00	 477.04	 7.7424	34.2678	26.7437	 0.71	 30.99	0.041	  129.68	 99.91
 482.00	 478.03	 7.7405	34.2688	26.7448	 0.71	 31.01	0.040	  129.69	 99.91
 483.00	 479.02	 7.7392	34.2686	26.7448	 0.71	 30.92	0.040	  129.64	 99.91
 484.00	 480.01	 7.7382	34.2685	26.7449	 0.71	 30.73	0.040	  129.69	 99.91
 485.00	 481.00	 7.7350	34.2695	26.7462	 0.70	 30.55	0.040	  129.66	 99.92
 486.00	 481.99	 7.7340	34.2699	26.7466	 0.70	 30.53	0.040	  129.67	 99.92
 487.00	 482.98	 7.7319	34.2701	26.7472	 0.70	 30.55	0.041	  129.71	 99.92
 488.00	 483.97	 7.7289	34.2701	26.7476	 0.70	 30.52	0.040	  129.66	 99.91
 489.00	 484.96	 7.7259	34.2700	26.7479	 0.70	 30.44	0.040	  129.64	 99.92
 490.00	 485.95	 7.7204	34.2695	26.7484	 0.70	 30.36	0.040	  129.63	 99.92
 491.00	 486.94	 7.7025	34.2681	26.7499	 0.70	 30.27	0.041	  129.66	 99.92
 492.00	 487.93	 7.6881	34.2683	26.7521	 0.69	 30.03	0.042	  129.66	 99.92
 493.00	 488.92	 7.6750	34.2684	26.7541	 0.69	 29.88	0.042	  129.64	 99.92
 494.00	 489.91	 7.6631	34.2682	26.7557	 0.69	 30.06	0.042	  129.63	 99.92
 495.00	 490.91	 7.6581	34.2691	26.7571	 0.69	 29.97	0.041	  129.65	 99.92
 496.00	 491.90	 7.6646	34.2692	26.7562	 0.68	 29.78	0.040	  129.63	 99.93
 497.00	 492.89	 7.6360	34.2647	26.7568	 0.68	 29.69	0.041	  129.67	 99.92
 498.00	 493.88	 7.5795	34.2640	26.7644	 0.68	 29.63	0.042	  129.67	 99.92
 499.00	 494.87	 7.5352	34.2626	26.7697	 0.68	 29.60	0.041	  129.66	 99.93
 500.00	 495.86	 7.5279	34.2629	26.7710	 0.68	 29.47	0.040	  129.66	 99.93
 501.00	 496.85	 7.5247	34.2629	26.7714	 0.68	 29.42	0.041	  129.64	 99.93
 502.00	 497.84	 7.5195	34.2629	26.7722	 0.67	 29.30	0.041	  129.64	 99.93
 503.00	 498.83	 7.5208	34.2632	26.7723	 0.67	 29.20	0.040	  129.63	 99.93
 504.00	 499.82	 7.5149	34.2639	26.7737	 0.67	 29.05	0.040	  129.69	 99.93
 505.00	 500.81	 7.5068	34.2647	26.7755	 0.67	 29.01	0.040	  129.67	 99.93
 506.00	 501.80	 7.5058	34.2651	26.7759	 0.66	 28.92	0.041	  129.72	 99.93
 507.00	 502.79	 7.5044	34.2654	26.7763	 0.66	 28.70	0.041	  129.64	 99.93
 508.00	 503.78	 7.5049	34.2657	26.7765	 0.66	 28.71	0.042	  129.63	 99.93
 509.00	 504.77	 7.5039	34.2660	26.7769	 0.66	 28.70	0.041	  129.67	 99.93
 510.00	 505.76	 7.5009	34.2666	26.7778	 0.65	 28.49	0.040	  129.63	 99.93
 511.00	 506.75	 7.4961	34.2669	26.7787	 0.65	 28.21	0.040	  129.62	 99.93
 512.00	 507.74	 7.4874	34.2669	26.7800	 0.65	 28.33	0.041	  129.69	 99.93
 513.00	 508.73	 7.4787	34.2668	26.7812	 0.65	 28.42	0.041	  129.67	 99.93
 514.00	 509.72	 7.4696	34.2661	26.7819	 0.66	 28.50	0.041	  129.67	 99.93
 515.00	 510.72	 7.4643	34.2657	26.7824	 0.66	 28.50	0.042	  129.65	 99.93
 516.00	 511.71	 7.4606	34.2653	26.7827	 0.65	 28.44	0.042	  129.64	 99.93
 517.00	 512.70	 7.4587	34.2653	26.7829	 0.65	 28.38	0.041	  129.67	 99.93
 518.00	 513.69	 7.4581	34.2653	26.7830	 0.65	 28.47	0.041	  129.61	 99.93
 519.00	 514.68	 7.4565	34.2652	26.7832	 0.65	 28.40	0.041	  129.60	 99.41
 520.00	 515.67	 7.4561	34.2653	26.7833	 0.65	 28.35	0.041	  129.72	 98.25
 521.00	 516.66	 7.4543	34.2650	26.7833	 0.65	 28.41	0.041	  129.62	 98.48
 522.00	 517.65	 7.4515	34.2649	26.7837	 0.65	 28.47	0.040	  129.65	 96.22
 523.00	 518.64	 7.4487	34.2643	26.7836	 0.65	 28.36	0.041	  129.61	 95.22
 524.00	 519.63	 7.4446	34.2640	26.7840	 0.65	 28.34	0.041	  129.60	 94.22
 525.00	 520.62	 7.4426	34.2643	26.7845	 0.65	 28.34	0.041	  129.61	 93.20
 526.00	 521.61	 7.4427	34.2645	26.7847	 0.65	 28.24	0.042	  129.50	 92.14
 527.00	 522.60	 7.4413	34.2647	26.7851	 0.65	 28.17	0.042	  129.54	 91.17
 528.00	 523.59	 7.4395	34.2649	26.7855	 0.65	 28.17	0.041	  129.51	 90.18
 529.00	 524.58	 7.4385	34.2651	26.7858	 0.65	 28.15	0.040	  129.46	 89.13
 530.00	 525.57	 7.4386	34.2652	26.7859	 0.65	 28.23	0.042	  129.43	 88.12
 531.00	 526.56	 7.4335	34.2651	26.7865	 0.65	 28.13	0.041	  129.50	 87.14
 532.00	 527.55	 7.4286	34.2648	26.7870	 0.64	 27.77	0.041	  129.43	 86.17
 533.00	 528.54	 7.4185	34.2632	26.7872	 0.63	 27.47	0.042	  129.35	 85.20
 534.00	 529.53	 7.3831	34.2650	26.7936	 0.63	 27.29	0.042	  129.39	 84.18
 535.00	 530.52	 7.3758	34.2663	26.7957	 0.62	 26.93	0.041	  129.40	 83.20
 536.00	 531.51	 7.3742	34.2671	26.7965	 0.61	 26.53	0.041	  129.40	 82.14
 537.00	 532.50	 7.3668	34.2670	26.7975	 0.60	 26.07	0.042	  129.39	 81.21
 538.00	 533.49	 7.3318	34.2691	26.8041	 0.60	 25.89	0.041	  129.45	 80.21
 539.00	 534.48	 7.3120	34.2699	26.8075	 0.59	 25.78	0.040	  129.43	 79.15
 540.00	 535.48	 7.3022	34.2706	26.8094	 0.59	 25.80	0.040	  129.44	 78.17
 541.00	 536.47	 7.2968	34.2708	26.8104	 0.59	 25.70	0.040	  129.43	 77.12
 542.00	 537.46	 7.2911	34.2714	26.8117	 0.59	 25.54	0.041	  129.43	 76.21
 543.00	 538.45	 7.2874	34.2713	26.8121	 0.59	 25.47	0.041	  129.49	 75.17
 544.00	 539.44	 7.2835	34.2715	26.8128	 0.59	 25.46	0.040	  129.46	 74.22
 545.00	 540.43	 7.2797	34.2717	26.8135	 0.58	 25.44	0.040	  129.43	 73.30
 546.00	 541.42	 7.2775	34.2720	26.8141	 0.58	 25.42	0.042	  129.51	 72.25
 547.00	 542.41	 7.2770	34.2720	26.8142	 0.58	 25.23	0.042	  129.44	 71.19
 548.00	 543.40	 7.2738	34.2727	26.8152	 0.58	 25.20	0.041	  129.43	 70.17
 549.00	 544.39	 7.2730	34.2729	26.8155	 0.58	 25.16	0.041	  129.43	 69.14
 550.00	 545.38	 7.2708	34.2735	26.8162	 0.57	 25.01	0.041	  129.42	 68.28
 551.00	 546.37	 7.2691	34.2737	26.8167	 0.57	 24.99	0.041	  129.46	 67.19
 552.00	 547.36	 7.2637	34.2738	26.8175	 0.57	 24.91	0.041	  129.46	 66.16
 553.00	 548.35	 7.2619	34.2741	26.8180	 0.57	 24.96	0.042	  129.46	 65.15
 554.00	 549.34	 7.2584	34.2742	26.8186	 0.57	 24.90	0.042	  129.43	 64.18
 555.00	 550.33	 7.2536	34.2746	26.8196	 0.57	 24.73	0.042	  129.45	 63.23
 556.00	 551.32	 7.2530	34.2749	26.8199	 0.57	 24.72	0.041	  129.41	 62.27
 557.00	 552.31	 7.2526	34.2750	26.8201	 0.56	 24.18	0.040	  129.42	 61.34
 558.00	 553.30	 7.2496	34.2750	26.8205	 0.52	 22.62	0.040	  129.36	 60.33
 559.00	 554.29	 7.2288	34.2752	26.8235	 0.48	 20.72	0.040	  129.40	 59.27
 560.00	 555.28	 7.1187	34.2850	26.8465	 0.43	 18.59	0.040	  129.39	 58.23
 561.00	 556.27	 7.0309	34.2942	26.8659	 0.37	 16.15	0.041	  129.41	 57.18
 562.00	 557.26	 6.9162	34.3042	26.8894	 0.33	 14.30	0.041	  129.41	 56.24
 563.00	 558.25	 6.7955	34.3135	26.9131	 0.30	 13.19	0.042	  129.47	 55.21
 564.00	 559.24	 6.7209	34.3158	26.9248	 0.28	 12.34	0.041	  129.46	 54.24
 565.00	 560.23	 6.5685	34.3228	26.9506	 0.28	 11.98	0.040	  129.52	 53.23
 566.00	 561.22	 6.5141	34.3270	26.9611	 0.27	 11.87	0.041	  129.49	 52.23
 567.00	 562.21	 6.4988	34.3276	26.9636	 0.27	 11.79	0.041	  129.49	 51.23
 568.00	 563.20	 6.4734	34.3289	26.9679	 0.27	 11.65	0.040	  129.50	 50.23
 569.00	 564.19	 6.4373	34.3296	26.9732	 0.27	 11.54	0.040	  129.49	 49.24
 570.00	 565.18	 6.4069	34.3311	26.9784	 0.26	 11.52	0.042	  129.52	 48.32
 571.00	 566.17	 6.3939	34.3321	26.9809	 0.26	 11.50	0.042	  129.52	 47.29
 572.00	 567.16	 6.3713	34.3324	26.9841	 0.26	 11.45	0.040	  129.45	 46.35
 573.00	 568.15	 6.3583	34.3342	26.9872	 0.26	 11.52	0.040	  129.51	 45.27
 574.00	 569.14	 6.3563	34.3348	26.9879	 0.27	 11.59	0.041	  129.48	 44.27
 575.00	 570.13	 6.3512	34.3351	26.9889	 0.27	 11.58	0.041	  129.45	 43.22
 576.00	 571.12	 6.3462	34.3356	26.9899	 0.27	 11.59	0.041	  129.42	 42.21
 577.00	 572.11	 6.3370	34.3361	26.9915	 0.26	 11.46	0.042	  129.44	 41.22
 578.00	 573.10	 6.3296	34.3363	26.9927	 0.26	 11.44	0.041	  129.44	 40.25
 579.00	 574.09	 6.3089	34.3369	26.9958	 0.26	 11.38	0.041	  129.49	 39.22
 580.00	 575.08	 6.2951	34.3376	26.9982	 0.26	 11.18	0.041	  129.45	 38.22
 581.00	 576.07	 6.2851	34.3381	26.9998	 0.26	 11.30	0.041	  129.47	 37.21
 582.00	 577.07	 6.2685	34.3387	27.0024	 0.26	 11.31	0.041	  129.47	 36.20
 583.00	 578.06	 6.2562	34.3389	27.0042	 0.26	 11.12	0.041	  129.45	 35.17
 584.00	 579.05	 6.2368	34.3395	27.0072	 0.25	 11.04	0.041	  129.45	 34.18
 585.00	 580.04	 6.2258	34.3401	27.0090	 0.25	 10.98	0.042	  129.48	 33.22
 586.00	 581.03	 6.2129	34.3407	27.0112	 0.25	 10.84	0.042	  129.45	 32.27
 587.00	 582.02	 6.2052	34.3411	27.0125	 0.25	 10.87	0.042	  129.40	 31.30
 588.00	 583.01	 6.2009	34.3415	27.0134	 0.25	 10.93	0.040	  129.45	 30.31
 589.00	 584.00	 6.1966	34.3417	27.0141	 0.25	 10.95	0.040	  129.42	 29.28
 590.00	 584.99	 6.1919	34.3418	27.0148	 0.25	 10.75	0.041	  129.47	 28.24
 591.00	 585.98	 6.1849	34.3423	27.0161	 0.24	 10.64	0.041	  129.46	 27.15
 592.00	 586.97	 6.1773	34.3425	27.0172	 0.25	 10.67	0.041	  129.43	 26.12
 593.00	 587.96	 6.1643	34.3429	27.0192	 0.24	 10.53	0.042	  129.46	 25.12
 594.00	 588.95	 6.1535	34.3435	27.0211	 0.24	 10.59	0.042	  129.42	 24.17
 595.00	 589.94	 6.1481	34.3439	27.0221	 0.24	 10.64	0.042	  129.44	 23.21
 596.00	 590.93	 6.1444	34.3441	27.0228	 0.24	 10.59	0.042	  129.43	 22.22
 597.00	 591.92	 6.1395	34.3442	27.0235	 0.24	 10.55	0.042	  129.46	 21.20
 598.00	 592.91	 6.1314	34.3446	27.0248	 0.24	 10.51	0.041	  129.43	 20.15
 599.00	 593.90	 6.1254	34.3450	27.0259	 0.24	 10.39	0.042	  129.41	 19.03
 600.00	 594.89	 6.1197	34.3453	27.0269	 0.24	 10.37	0.042	  129.47	 17.94
 601.00	 595.88	 6.1196	34.3455	27.0270	 0.24	 10.31	0.042	  129.41	 16.91
 602.00	 596.87	 6.1183	34.3454	27.0271	 0.24	 10.33	0.041	  129.43	 15.89
 603.00	 597.86	 6.1201	34.3451	27.0267	 0.24	 10.28	0.041	  129.14	 14.80
