* Sea-Bird SBE 9 Data:
* Software Version Seasave V 7.26.7.107
* Vessel: NOAA Ship Ronald H. Brown
* Cruise: RB2102, West Coast Ocean Acidification (WCOA) 2021
* Dates: 20210622 to 20210723
* Region: NE Pacific, USA West Coast
* Ports: San Diego, CA to Port Angeles, WA to San Diego, CA
* Chief Scientists: R. Feely, NOAA PMEL; D. Greeley, NOAA PMEL; B. Carter, NOAA PMEL / UW CICOES
* Contacts: R. Feely, richard.a.feely@noaa.gov; D. Greeley, dana.greeley@noaa.gov; B. Carter, brendan.carter@noaa.gov
* Station: 126
* Cast: 1
* Cast Date-Time [GMT]: 20-Jul-2021 16:57:21
* Longitude: -117.9048 W
* Latitude: 33.4173 N
* Water Depth [m]: 612.5
**********
* Column  1: Pressure [decibar]
* Column  2: Depth [m]
* Column  3: Temperature ITS-90 [degree C]
* Column  4: Salinity PSS-78 [psu]
* Column  5: Sigma-theta EOS-80 [kg/m^3 - 1000]
* Column  6: Oxygen [ml/L]
* Column  7: Oxygen [umol/kg]
* Column  8: Fluorescence [volts]
* Column  9: Oxygen Reduction Potential [mV]
* Column 10: Altimeter [m]
**********
*END*
   3.00	   2.98	21.3149	33.5472	23.3031	 5.71	249.17	0.049	  144.96	 99.78
   4.00	   3.97	21.4111	33.5580	23.2851	 5.67	247.66	0.050	  144.51	 99.79
   5.00	   4.96	21.2674	33.5508	23.3189	 5.70	248.89	0.049	  144.44	 99.79
   6.00	   5.96	20.8268	33.5309	23.4228	 5.78	252.37	0.050	  144.57	 99.78
   7.00	   6.95	20.7144	33.5250	23.4485	 5.78	252.00	0.049	  144.54	 99.80
   8.00	   7.94	20.5315	33.5201	23.4936	 5.79	252.77	0.049	  144.53	 99.80
   9.00	   8.94	20.4433	33.5165	23.5143	 5.80	253.10	0.049	  144.57	 99.80
  10.00	   9.93	20.3098	33.5120	23.5462	 5.81	253.60	0.049	  144.55	 99.79
  11.00	  10.92	20.1307	33.5052	23.5882	 5.81	253.48	0.049	  144.55	 99.79
  12.00	  11.91	19.8398	33.4926	23.6546	 5.82	253.81	0.050	  144.56	 99.79
  13.00	  12.91	19.3710	33.4756	23.7627	 5.84	254.97	0.049	  144.63	 99.78
  14.00	  13.90	18.8928	33.4579	23.8706	 5.89	257.00	0.048	  144.72	 99.78
  15.00	  14.89	18.5145	33.4490	23.9584	 5.90	257.45	0.045	  144.75	 99.78
  16.00	  15.89	18.2397	33.4425	24.0214	 5.92	258.29	0.046	  144.77	 99.77
  17.00	  16.88	17.9410	33.4409	24.0934	 5.97	260.44	0.046	  144.83	 99.76
  18.00	  17.87	17.7229	33.4428	24.1477	 6.02	262.57	0.045	  144.84	 99.76
  19.00	  18.86	17.5299	33.4426	24.1941	 6.07	264.87	0.045	  144.84	 99.76
  20.00	  19.86	17.1908	33.4400	24.2729	 6.13	267.27	0.045	  144.82	 99.77
  21.00	  20.85	16.9455	33.4469	24.3361	 6.16	268.44	0.045	  144.86	 99.78
  22.00	  21.84	16.6971	33.4578	24.4025	 6.25	272.46	0.046	  144.87	 89.75
  23.00	  22.84	16.5139	33.4796	24.4617	 6.30	274.81	0.046	  144.91	 99.82
  24.00	  23.83	16.2823	33.5002	24.5308	 6.36	277.07	0.048	  144.97	 99.79
  25.00	  24.82	15.9535	33.4897	24.5974	 6.43	280.26	0.049	  145.01	 99.80
  26.00	  25.81	15.4522	33.5070	24.7228	 6.49	282.94	0.053	  145.08	 99.80
  27.00	  26.81	15.2197	33.5033	24.7712	 6.47	281.77	0.057	  145.08	 99.82
  28.00	  27.80	15.1502	33.5309	24.8076	 6.37	277.48	0.064	  145.15	 99.82
  29.00	  28.79	14.9514	33.5367	24.8554	 6.31	275.17	0.080	  145.13	 99.81
  30.00	  29.79	14.7709	33.5298	24.8890	 6.29	273.97	0.089	  145.23	 99.80
  31.00	  30.78	14.4851	33.4937	24.9223	 6.26	272.69	0.096	  145.31	 99.78
  32.00	  31.77	14.3157	33.4727	24.9419	 6.19	269.80	0.102	  145.29	 99.75
  33.00	  32.76	14.1759	33.4522	24.9555	 6.11	266.44	0.105	  145.34	 99.73
  34.00	  33.76	14.0579	33.4396	24.9704	 6.08	264.95	0.105	  145.32	 99.72
  35.00	  34.75	13.9988	33.4397	24.9828	 6.04	263.14	0.103	  145.34	 99.69
  36.00	  35.74	13.9894	33.4478	24.9910	 5.90	256.87	0.106	  145.31	 99.67
  37.00	  36.73	13.7426	33.4255	25.0247	 5.74	250.10	0.108	  145.34	 99.66
  38.00	  37.73	13.3125	33.3923	25.0863	 5.66	246.49	0.101	  145.47	 99.62
  39.00	  38.72	13.2243	33.3940	25.1053	 5.58	242.93	0.099	  145.47	 99.56
  40.00	  39.71	13.1983	33.4040	25.1183	 5.53	241.06	0.091	  145.49	 99.53
  41.00	  40.71	13.1569	33.4084	25.1300	 5.47	238.51	0.091	  145.48	 99.49
  42.00	  41.70	13.0875	33.4094	25.1446	 5.41	235.53	0.090	  145.52	 99.46
  43.00	  42.69	12.9865	33.4011	25.1582	 5.37	234.09	0.087	  145.53	 99.45
  44.00	  43.68	12.8777	33.3991	25.1781	 5.33	231.99	0.082	  145.54	 99.43
  45.00	  44.68	12.7988	33.3969	25.1919	 5.23	227.99	0.081	  145.54	 99.41
  46.00	  45.67	12.6531	33.3937	25.2179	 5.21	227.07	0.074	  145.53	 99.40
  47.00	  46.66	12.6031	33.3926	25.2268	 5.19	226.01	0.074	  145.51	 99.39
  48.00	  47.65	12.5887	33.3934	25.2302	 5.10	222.24	0.075	  145.52	 99.37
  49.00	  48.65	12.4256	33.3840	25.2544	 4.99	217.36	0.071	  145.53	 99.37
  50.00	  49.64	12.2911	33.3955	25.2891	 4.89	212.91	0.069	  145.54	 99.36
  51.00	  50.63	12.2107	33.4195	25.3231	 4.81	209.62	0.067	  145.52	 99.34
  52.00	  51.62	12.1444	33.4373	25.3495	 4.75	207.02	0.069	  145.58	 99.32
  53.00	  52.62	12.1093	33.4512	25.3670	 4.70	204.53	0.067	  145.53	 99.32
  54.00	  53.61	12.0883	33.4608	25.3784	 4.65	202.52	0.064	  145.53	 96.91
  55.00	  54.60	12.0553	33.4748	25.3955	 4.60	200.17	0.064	  145.52	 99.31
  56.00	  55.60	12.0121	33.4906	25.4160	 4.57	198.84	0.063	  145.53	 99.29
  57.00	  56.59	11.9817	33.4934	25.4239	 4.49	195.35	0.062	  145.49	 99.29
  58.00	  57.58	11.8668	33.5001	25.4506	 4.38	190.59	0.062	  145.48	 93.82
  59.00	  58.57	11.6858	33.5192	25.4992	 4.36	190.01	0.060	  145.56	 99.25
  60.00	  59.57	11.6472	33.5200	25.5070	 4.35	189.42	0.058	  145.53	 97.55
  61.00	  60.56	11.6200	33.5197	25.5118	 4.33	188.39	0.058	  145.47	 96.97
  62.00	  61.55	11.5509	33.5128	25.5191	 4.30	187.18	0.058	  145.49	 99.30
  63.00	  62.54	11.3705	33.4977	25.5404	 4.24	184.77	0.057	  145.47	 99.32
  64.00	  63.54	11.1416	33.5005	25.5840	 4.16	181.16	0.054	  145.52	 99.32
  65.00	  64.53	11.0607	33.5297	25.6212	 4.12	179.25	0.050	  145.53	 91.11
  66.00	  65.52	11.0721	33.5375	25.6253	 4.08	177.72	0.050	  145.53	 99.30
  67.00	  66.51	11.0845	33.5493	25.6323	 4.04	176.02	0.049	  145.55	 99.32
  68.00	  67.51	11.0899	33.5620	25.6412	 4.00	174.16	0.050	  145.48	 99.33
  69.00	  68.50	11.0853	33.5740	25.6514	 3.93	171.02	0.051	  145.42	 97.55
  70.00	  69.49	11.0213	33.5934	25.6779	 3.85	167.49	0.050	  145.49	 99.38
  71.00	  70.48	11.0051	33.6193	25.7010	 3.76	163.84	0.047	  145.50	 99.34
  72.00	  71.48	11.0002	33.6285	25.7091	 3.62	157.78	0.047	  145.50	 99.35
  73.00	  72.47	11.0028	33.6682	25.7395	 3.52	153.13	0.046	  145.54	 99.37
  74.00	  73.46	10.9918	33.7179	25.7802	 3.49	152.06	0.046	  145.54	 99.37
  75.00	  74.46	10.9777	33.7296	25.7918	 3.48	151.62	0.046	  145.54	 99.38
  76.00	  75.45	10.9659	33.7349	25.7981	 3.49	151.75	0.044	  145.53	 99.40
  77.00	  76.44	10.9520	33.7355	25.8011	 3.49	151.94	0.045	  145.49	 99.41
  78.00	  77.43	10.9307	33.7363	25.8055	 3.48	151.36	0.045	  145.49	 99.42
  79.00	  78.43	10.9232	33.7377	25.8079	 3.45	150.22	0.046	  145.43	 99.43
  80.00	  79.42	10.8979	33.7417	25.8156	 3.44	149.72	0.044	  145.41	 99.43
  81.00	  80.41	10.7998	33.7449	25.8355	 3.41	148.66	0.044	  145.47	 99.44
  82.00	  81.40	10.6838	33.7523	25.8617	 3.36	146.30	0.044	  145.39	 99.44
  83.00	  82.40	10.6164	33.7726	25.8893	 3.35	145.88	0.043	  145.45	 99.44
  84.00	  83.39	10.5130	33.7888	25.9200	 3.36	146.20	0.043	  145.49	 99.44
  85.00	  84.38	10.4689	33.7949	25.9325	 3.35	145.90	0.043	  145.51	 99.44
  86.00	  85.37	10.4600	33.8002	25.9381	 3.34	145.49	0.043	  145.47	 99.45
  87.00	  86.37	10.4569	33.8028	25.9407	 3.32	144.59	0.043	  145.45	 99.46
  88.00	  87.36	10.4532	33.8053	25.9434	 3.31	143.97	0.043	  145.40	 99.46
  89.00	  88.35	10.4374	33.8108	25.9503	 3.30	143.67	0.043	  145.40	 99.46
  90.00	  89.34	10.4234	33.8178	25.9583	 3.29	143.28	0.043	  145.38	 99.46
  91.00	  90.34	10.4245	33.8196	25.9595	 3.27	142.47	0.043	  145.33	 99.46
  92.00	  91.33	10.4257	33.8215	25.9608	 3.26	141.89	0.042	  145.34	 99.46
  93.00	  92.32	10.4232	33.8245	25.9636	 3.24	141.08	0.043	  145.32	 99.47
  94.00	  93.31	10.4127	33.8309	25.9704	 3.22	140.29	0.042	  145.27	 99.47
  95.00	  94.31	10.4045	33.8354	25.9753	 3.20	139.40	0.042	  145.32	 99.47
  96.00	  95.30	10.3848	33.8425	25.9843	 3.18	138.61	0.042	  145.26	 99.48
  97.00	  96.29	10.3639	33.8518	25.9952	 3.16	137.71	0.042	  145.24	 99.49
  98.00	  97.28	10.3623	33.8555	25.9984	 3.12	135.89	0.042	  145.24	 99.49
  99.00	  98.28	10.3446	33.8669	26.0103	 3.07	133.83	0.041	  145.26	 99.49
 100.00	  99.27	10.3367	33.8735	26.0169	 3.03	131.69	0.041	  145.25	 99.49
 101.00	 100.26	10.3315	33.8811	26.0237	 2.96	128.70	0.040	  145.26	 99.50
 102.00	 101.25	10.3376	33.8915	26.0308	 2.81	122.24	0.040	  145.23	 99.51
 103.00	 102.24	10.3515	33.9072	26.0407	 2.54	110.69	0.040	  145.20	 99.51
 104.00	 103.24	10.4500	33.9651	26.0688	 2.35	102.13	0.040	  145.27	 99.53
 105.00	 104.23	10.5503	34.0075	26.0844	 2.32	100.87	0.040	  145.31	 99.54
 106.00	 105.22	10.5760	34.0208	26.0904	 2.33	101.44	0.040	  145.32	 99.57
 107.00	 106.21	10.5871	34.0307	26.0961	 2.34	101.89	0.041	  145.28	 99.60
 108.00	 107.21	10.5834	34.0313	26.0973	 2.35	102.15	0.041	  145.30	 99.62
 109.00	 108.20	10.5653	34.0288	26.0985	 2.36	102.77	0.041	  145.29	 99.63
 110.00	 109.19	10.5379	34.0254	26.1007	 2.40	104.39	0.041	  145.27	 99.63
 111.00	 110.18	10.4159	34.0126	26.1119	 2.41	104.74	0.041	  145.28	 99.63
 112.00	 111.18	10.3569	34.0070	26.1177	 2.35	102.15	0.041	  145.27	 99.63
 113.00	 112.17	10.3529	34.0158	26.1254	 2.30	 99.90	0.041	  145.26	 99.63
 114.00	 113.16	10.3425	34.0196	26.1301	 2.26	 98.29	0.041	  145.27	 99.63
 115.00	 114.15	10.3306	34.0226	26.1346	 2.21	 96.18	0.041	  145.29	 99.63
 116.00	 115.15	10.3166	34.0342	26.1460	 2.18	 94.89	0.040	  145.26	 99.64
 117.00	 116.14	10.2996	34.0524	26.1632	 2.20	 95.94	0.041	  145.26	 99.66
 118.00	 117.13	10.2796	34.0573	26.1705	 2.28	 99.08	0.041	  145.28	 99.66
 119.00	 118.12	10.2025	34.0478	26.1763	 2.39	103.94	0.041	  145.29	 99.66
 120.00	 119.12	10.1227	34.0348	26.1798	 2.50	108.75	0.040	  145.26	 99.66
 121.00	 120.11	10.0340	34.0205	26.1836	 2.56	111.48	0.040	  145.23	 99.66
 122.00	 121.10	 9.9774	34.0138	26.1881	 2.62	114.00	0.041	  145.23	 99.65
 123.00	 122.09	 9.9193	34.0050	26.1910	 2.69	117.16	0.041	  145.21	 99.63
 124.00	 123.08	 9.8432	33.9995	26.1994	 2.73	118.81	0.041	  145.14	 99.63
 125.00	 124.08	 9.7769	33.9955	26.2074	 2.73	118.94	0.041	  145.13	 99.62
 126.00	 125.07	 9.7462	33.9970	26.2137	 2.72	118.55	0.041	  145.09	 99.61
 127.00	 126.06	 9.7382	33.9975	26.2154	 2.72	118.35	0.041	  145.06	 99.59
 128.00	 127.05	 9.7325	33.9981	26.2169	 2.72	118.23	0.041	  145.04	 99.58
 129.00	 128.05	 9.7249	33.9984	26.2184	 2.72	118.34	0.041	  145.01	 99.58
 130.00	 129.04	 9.7106	33.9990	26.2213	 2.72	118.29	0.040	  145.01	 99.58
 131.00	 130.03	 9.6884	34.0009	26.2264	 2.71	118.13	0.041	  144.95	 99.58
 132.00	 131.02	 9.6437	34.0059	26.2378	 2.71	117.73	0.040	  145.00	 99.58
 133.00	 132.02	 9.6177	34.0098	26.2451	 2.70	117.60	0.041	  144.96	 99.58
 134.00	 133.01	 9.6158	34.0102	26.2457	 2.70	117.33	0.041	  144.93	 99.58
 135.00	 134.00	 9.6147	34.0107	26.2464	 2.69	116.89	0.040	  144.91	 99.58
 136.00	 134.99	 9.6160	34.0124	26.2475	 2.68	116.67	0.040	  144.91	 99.58
 137.00	 135.98	 9.6174	34.0135	26.2481	 2.67	116.02	0.041	  144.91	 99.59
 138.00	 136.98	 9.6189	34.0147	26.2488	 2.65	115.23	0.040	  144.88	 99.59
 139.00	 137.97	 9.6199	34.0158	26.2496	 2.64	114.84	0.041	  144.85	 99.59
 140.00	 138.96	 9.6199	34.0172	26.2507	 2.64	115.05	0.040	  144.80	 99.59
 141.00	 139.95	 9.6161	34.0168	26.2510	 2.65	115.28	0.040	  144.81	 99.60
 142.00	 140.95	 9.6010	34.0155	26.2525	 2.66	115.78	0.040	  144.82	 99.60
 143.00	 141.94	 9.5897	34.0142	26.2534	 2.66	115.95	0.040	  144.79	 99.60
 144.00	 142.93	 9.5780	34.0137	26.2549	 2.67	116.30	0.040	  144.79	 99.60
 145.00	 143.92	 9.5467	34.0140	26.2603	 2.67	116.15	0.040	  144.76	 99.61
 146.00	 144.91	 9.4587	34.0184	26.2782	 2.63	114.52	0.041	  144.77	 99.60
 147.00	 145.91	 9.4346	34.0277	26.2894	 2.59	112.64	0.040	  144.75	 99.60
 148.00	 146.90	 9.4247	34.0344	26.2963	 2.57	111.97	0.040	  144.77	 99.60
 149.00	 147.89	 9.4207	34.0367	26.2987	 2.57	111.93	0.040	  144.76	 99.61
 150.00	 148.88	 9.4193	34.0374	26.2996	 2.56	111.56	0.040	  144.75	 99.61
 151.00	 149.88	 9.4175	34.0386	26.3008	 2.56	111.41	0.041	  144.71	 99.61
 152.00	 150.87	 9.4169	34.0393	26.3014	 2.56	111.24	0.040	  144.68	 99.61
 153.00	 151.86	 9.4161	34.0399	26.3020	 2.55	110.97	0.040	  144.67	 99.62
 154.00	 152.85	 9.4133	34.0413	26.3037	 2.54	110.53	0.040	  144.67	 99.62
 155.00	 153.84	 9.4089	34.0422	26.3050	 2.51	109.05	0.040	  144.63	 99.62
 156.00	 154.84	 9.4041	34.0452	26.3082	 2.45	106.79	0.040	  144.60	 99.62
 157.00	 155.83	 9.4120	34.0536	26.3135	 2.42	105.40	0.040	  144.62	 99.62
 158.00	 156.82	 9.4147	34.0581	26.3166	 2.42	105.21	0.040	  144.64	 99.63
 159.00	 157.81	 9.4142	34.0605	26.3186	 2.40	104.52	0.040	  144.55	 99.63
 160.00	 158.80	 9.4181	34.0618	26.3190	 2.35	102.24	0.041	  144.57	 99.63
 161.00	 159.80	 9.4404	34.0718	26.3232	 2.26	 98.48	0.040	  144.55	 99.64
 162.00	 160.79	 9.4820	34.0853	26.3269	 2.22	 96.67	0.040	  144.59	 99.64
 163.00	 161.78	 9.4821	34.0927	26.3328	 2.24	 97.60	0.040	  144.58	 99.65
 164.00	 162.77	 9.4511	34.0887	26.3347	 2.26	 98.16	0.041	  144.57	 99.66
 165.00	 163.77	 9.4374	34.0882	26.3365	 2.26	 98.15	0.040	  144.55	 99.66
 166.00	 164.76	 9.4233	34.0886	26.3392	 2.26	 98.52	0.039	  144.52	 99.67
 167.00	 165.75	 9.3824	34.0857	26.3436	 2.24	 97.50	0.040	  144.54	 99.67
 168.00	 166.74	 9.3731	34.0899	26.3484	 2.20	 95.75	0.040	  144.56	 99.67
 169.00	 167.73	 9.3646	34.0963	26.3548	 2.18	 94.96	0.040	  144.53	 99.67
 170.00	 168.73	 9.3409	34.0993	26.3610	 2.18	 94.79	0.041	  144.54	 99.68
 171.00	 169.72	 9.3331	34.0990	26.3621	 2.18	 94.96	0.040	  144.52	 99.68
 172.00	 170.71	 9.3181	34.0985	26.3642	 2.18	 94.91	0.041	  144.53	 99.68
 173.00	 171.70	 9.2806	34.0986	26.3703	 2.16	 94.14	0.041	  144.51	 99.68
 174.00	 172.69	 9.2792	34.1027	26.3738	 2.13	 92.78	0.040	  144.53	 99.68
 175.00	 173.69	 9.2853	34.1080	26.3769	 2.10	 91.28	0.040	  144.49	 99.68
 176.00	 174.68	 9.2858	34.1128	26.3806	 2.07	 89.90	0.040	  144.47	 99.68
 177.00	 175.67	 9.2903	34.1169	26.3831	 2.03	 88.12	0.040	  144.48	 99.69
 178.00	 176.66	 9.3023	34.1246	26.3872	 1.99	 86.44	0.040	  144.48	 99.70
 179.00	 177.65	 9.3161	34.1304	26.3896	 1.96	 85.30	0.040	  144.42	 99.71
 180.00	 178.65	 9.3285	34.1346	26.3909	 1.93	 84.01	0.040	  144.44	 99.71
 181.00	 179.64	 9.3300	34.1378	26.3931	 1.89	 82.30	0.041	  144.46	 99.71
 182.00	 180.63	 9.3263	34.1441	26.3987	 1.87	 81.44	0.040	  144.44	 99.72
 183.00	 181.62	 9.3226	34.1472	26.4017	 1.86	 80.81	0.040	  144.50	 99.72
 184.00	 182.61	 9.3225	34.1512	26.4049	 1.85	 80.34	0.040	  144.52	 99.73
 185.00	 183.61	 9.3254	34.1528	26.4057	 1.84	 80.07	0.040	  144.50	 99.73
 186.00	 184.60	 9.3259	34.1533	26.4060	 1.84	 79.90	0.040	  144.44	 99.73
 187.00	 185.59	 9.3273	34.1545	26.4067	 1.83	 79.78	0.041	  144.44	 99.73
 188.00	 186.58	 9.3286	34.1556	26.4074	 1.82	 79.34	0.041	  144.45	 99.74
 189.00	 187.57	 9.3307	34.1565	26.4078	 1.82	 79.10	0.040	  144.42	 99.74
 190.00	 188.57	 9.3326	34.1572	26.4081	 1.81	 78.87	0.040	  144.43	 99.74
 191.00	 189.56	 9.3334	34.1584	26.4089	 1.81	 78.56	0.040	  144.36	 99.75
 192.00	 190.55	 9.3323	34.1604	26.4106	 1.80	 78.33	0.040	  144.34	 99.75
 193.00	 191.54	 9.3289	34.1612	26.4118	 1.80	 78.36	0.040	  144.36	 99.75
 194.00	 192.53	 9.3273	34.1612	26.4121	 1.80	 78.38	0.040	  144.38	 99.76
 195.00	 193.53	 9.3263	34.1612	26.4123	 1.80	 78.29	0.040	  144.38	 99.76
 196.00	 194.52	 9.3239	34.1612	26.4127	 1.80	 78.19	0.040	  144.35	 99.75
 197.00	 195.51	 9.3229	34.1621	26.4136	 1.79	 77.98	0.040	  144.40	 99.76
 198.00	 196.50	 9.3133	34.1619	26.4150	 1.79	 77.73	0.040	  144.39	 99.76
 199.00	 197.49	 9.3036	34.1621	26.4167	 1.78	 77.60	0.040	  144.35	 99.76
 200.00	 198.49	 9.3018	34.1622	26.4171	 1.79	 77.81	0.040	  144.35	 99.76
 201.00	 199.48	 9.2971	34.1621	26.4178	 1.79	 77.70	0.040	  144.35	 99.76
 202.00	 200.47	 9.2927	34.1622	26.4187	 1.77	 77.20	0.040	  144.31	 99.76
 203.00	 201.46	 9.2894	34.1622	26.4192	 1.75	 76.30	0.040	  144.30	 99.76
 204.00	 202.45	 9.2781	34.1644	26.4227	 1.74	 75.60	0.040	  144.30	 99.76
 205.00	 203.45	 9.2706	34.1688	26.4274	 1.73	 75.48	0.040	  144.28	 99.76
 206.00	 204.44	 9.2700	34.1700	26.4285	 1.73	 75.31	0.040	  144.31	 99.76
 207.00	 205.43	 9.2689	34.1703	26.4289	 1.72	 74.87	0.040	  144.26	 99.76
 208.00	 206.42	 9.2684	34.1714	26.4298	 1.71	 74.54	0.040	  144.28	 99.76
 209.00	 207.41	 9.2668	34.1732	26.4315	 1.71	 74.37	0.040	  144.30	 99.76
 210.00	 208.41	 9.2661	34.1734	26.4318	 1.71	 74.34	0.040	  144.28	 99.76
 211.00	 209.40	 9.2642	34.1738	26.4325	 1.70	 74.03	0.039	  144.25	 99.76
 212.00	 210.39	 9.2642	34.1750	26.4334	 1.69	 73.60	0.040	  144.28	 99.76
 213.00	 211.38	 9.2597	34.1763	26.4352	 1.69	 73.47	0.040	  144.27	 99.76
 214.00	 212.37	 9.2450	34.1747	26.4363	 1.69	 73.50	0.040	  144.21	 99.77
 215.00	 213.37	 9.2383	34.1775	26.4396	 1.68	 73.18	0.040	  144.31	 99.77
 216.00	 214.36	 9.2400	34.1782	26.4399	 1.67	 72.51	0.040	  144.31	 99.77
 217.00	 215.35	 9.2389	34.1788	26.4406	 1.64	 71.39	0.040	  144.18	 99.77
 218.00	 216.34	 9.2358	34.1809	26.4428	 1.61	 70.24	0.040	  144.25	 99.77
 219.00	 217.33	 9.2354	34.1844	26.4456	 1.59	 69.27	0.040	  144.27	 99.77
 220.00	 218.32	 9.2446	34.1902	26.4486	 1.58	 68.67	0.039	  144.23	 99.77
 221.00	 219.32	 9.2379	34.1918	26.4510	 1.57	 68.30	0.040	  144.21	 99.78
 222.00	 220.31	 9.2356	34.1935	26.4527	 1.56	 67.91	0.040	  144.22	 99.78
 223.00	 221.30	 9.2335	34.1950	26.4542	 1.55	 67.55	0.040	  144.22	 99.78
 224.00	 222.29	 9.2324	34.1956	26.4549	 1.55	 67.38	0.040	  144.25	 99.78
 225.00	 223.28	 9.2310	34.1967	26.4560	 1.54	 67.21	0.040	  144.23	 99.78
 226.00	 224.28	 9.2294	34.1980	26.4573	 1.55	 67.24	0.040	  144.24	 99.78
 227.00	 225.27	 9.2257	34.1982	26.4581	 1.55	 67.32	0.040	  144.25	 99.78
 228.00	 226.26	 9.2245	34.1988	26.4587	 1.54	 67.13	0.040	  144.20	 99.78
 229.00	 227.25	 9.2242	34.1987	26.4588	 1.54	 67.20	0.040	  144.20	 99.78
 230.00	 228.24	 9.2205	34.1983	26.4591	 1.55	 67.32	0.040	  144.20	 99.79
 231.00	 229.24	 9.2183	34.1983	26.4594	 1.55	 67.31	0.040	  144.19	 99.79
 232.00	 230.23	 9.2082	34.1976	26.4605	 1.55	 67.50	0.040	  144.16	 99.79
 233.00	 231.22	 9.2012	34.1978	26.4618	 1.56	 67.69	0.040	  144.19	 99.79
 234.00	 232.21	 9.2002	34.1976	26.4618	 1.55	 67.60	0.040	  144.22	 99.78
 235.00	 233.20	 9.1990	34.1975	26.4620	 1.55	 67.51	0.040	  144.23	 99.79
 236.00	 234.19	 9.1980	34.1975	26.4621	 1.55	 67.51	0.040	  144.17	 99.79
 237.00	 235.19	 9.1993	34.1976	26.4620	 1.55	 67.38	0.040	  144.20	 99.79
 238.00	 236.18	 9.2016	34.1977	26.4617	 1.55	 67.41	0.040	  144.16	 99.79
 239.00	 237.17	 9.2008	34.1976	26.4618	 1.55	 67.48	0.040	  144.14	 99.79
 240.00	 238.16	 9.1914	34.1968	26.4627	 1.54	 67.22	0.040	  144.15	 99.79
 241.00	 239.15	 9.1813	34.1974	26.4648	 1.53	 66.66	0.041	  144.19	 99.79
 242.00	 240.14	 9.1803	34.2005	26.4674	 1.53	 66.47	0.040	  144.13	 99.79
 243.00	 241.14	 9.1818	34.2015	26.4680	 1.53	 66.64	0.040	  144.12	 99.79
 244.00	 242.13	 9.1818	34.2013	26.4679	 1.54	 66.79	0.040	  144.11	 99.79
 245.00	 243.12	 9.1812	34.2009	26.4677	 1.53	 66.71	0.040	  144.13	 99.79
 246.00	 244.11	 9.1811	34.2002	26.4672	 1.53	 66.36	0.040	  144.14	 99.79
 247.00	 245.10	 9.1818	34.2018	26.4683	 1.52	 66.13	0.040	  144.10	 99.80
 248.00	 246.09	 9.1832	34.2035	26.4694	 1.52	 66.19	0.040	  144.09	 99.80
 249.00	 247.09	 9.1835	34.2040	26.4697	 1.52	 66.10	0.041	  144.11	 99.79
 250.00	 248.08	 9.1840	34.2046	26.4702	 1.52	 65.94	0.040	  144.09	 99.79
 251.00	 249.07	 9.1803	34.2047	26.4709	 1.51	 65.90	0.040	  144.09	 99.80
 252.00	 250.06	 9.1721	34.2050	26.4725	 1.51	 65.75	0.040	  144.08	 99.80
 253.00	 251.05	 9.1690	34.2050	26.4730	 1.51	 65.48	0.040	  144.08	 99.80
 254.00	 252.05	 9.1712	34.2056	26.4731	 1.50	 65.25	0.040	  144.00	 99.80
 255.00	 253.04	 9.1649	34.2049	26.4736	 1.50	 65.26	0.040	  144.09	 99.80
 256.00	 254.03	 9.1491	34.2064	26.4773	 1.50	 65.16	0.040	  144.07	 99.80
 257.00	 255.02	 9.1432	34.2060	26.4779	 1.49	 64.99	0.040	  144.07	 99.80
 258.00	 256.01	 9.1391	34.2062	26.4788	 1.49	 64.93	0.040	  144.06	 99.80
 259.00	 257.00	 9.1332	34.2058	26.4794	 1.49	 64.81	0.040	  144.07	 99.80
 260.00	 258.00	 9.1275	34.2060	26.4805	 1.48	 64.49	0.041	  144.01	 99.80
 261.00	 258.99	 9.1242	34.2068	26.4817	 1.47	 63.96	0.040	  144.06	 99.80
 262.00	 259.98	 9.1229	34.2095	26.4840	 1.46	 63.54	0.040	  144.07	 99.80
 263.00	 260.97	 9.1244	34.2109	26.4849	 1.45	 63.23	0.040	  144.07	 99.80
 264.00	 261.96	 9.1236	34.2113	26.4854	 1.45	 63.06	0.040	  144.02	 99.80
 265.00	 262.95	 9.1239	34.2130	26.4867	 1.45	 62.88	0.040	  144.01	 99.80
 266.00	 263.95	 9.1158	34.2118	26.4871	 1.44	 62.74	0.040	  144.01	 99.80
 267.00	 264.94	 9.1053	34.2138	26.4903	 1.45	 63.07	0.040	  144.03	 99.80
 268.00	 265.93	 9.1001	34.2131	26.4906	 1.45	 63.15	0.040	  144.04	 99.80
 269.00	 266.92	 9.0861	34.2130	26.4927	 1.45	 63.13	0.041	  143.99	 99.80
 270.00	 267.91	 9.0814	34.2123	26.4930	 1.45	 63.30	0.040	  144.06	 99.81
 271.00	 268.90	 9.0745	34.2116	26.4936	 1.46	 63.55	0.040	  144.08	 99.80
 272.00	 269.89	 9.0664	34.2107	26.4941	 1.46	 63.56	0.040	  144.02	 99.81
 273.00	 270.89	 9.0665	34.2112	26.4946	 1.45	 63.15	0.040	  144.01	 99.80
 274.00	 271.88	 9.0669	34.2113	26.4946	 1.44	 62.84	0.040	  143.94	 99.81
 275.00	 272.87	 9.0647	34.2113	26.4949	 1.44	 62.61	0.040	  143.95	 99.80
 276.00	 273.86	 9.0650	34.2120	26.4955	 1.42	 61.95	0.040	  143.56	 99.81
 277.00	 274.85	 9.0691	34.2134	26.4959	 1.40	 61.03	0.040	  143.64	 99.80
 278.00	 275.84	 9.0755	34.2162	26.4971	 1.38	 59.94	0.041	  143.74	 99.81
 279.00	 276.84	 9.0863	34.2200	26.4984	 1.35	 58.74	0.040	  143.79	 99.81
 280.00	 277.83	 9.0969	34.2256	26.5011	 1.33	 57.83	0.040	  143.75	 99.81
 281.00	 278.82	 9.1222	34.2327	26.5026	 1.33	 57.70	0.040	  143.81	 99.81
 282.00	 279.81	 9.1236	34.2328	26.5025	 1.33	 57.65	0.040	  143.80	 99.81
 283.00	 280.80	 9.1233	34.2333	26.5030	 1.32	 57.49	0.040	  143.77	 99.82
 284.00	 281.79	 9.1256	34.2347	26.5037	 1.31	 57.11	0.040	  143.77	 99.83
 285.00	 282.79	 9.1250	34.2355	26.5045	 1.30	 56.49	0.040	  143.74	 99.83
 286.00	 283.78	 9.1241	34.2377	26.5063	 1.30	 56.63	0.041	  143.81	 99.83
 287.00	 284.77	 9.1275	34.2391	26.5069	 1.32	 57.57	0.041	  143.81	 99.83
 288.00	 285.76	 9.0925	34.2349	26.5092	 1.37	 59.54	0.040	  143.80	 99.83
 289.00	 286.75	 9.0422	34.2269	26.5110	 1.42	 61.78	0.040	  143.79	 99.83
 290.00	 287.74	 8.9433	34.2115	26.5146	 1.44	 62.61	0.040	  143.78	 99.83
 291.00	 288.73	 8.8801	34.2090	26.5227	 1.40	 60.70	0.040	  143.81	 99.83
 292.00	 289.73	 8.8638	34.2075	26.5240	 1.32	 57.24	0.040	  143.79	 99.83
 293.00	 290.72	 8.8864	34.2247	26.5340	 1.27	 55.16	0.040	  143.79	 99.83
 294.00	 291.71	 8.9019	34.2323	26.5375	 1.26	 54.72	0.042	  143.79	 99.83
 295.00	 292.70	 8.9044	34.2350	26.5392	 1.26	 54.64	0.040	  143.79	 99.83
 296.00	 293.69	 8.9058	34.2359	26.5398	 1.23	 53.56	0.040	  143.82	 99.83
 297.00	 294.68	 8.9055	34.2358	26.5398	 1.18	 51.31	0.040	  143.77	 99.83
 298.00	 295.68	 8.9215	34.2484	26.5471	 1.15	 49.85	0.040	  143.80	 99.83
 299.00	 296.67	 8.9327	34.2554	26.5509	 1.14	 49.64	0.041	  143.72	 99.83
 300.00	 297.66	 8.9546	34.2612	26.5520	 1.16	 50.52	0.042	  143.75	 99.84
 301.00	 298.65	 8.9395	34.2568	26.5509	 1.18	 51.40	0.042	  143.77	 99.84
 302.00	 299.64	 8.9065	34.2519	26.5523	 1.19	 51.96	0.042	  143.78	 99.85
 303.00	 300.63	 8.9010	34.2502	26.5519	 1.20	 52.32	0.042	  143.76	 99.85
 304.00	 301.62	 8.8816	34.2473	26.5526	 1.20	 52.15	0.042	  143.80	 99.85
 305.00	 302.62	 8.8713	34.2462	26.5534	 1.19	 51.91	0.041	  143.79	 99.85
 306.00	 303.61	 8.8731	34.2473	26.5540	 1.19	 51.62	0.040	  143.80	 99.85
 307.00	 304.60	 8.8752	34.2486	26.5547	 1.18	 51.41	0.040	  143.80	 99.85
 308.00	 305.59	 8.8742	34.2487	26.5550	 1.18	 51.41	0.040	  143.82	 99.85
 309.00	 306.58	 8.8696	34.2483	26.5554	 1.18	 51.37	0.040	  143.77	 99.85
 310.00	 307.57	 8.8663	34.2480	26.5557	 1.18	 51.13	0.041	  143.79	 99.85
 311.00	 308.56	 8.8706	34.2496	26.5563	 1.17	 50.74	0.041	  143.85	 99.85
 312.00	 309.56	 8.8728	34.2502	26.5564	 1.16	 50.43	0.040	  143.85	 99.85
 313.00	 310.55	 8.8811	34.2535	26.5577	 1.16	 50.28	0.040	  143.87	 99.85
 314.00	 311.54	 8.8859	34.2537	26.5571	 1.15	 50.06	0.040	  143.83	 99.85
 315.00	 312.53	 8.8835	34.2544	26.5581	 1.14	 49.74	0.040	  143.83	 99.85
 316.00	 313.52	 8.8936	34.2563	26.5580	 1.14	 49.42	0.042	  143.78	 99.85
 317.00	 314.51	 8.8930	34.2565	26.5582	 1.12	 48.93	0.040	  143.81	 99.85
 318.00	 315.50	 8.8943	34.2581	26.5594	 1.12	 48.69	0.040	  143.87	 99.85
 319.00	 316.50	 8.8981	34.2603	26.5605	 1.11	 48.36	0.042	  143.90	 99.85
 320.00	 317.49	 8.9012	34.2609	26.5605	 1.10	 47.85	0.042	  143.88	 99.85
 321.00	 318.48	 8.9020	34.2640	26.5628	 1.10	 47.71	0.041	  143.85	 99.85
 322.00	 319.47	 8.8995	34.2662	26.5650	 1.10	 47.71	0.041	  143.83	 99.85
 323.00	 320.46	 8.8983	34.2660	26.5650	 1.09	 47.54	0.042	  143.91	 99.85
 324.00	 321.45	 8.8985	34.2665	26.5654	 1.09	 47.56	0.041	  143.80	 99.85
 325.00	 322.44	 8.8993	34.2667	26.5654	 1.10	 47.66	0.041	  143.88	 99.85
 326.00	 323.44	 8.8989	34.2669	26.5656	 1.10	 47.85	0.042	  143.86	 99.86
 327.00	 324.43	 8.8919	34.2649	26.5652	 1.10	 47.97	0.042	  143.81	 99.86
 328.00	 325.42	 8.8848	34.2645	26.5660	 1.11	 48.40	0.042	  143.81	 99.86
 329.00	 326.41	 8.8833	34.2640	26.5659	 1.13	 49.15	0.041	  143.86	 99.86
 330.00	 327.40	 8.8722	34.2606	26.5650	 1.14	 49.72	0.041	  143.83	 99.86
 331.00	 328.39	 8.8397	34.2546	26.5654	 1.15	 49.88	0.041	  143.86	 99.86
 332.00	 329.38	 8.8271	34.2526	26.5658	 1.14	 49.72	0.041	  143.84	 99.86
 333.00	 330.37	 8.8183	34.2528	26.5674	 1.14	 49.57	0.042	  143.87	 99.86
 334.00	 331.37	 8.8183	34.2529	26.5675	 1.13	 49.27	0.041	  143.87	 99.85
 335.00	 332.36	 8.8167	34.2532	26.5680	 1.13	 49.10	0.040	  143.79	 99.85
 336.00	 333.35	 8.8095	34.2533	26.5692	 1.13	 49.23	0.041	  143.85	 99.85
 337.00	 334.34	 8.8103	34.2529	26.5688	 1.14	 49.56	0.040	  143.78	 99.86
 338.00	 335.33	 8.8112	34.2526	26.5684	 1.14	 49.75	0.040	  143.82	 99.85
 339.00	 336.32	 8.8159	34.2527	26.5678	 1.14	 49.78	0.040	  143.85	 99.85
 340.00	 337.31	 8.8127	34.2521	26.5678	 1.14	 49.65	0.040	  143.80	 99.85
 341.00	 338.30	 8.8076	34.2519	26.5685	 1.14	 49.65	0.041	  143.79	 99.86
 342.00	 339.30	 8.8015	34.2511	26.5689	 1.14	 49.56	0.042	  143.83	 99.85
 343.00	 340.29	 8.8021	34.2515	26.5691	 1.13	 49.36	0.040	  143.79	 99.85
 344.00	 341.28	 8.8015	34.2520	26.5696	 1.13	 49.28	0.040	  143.89	 99.85
 345.00	 342.27	 8.8009	34.2527	26.5702	 1.13	 49.27	0.041	  143.84	 99.85
 346.00	 343.26	 8.8010	34.2528	26.5703	 1.13	 49.16	0.040	  143.86	 99.85
 347.00	 344.25	 8.7998	34.2530	26.5706	 1.13	 49.11	0.040	  143.81	 99.85
 348.00	 345.24	 8.7966	34.2532	26.5713	 1.13	 49.00	0.040	  143.81	 99.86
 349.00	 346.23	 8.7962	34.2537	26.5718	 1.13	 49.10	0.041	  143.74	 99.86
 350.00	 347.23	 8.7941	34.2532	26.5718	 1.13	 49.16	0.041	  143.78	 99.85
 351.00	 348.22	 8.7930	34.2530	26.5718	 1.13	 49.12	0.040	  143.72	 99.86
 352.00	 349.21	 8.7930	34.2530	26.5718	 1.13	 49.22	0.040	  143.76	 99.85
 353.00	 350.20	 8.7849	34.2520	26.5723	 1.14	 49.49	0.040	  143.68	 99.86
 354.00	 351.19	 8.7805	34.2519	26.5729	 1.15	 49.89	0.040	  143.68	 99.85
 355.00	 352.18	 8.7759	34.2501	26.5723	 1.15	 49.94	0.040	  143.66	 99.86
 356.00	 353.17	 8.7203	34.2445	26.5765	 1.14	 49.80	0.040	  143.70	 99.86
 357.00	 354.16	 8.7044	34.2465	26.5806	 1.14	 49.72	0.040	  143.66	 99.86
 358.00	 355.16	 8.7039	34.2466	26.5808	 1.14	 49.56	0.040	  143.72	 99.85
 359.00	 356.15	 8.7037	34.2467	26.5809	 1.13	 49.30	0.040	  143.76	 99.85
 360.00	 357.14	 8.7040	34.2467	26.5809	 1.12	 48.60	0.040	  143.75	 99.85
 361.00	 358.13	 8.6860	34.2459	26.5831	 1.10	 47.92	0.041	  143.77	 99.85
 362.00	 359.12	 8.6630	34.2492	26.5892	 1.09	 47.31	0.040	  143.77	 99.86
 363.00	 360.11	 8.6523	34.2508	26.5921	 1.08	 46.84	0.040	  143.84	 99.85
 364.00	 361.10	 8.6375	34.2533	26.5964	 1.08	 47.00	0.040	  143.76	 99.87
 365.00	 362.09	 8.6344	34.2531	26.5968	 1.08	 47.19	0.041	  143.87	 99.86
 366.00	 363.09	 8.6323	34.2528	26.5969	 1.08	 47.17	0.041	  143.82	 99.87
 367.00	 364.08	 8.6312	34.2530	26.5972	 1.08	 47.19	0.040	  143.78	 99.87
 368.00	 365.07	 8.6290	34.2524	26.5971	 1.08	 47.14	0.041	  143.76	 99.87
 369.00	 366.06	 8.6272	34.2526	26.5976	 1.08	 47.05	0.042	  143.84	 99.87
 370.00	 367.05	 8.6269	34.2527	26.5977	 1.08	 47.07	0.041	  143.81	 99.87
 371.00	 368.04	 8.6259	34.2528	26.5979	 1.08	 46.95	0.041	  143.80	 99.88
 372.00	 369.03	 8.6263	34.2531	26.5981	 1.07	 46.41	0.042	  143.78	 99.87
 373.00	 370.02	 8.6078	34.2519	26.6001	 1.05	 45.87	0.042	  143.76	 99.87
 374.00	 371.01	 8.5771	34.2538	26.6063	 1.05	 45.83	0.042	  143.75	 99.88
 375.00	 372.01	 8.5710	34.2541	26.6075	 1.04	 45.39	0.042	  143.72	 99.88
 376.00	 373.00	 8.5596	34.2539	26.6092	 1.02	 44.57	0.042	  143.70	 99.88
 377.00	 373.99	 8.5298	34.2551	26.6147	 1.02	 44.43	0.042	  143.76	 99.88
 378.00	 374.98	 8.4925	34.2557	26.6208	 1.03	 44.75	0.041	  143.80	 99.88
 379.00	 375.97	 8.4769	34.2537	26.6217	 1.03	 45.02	0.040	  143.76	 99.88
 380.00	 376.96	 8.4548	34.2509	26.6229	 1.04	 45.13	0.040	  143.82	 99.88
 381.00	 377.95	 8.4314	34.2490	26.6250	 1.04	 45.18	0.042	  143.79	 99.88
 382.00	 378.94	 8.4240	34.2493	26.6264	 1.04	 45.10	0.040	  143.82	 99.88
 383.00	 379.93	 8.4170	34.2494	26.6275	 1.04	 45.05	0.041	  143.81	 99.88
 384.00	 380.93	 8.4091	34.2489	26.6284	 1.04	 45.06	0.041	  143.80	 99.88
 385.00	 381.92	 8.4047	34.2490	26.6292	 1.04	 45.05	0.041	  143.80	 99.88
 386.00	 382.91	 8.4033	34.2485	26.6289	 1.03	 44.91	0.041	  143.81	 99.88
 387.00	 383.90	 8.3895	34.2477	26.6304	 1.02	 44.53	0.041	  143.75	 99.88
 388.00	 384.89	 8.3719	34.2485	26.6338	 1.02	 44.24	0.041	  143.78	 99.88
 389.00	 385.88	 8.3686	34.2492	26.6348	 1.01	 43.74	0.041	  143.76	 99.88
 390.00	 386.87	 8.3663	34.2491	26.6351	 0.99	 43.26	0.041	  143.72	 99.88
 391.00	 387.86	 8.3501	34.2507	26.6388	 0.99	 43.25	0.040	  143.77	 99.88
 392.00	 388.85	 8.3446	34.2513	26.6401	 0.99	 43.27	0.040	  143.73	 99.88
 393.00	 389.84	 8.3483	34.2512	26.6395	 0.99	 43.03	0.040	  143.72	 99.88
 394.00	 390.84	 8.3386	34.2511	26.6409	 0.98	 42.81	0.041	  143.78	 99.88
 395.00	 391.83	 8.3304	34.2516	26.6426	 0.98	 42.80	0.041	  143.83	 99.88
 396.00	 392.82	 8.3271	34.2515	26.6431	 0.98	 42.72	0.040	  143.80	 99.88
 397.00	 393.81	 8.3231	34.2520	26.6440	 0.98	 42.73	0.041	  143.77	 99.88
 398.00	 394.80	 8.3220	34.2521	26.6443	 0.98	 42.68	0.041	  143.75	 99.88
 399.00	 395.79	 8.3204	34.2516	26.6442	 0.98	 42.69	0.040	  143.75	 99.88
 400.00	 396.78	 8.3188	34.2518	26.6446	 0.98	 42.50	0.040	  143.79	 99.88
 401.00	 397.77	 8.3187	34.2519	26.6447	 0.97	 42.24	0.040	  143.74	 99.88
 402.00	 398.76	 8.3159	34.2520	26.6452	 0.97	 42.24	0.040	  143.70	 99.88
 403.00	 399.75	 8.3035	34.2520	26.6471	 0.97	 42.21	0.041	  143.74	 99.88
 404.00	 400.75	 8.3013	34.2521	26.6475	 0.97	 42.22	0.040	  143.74	 99.88
 405.00	 401.74	 8.3019	34.2524	26.6477	 0.97	 42.34	0.040	  143.71	 99.88
 406.00	 402.73	 8.2944	34.2514	26.6481	 0.97	 42.33	0.040	  143.68	 99.88
 407.00	 403.72	 8.2850	34.2508	26.6490	 0.97	 42.37	0.040	  143.68	 99.88
 408.00	 404.71	 8.2779	34.2502	26.6496	 0.97	 42.30	0.040	  143.72	 99.88
 409.00	 405.70	 8.2764	34.2505	26.6501	 0.96	 41.85	0.040	  143.75	 99.89
 410.00	 406.69	 8.2770	34.2511	26.6505	 0.95	 41.26	0.040	  143.67	 99.89
 411.00	 407.68	 8.2700	34.2530	26.6531	 0.94	 41.08	0.040	  143.64	 99.89
 412.00	 408.67	 8.2598	34.2540	26.6554	 0.94	 41.03	0.040	  143.65	 99.88
 413.00	 409.66	 8.2556	34.2540	26.6560	 0.95	 41.12	0.040	  143.69	 99.88
 414.00	 410.66	 8.2190	34.2501	26.6585	 0.95	 41.33	0.041	  143.68	 99.88
 415.00	 411.65	 8.1807	34.2470	26.6618	 0.95	 41.38	0.041	  143.63	 99.89
 416.00	 412.64	 8.1332	34.2436	26.6663	 0.95	 41.15	0.040	  143.67	 99.88
 417.00	 413.63	 8.1240	34.2460	26.6695	 0.93	 40.59	0.040	  143.72	 99.89
 418.00	 414.62	 8.1258	34.2475	26.6705	 0.92	 40.00	0.041	  143.69	 99.89
 419.00	 415.61	 8.1317	34.2507	26.6721	 0.91	 39.45	0.042	  143.70	 99.89
 420.00	 416.60	 8.1331	34.2520	26.6730	 0.89	 38.83	0.042	  143.73	 99.89
 421.00	 417.59	 8.1376	34.2561	26.6755	 0.89	 38.52	0.042	  143.70	 99.89
 422.00	 418.58	 8.1403	34.2576	26.6763	 0.88	 38.32	0.042	  143.69	 99.89
 423.00	 419.57	 8.1421	34.2590	26.6771	 0.87	 38.01	0.042	  143.66	 99.89
 424.00	 420.56	 8.1422	34.2595	26.6775	 0.87	 37.69	0.042	  143.65	 99.90
 425.00	 421.56	 8.1366	34.2583	26.6775	 0.86	 37.32	0.042	  143.69	 99.90
 426.00	 422.55	 8.0788	34.2580	26.6858	 0.85	 36.87	0.041	  143.64	 99.90
 427.00	 423.54	 8.0417	34.2560	26.6898	 0.84	 36.61	0.040	  143.70	 99.90
 428.00	 424.53	 7.9966	34.2572	26.6974	 0.84	 36.49	0.041	  143.69	 99.90
 429.00	 425.52	 7.9938	34.2578	26.6983	 0.84	 36.39	0.041	  143.70	 99.90
 430.00	 426.51	 7.9718	34.2561	26.7002	 0.83	 36.31	0.040	  143.66	 99.90
 431.00	 427.50	 7.9622	34.2567	26.7021	 0.83	 36.08	0.042	  143.73	 99.90
 432.00	 428.49	 7.9541	34.2568	26.7034	 0.82	 35.75	0.041	  143.74	 99.90
 433.00	 429.48	 7.9456	34.2573	26.7051	 0.82	 35.59	0.040	  143.79	 99.90
 434.00	 430.47	 7.9399	34.2586	26.7070	 0.81	 35.43	0.040	  143.75	 99.90
 435.00	 431.46	 7.9419	34.2595	26.7074	 0.81	 35.33	0.041	  143.71	 99.90
 436.00	 432.45	 7.9428	34.2595	26.7073	 0.81	 35.24	0.041	  143.67	 99.90
 437.00	 433.45	 7.9447	34.2601	26.7075	 0.81	 35.15	0.040	  143.65	 99.90
 438.00	 434.44	 7.9450	34.2609	26.7081	 0.80	 34.95	0.041	  143.65	 99.90
 439.00	 435.43	 7.9454	34.2618	26.7087	 0.80	 34.96	0.041	  143.67	 99.90
 440.00	 436.42	 7.9445	34.2620	26.7090	 0.80	 34.93	0.040	  143.65	 99.90
 441.00	 437.41	 7.9433	34.2618	26.7091	 0.80	 34.93	0.040	  143.70	 99.90
 442.00	 438.40	 7.9364	34.2610	26.7095	 0.81	 35.07	0.040	  143.70	 99.91
 443.00	 439.39	 7.9334	34.2610	26.7100	 0.81	 35.10	0.041	  143.67	 99.90
 444.00	 440.38	 7.9329	34.2609	26.7099	 0.81	 35.20	0.041	  143.64	 99.91
 445.00	 441.37	 7.9260	34.2598	26.7101	 0.81	 35.22	0.040	  143.67	 99.91
 446.00	 442.36	 7.9221	34.2599	26.7107	 0.81	 35.18	0.041	  143.71	 99.90
 447.00	 443.35	 7.9145	34.2588	26.7110	 0.81	 35.22	0.041	  143.69	 99.90
 448.00	 444.34	 7.9019	34.2578	26.7121	 0.81	 35.17	0.041	  143.73	 99.90
 449.00	 445.34	 7.8937	34.2577	26.7133	 0.80	 34.88	0.042	  143.70	 99.90
 450.00	 446.33	 7.8864	34.2575	26.7142	 0.80	 34.77	0.041	  143.64	 99.90
 451.00	 447.32	 7.8757	34.2582	26.7163	 0.80	 34.70	0.041	  143.68	 99.90
 452.00	 448.31	 7.8704	34.2588	26.7176	 0.80	 34.63	0.040	  143.67	 99.91
 453.00	 449.30	 7.8709	34.2588	26.7175	 0.80	 34.63	0.040	  143.61	 99.90
 454.00	 450.29	 7.8707	34.2589	26.7176	 0.80	 34.63	0.040	  143.69	 99.91
 455.00	 451.28	 7.8713	34.2590	26.7177	 0.79	 34.58	0.041	  143.68	 99.90
 456.00	 452.27	 7.8712	34.2591	26.7177	 0.79	 34.56	0.040	  143.67	 99.91
 457.00	 453.26	 7.8715	34.2590	26.7177	 0.79	 34.57	0.042	  143.61	 99.91
 458.00	 454.25	 7.8725	34.2590	26.7175	 0.78	 34.13	0.041	  143.67	 99.91
 459.00	 455.24	 7.8721	34.2590	26.7176	 0.76	 33.04	0.040	  143.63	 99.91
 460.00	 456.23	 7.8231	34.2579	26.7239	 0.74	 32.13	0.041	  143.62	 99.91
 461.00	 457.22	 7.7773	34.2609	26.7329	 0.73	 31.71	0.042	  143.66	 99.91
 462.00	 458.21	 7.7504	34.2649	26.7400	 0.73	 31.75	0.041	  143.71	 99.91
 463.00	 459.21	 7.7487	34.2647	26.7401	 0.73	 31.83	0.041	  143.69	 99.91
 464.00	 460.20	 7.7479	34.2648	26.7403	 0.73	 31.89	0.041	  143.69	 99.92
 465.00	 461.19	 7.7489	34.2650	26.7403	 0.74	 31.97	0.040	  143.64	 99.93
 466.00	 462.18	 7.7446	34.2643	26.7404	 0.73	 31.88	0.040	  143.65	 99.92
 467.00	 463.17	 7.7451	34.2647	26.7407	 0.73	 31.71	0.041	  143.65	 99.92
 468.00	 464.16	 7.7476	34.2651	26.7406	 0.73	 31.82	0.041	  143.66	 99.93
 469.00	 465.15	 7.7467	34.2649	26.7406	 0.73	 31.89	0.040	  143.62	 99.93
 470.00	 466.14	 7.7377	34.2633	26.7407	 0.74	 32.01	0.040	  143.65	 99.93
 471.00	 467.13	 7.7319	34.2636	26.7418	 0.74	 32.18	0.040	  143.63	 99.93
 472.00	 468.12	 7.7246	34.2622	26.7417	 0.74	 32.05	0.040	  143.60	 99.93
 473.00	 469.11	 7.7161	34.2621	26.7429	 0.73	 31.82	0.041	  143.62	 99.93
 474.00	 470.10	 7.7172	34.2632	26.7436	 0.73	 31.74	0.040	  143.62	 99.93
 475.00	 471.09	 7.7195	34.2640	26.7439	 0.73	 31.70	0.040	  143.63	 99.93
 476.00	 472.08	 7.7191	34.2637	26.7438	 0.72	 31.46	0.040	  143.55	 99.93
 477.00	 473.07	 7.7137	34.2643	26.7450	 0.72	 31.24	0.040	  143.64	 99.93
 478.00	 474.07	 7.7118	34.2651	26.7459	 0.71	 30.99	0.040	  143.56	 99.93
 479.00	 475.06	 7.7105	34.2655	26.7465	 0.70	 30.64	0.042	  143.60	 99.93
 480.00	 476.05	 7.7062	34.2670	26.7483	 0.70	 30.35	0.041	  143.61	 99.93
 481.00	 477.04	 7.7073	34.2683	26.7492	 0.70	 30.26	0.040	  143.62	 99.92
 482.00	 478.03	 7.7045	34.2690	26.7502	 0.70	 30.40	0.041	  143.58	 99.93
 483.00	 479.02	 7.6808	34.2679	26.7527	 0.70	 30.50	0.041	  143.59	 99.93
 484.00	 480.01	 7.6629	34.2653	26.7533	 0.70	 30.41	0.041	  143.59	 99.93
 485.00	 481.00	 7.6178	34.2633	26.7582	 0.70	 30.25	0.042	  143.55	 99.93
 486.00	 481.99	 7.5920	34.2636	26.7621	 0.69	 30.16	0.041	  143.51	 99.93
 487.00	 482.98	 7.5805	34.2628	26.7632	 0.69	 29.93	0.041	  143.62	 99.93
 488.00	 483.97	 7.5677	34.2628	26.7650	 0.68	 29.70	0.042	  143.56	 99.93
 489.00	 484.96	 7.5488	34.2633	26.7681	 0.68	 29.52	0.042	  143.58	 99.93
 490.00	 485.95	 7.5387	34.2639	26.7700	 0.68	 29.44	0.042	  143.58	 99.93
 491.00	 486.94	 7.5365	34.2641	26.7705	 0.67	 29.35	0.042	  143.63	 99.93
 492.00	 487.93	 7.5331	34.2645	26.7713	 0.67	 29.31	0.041	  143.60	 99.93
 493.00	 488.92	 7.5316	34.2652	26.7721	 0.67	 29.24	0.041	  143.54	 99.93
 494.00	 489.91	 7.5309	34.2652	26.7722	 0.67	 29.20	0.041	  143.52	 99.93
 495.00	 490.91	 7.5305	34.2655	26.7725	 0.67	 29.11	0.040	  143.57	 99.93
 496.00	 491.90	 7.5300	34.2652	26.7724	 0.67	 29.02	0.042	  143.55	 99.93
 497.00	 492.89	 7.5216	34.2653	26.7737	 0.66	 28.80	0.042	  143.47	 99.93
 498.00	 493.88	 7.5140	34.2656	26.7750	 0.66	 28.60	0.040	  143.56	 99.93
 499.00	 494.87	 7.5052	34.2661	26.7767	 0.66	 28.56	0.040	  143.46	 99.93
 500.00	 495.86	 7.4932	34.2666	26.7788	 0.66	 28.53	0.041	  143.46	 99.93
 501.00	 496.85	 7.4919	34.2668	26.7791	 0.65	 28.28	0.042	  143.49	 99.93
 502.00	 497.84	 7.4837	34.2664	26.7800	 0.65	 28.21	0.042	  143.56	 99.93
 503.00	 498.83	 7.4760	34.2666	26.7813	 0.65	 28.36	0.041	  143.53	 99.93
 504.00	 499.82	 7.4676	34.2661	26.7821	 0.65	 28.40	0.041	  143.54	 99.93
 505.00	 500.81	 7.4594	34.2661	26.7833	 0.65	 28.29	0.041	  143.50	 99.93
 506.00	 501.80	 7.4590	34.2663	26.7835	 0.65	 28.20	0.040	  143.53	 99.93
 507.00	 502.79	 7.4614	34.2665	26.7833	 0.65	 28.22	0.040	  143.55	 99.93
 508.00	 503.78	 7.4563	34.2660	26.7837	 0.65	 28.29	0.040	  143.52	 99.93
 509.00	 504.77	 7.4578	34.2662	26.7836	 0.65	 28.26	0.040	  143.50	 99.93
 510.00	 505.76	 7.4445	34.2650	26.7846	 0.65	 28.13	0.040	  143.55	 99.93
 511.00	 506.75	 7.4392	34.2658	26.7860	 0.65	 28.06	0.040	  143.50	 99.93
 512.00	 507.74	 7.4414	34.2654	26.7854	 0.65	 28.22	0.041	  143.53	 99.93
 513.00	 508.73	 7.4385	34.2656	26.7860	 0.65	 28.26	0.042	  143.55	 99.93
 514.00	 509.72	 7.4399	34.2656	26.7858	 0.65	 28.20	0.041	  143.55	 99.93
 515.00	 510.72	 7.4402	34.2657	26.7858	 0.65	 28.16	0.040	  143.51	 99.93
 516.00	 511.71	 7.4407	34.2657	26.7857	 0.65	 28.09	0.041	  143.49	 99.93
 517.00	 512.70	 7.4353	34.2652	26.7861	 0.65	 28.16	0.042	  143.48	 99.93
 518.00	 513.69	 7.4326	34.2654	26.7867	 0.65	 28.14	0.041	  143.50	 99.93
 519.00	 514.68	 7.4308	34.2653	26.7869	 0.64	 27.97	0.041	  143.49	 99.51
 520.00	 515.67	 7.4268	34.2652	26.7874	 0.64	 27.88	0.040	  143.47	 99.13
 521.00	 516.66	 7.4206	34.2652	26.7883	 0.64	 27.89	0.040	  143.51	 98.67
 522.00	 517.65	 7.4133	34.2656	26.7897	 0.64	 27.78	0.040	  143.48	 97.99
 523.00	 518.64	 7.4088	34.2655	26.7902	 0.64	 27.78	0.041	  143.43	 96.38
 524.00	 519.63	 7.4086	34.2657	26.7904	 0.64	 27.74	0.040	  143.50	 94.38
 525.00	 520.62	 7.4080	34.2656	26.7904	 0.64	 27.68	0.040	  143.47	 93.28
 526.00	 521.61	 7.4001	34.2652	26.7912	 0.63	 27.32	0.040	  143.37	 92.29
 527.00	 522.60	 7.3733	34.2642	26.7943	 0.62	 26.89	0.040	  143.40	 91.30
 528.00	 523.59	 7.3448	34.2664	26.8000	 0.61	 26.46	0.041	  143.39	 90.28
 529.00	 524.58	 7.3300	34.2663	26.8020	 0.60	 26.27	0.042	  143.33	 89.36
 530.00	 525.57	 7.3151	34.2675	26.8050	 0.60	 25.99	0.041	  143.33	 88.35
 531.00	 526.56	 7.3052	34.2695	26.8080	 0.59	 25.75	0.041	  143.33	 87.37
 532.00	 527.55	 7.3028	34.2702	26.8090	 0.59	 25.83	0.042	  143.28	 86.30
 533.00	 528.54	 7.3027	34.2704	26.8091	 0.60	 25.89	0.042	  143.35	 85.35
 534.00	 529.53	 7.3028	34.2704	26.8091	 0.59	 25.87	0.042	  143.32	 84.33
 535.00	 530.52	 7.3030	34.2706	26.8093	 0.59	 25.78	0.042	  143.32	 83.34
 536.00	 531.51	 7.3035	34.2707	26.8093	 0.59	 25.71	0.041	  143.37	 82.35
 537.00	 532.50	 7.3029	34.2709	26.8096	 0.59	 25.76	0.040	  143.33	 81.33
 538.00	 533.49	 7.3020	34.2712	26.8099	 0.59	 25.68	0.040	  143.36	 80.39
 539.00	 534.48	 7.3021	34.2713	26.8100	 0.59	 25.56	0.041	  143.35	 79.33
 540.00	 535.48	 7.2989	34.2715	26.8106	 0.59	 25.64	0.042	  143.31	 78.36
 541.00	 536.47	 7.2972	34.2719	26.8112	 0.59	 25.55	0.041	  143.31	 77.31
 542.00	 537.46	 7.2925	34.2723	26.8121	 0.58	 25.37	0.041	  143.36	 76.30
 543.00	 538.45	 7.2913	34.2726	26.8125	 0.58	 25.36	0.042	  143.34	 75.25
 544.00	 539.44	 7.2894	34.2728	26.8130	 0.58	 25.21	0.042	  143.28	 74.37
 545.00	 540.43	 7.2880	34.2730	26.8134	 0.58	 25.28	0.042	  143.28	 73.41
 546.00	 541.42	 7.2837	34.2728	26.8139	 0.58	 25.12	0.042	  143.29	 72.47
 547.00	 542.41	 7.2770	34.2733	26.8152	 0.57	 24.77	0.042	  143.30	 71.35
 548.00	 543.40	 7.2664	34.2738	26.8171	 0.56	 24.42	0.041	  143.30	 70.32
 549.00	 544.39	 7.2518	34.2746	26.8197	 0.55	 24.07	0.040	  143.31	 69.37
 550.00	 545.38	 7.2330	34.2757	26.8233	 0.55	 24.09	0.040	  143.29	 68.34
 551.00	 546.37	 7.2236	34.2767	26.8254	 0.55	 24.02	0.041	  143.31	 67.34
 552.00	 547.36	 7.2215	34.2768	26.8258	 0.55	 23.88	0.042	  143.31	 66.37
 553.00	 548.35	 7.2167	34.2772	26.8268	 0.54	 23.32	0.042	  143.27	 65.38
 554.00	 549.34	 7.2102	34.2777	26.8280	 0.52	 22.50	0.042	  143.22	 64.37
 555.00	 550.33	 7.1797	34.2820	26.8357	 0.51	 22.08	0.042	  143.25	 63.36
 556.00	 551.32	 7.1658	34.2850	26.8400	 0.50	 21.66	0.042	  143.27	 62.32
 557.00	 552.31	 7.1569	34.2861	26.8421	 0.47	 20.61	0.041	  143.21	 61.36
 558.00	 553.30	 7.1434	34.2877	26.8453	 0.43	 18.63	0.041	  143.17	 60.44
 559.00	 554.29	 7.0827	34.2894	26.8550	 0.37	 16.26	0.041	  143.22	 59.40
 560.00	 555.28	 6.9420	34.3028	26.8847	 0.33	 14.45	0.040	  143.29	 58.37
 561.00	 556.27	 6.8267	34.3107	26.9066	 0.31	 13.32	0.041	  143.26	 57.31
 562.00	 557.26	 6.7145	34.3177	26.9272	 0.30	 12.94	0.042	  143.28	 56.31
 563.00	 558.25	 6.6639	34.3228	26.9379	 0.29	 12.78	0.042	  143.30	 55.24
 564.00	 559.24	 6.6467	34.3236	26.9409	 0.29	 12.62	0.042	  143.27	 54.29
 565.00	 560.23	 6.6258	34.3252	26.9450	 0.29	 12.41	0.042	  143.27	 53.22
 566.00	 561.22	 6.6121	34.3266	26.9479	 0.28	 12.36	0.042	  143.30	 52.22
 567.00	 562.21	 6.5985	34.3274	26.9503	 0.28	 12.09	0.042	  143.25	 51.24
 568.00	 563.20	 6.5603	34.3283	26.9560	 0.27	 11.81	0.041	  143.22	 50.30
 569.00	 564.19	 6.5200	34.3297	26.9625	 0.27	 11.75	0.042	  143.25	 49.27
 570.00	 565.18	 6.4827	34.3306	26.9681	 0.27	 11.79	0.041	  143.27	 48.24
 571.00	 566.17	 6.4476	34.3315	26.9734	 0.27	 11.66	0.042	  143.27	 47.22
 572.00	 567.16	 6.4330	34.3324	26.9760	 0.26	 11.43	0.042	  143.26	 46.20
 573.00	 568.15	 6.4239	34.3330	26.9777	 0.26	 11.29	0.040	  143.26	 45.18
 574.00	 569.14	 6.4093	34.3336	26.9801	 0.26	 11.31	0.041	  143.25	 44.25
 575.00	 570.13	 6.3821	34.3348	26.9846	 0.26	 11.36	0.042	  143.25	 43.22
 576.00	 571.12	 6.3665	34.3357	26.9873	 0.26	 11.36	0.041	  143.24	 42.18
 577.00	 572.11	 6.3573	34.3359	26.9887	 0.26	 11.34	0.042	  143.20	 41.19
 578.00	 573.10	 6.3384	34.3366	26.9917	 0.26	 11.36	0.041	  143.20	 40.14
 579.00	 574.09	 6.3248	34.3369	26.9937	 0.26	 11.36	0.041	  143.21	 39.23
 580.00	 575.08	 6.3132	34.3375	26.9957	 0.26	 11.33	0.042	  143.24	 38.22
 581.00	 576.07	 6.3053	34.3374	26.9967	 0.26	 11.27	0.042	  143.22	 37.20
 582.00	 577.07	 6.2806	34.3380	27.0003	 0.25	 11.06	0.042	  143.21	 36.21
 583.00	 578.06	 6.2208	34.3393	27.0090	 0.25	 10.87	0.042	  143.23	 35.18
 584.00	 579.05	 6.1836	34.3418	27.0158	 0.25	 10.80	0.042	  143.22	 34.11
 585.00	 580.04	 6.1687	34.3424	27.0182	 0.25	 10.71	0.042	  143.18	 33.18
 586.00	 581.03	 6.1640	34.3429	27.0191	 0.24	 10.61	0.041	  143.23	 32.17
 587.00	 582.02	 6.1611	34.3431	27.0197	 0.24	 10.60	0.041	  143.21	 31.12
 588.00	 583.01	 6.1598	34.3433	27.0201	 0.24	 10.64	0.041	  143.14	 30.16
 589.00	 584.00	 6.1560	34.3434	27.0206	 0.24	 10.58	0.042	  143.12	 29.19
 590.00	 584.99	 6.1522	34.3437	27.0214	 0.24	 10.59	0.042	  143.19	 28.22
 591.00	 585.98	 6.1508	34.3438	27.0217	 0.24	 10.59	0.042	  143.16	 27.16
 592.00	 586.97	 6.1460	34.3440	27.0224	 0.24	 10.50	0.042	  143.15	 26.09
 593.00	 587.96	 6.1442	34.3442	27.0228	 0.24	 10.42	0.042	  143.15	 25.12
 594.00	 588.95	 6.1420	34.3443	27.0232	 0.24	 10.43	0.042	  143.11	 24.16
 595.00	 589.94	 6.1369	34.3443	27.0239	 0.24	 10.48	0.041	  143.13	 23.08
 596.00	 590.93	 6.1268	34.3445	27.0253	 0.24	 10.45	0.042	  143.14	 22.11
 597.00	 591.92	 6.1198	34.3452	27.0268	 0.24	 10.40	0.042	  143.11	 21.11
 598.00	 592.91	 6.1169	34.3452	27.0271	 0.24	 10.36	0.042	  143.12	 19.96
 599.00	 593.90	 6.0782	34.3470	27.0334	 0.24	 10.28	0.042	  143.05	 18.98
 600.00	 594.89	 6.0475	34.3478	27.0380	 0.23	 10.21	0.041	  143.02	 17.98
 601.00	 595.88	 6.0175	34.3497	27.0432	 0.23	 10.03	0.041	  142.96	 16.95
 602.00	 596.87	 6.0165	34.3497	27.0434	 0.23	  9.97	0.041	  142.88	 15.93
 603.00	 597.86	 6.0070	34.3500	27.0448	 0.23	  9.94	0.041	  142.83	 14.92
 604.00	 598.85	 5.9989	34.3502	27.0460	 0.23	  9.93	0.041	  142.81	 13.88
 605.00	 599.84	 5.9868	34.3507	27.0480	 0.23	  9.89	0.042	  142.78	 12.90
 606.00	 600.83	 5.9747	34.3515	27.0501	 0.23	  9.87	0.041	  142.78	 11.86
 607.00	 601.82	 5.9757	34.3514	27.0499	 0.23	  9.86	0.041	  142.60	 10.89
 608.00	 602.81	 5.9833	34.3516	27.0491	 0.22	  9.76	0.041	  142.37	  9.67
