* Sea-Bird SBE 9 Data:
* Software Version Seasave V 7.26.7.107
* Vessel: NOAA Ship Ronald H. Brown
* Cruise: RB2102, West Coast Ocean Acidification (WCOA) 2021
* Dates: 20210622 to 20210723
* Region: NE Pacific, USA West Coast
* Ports: San Diego, CA to Port Angeles, WA to San Diego, CA
* Chief Scientists: R. Feely, NOAA PMEL; D. Greeley, NOAA PMEL; B. Carter, NOAA PMEL / UW CICOES
* Contacts: R. Feely, richard.a.feely@noaa.gov; D. Greeley, dana.greeley@noaa.gov; B. Carter, brendan.carter@noaa.gov
* Station: 061
* Cast: 1
* Cast Date-Time [GMT]: 06-Jul-2021 13:48:37
* Longitude: -125.0495 W
* Latitude: 41.8446 N
* Water Depth [m]: 1185.2
**********
* Column  1: Pressure [decibar]
* Column  2: Depth [m]
* Column  3: Temperature ITS-90 [degree C]
* Column  4: Salinity PSS-78 [psu]
* Column  5: Sigma-theta EOS-80 [kg/m^3 - 1000]
* Column  6: Oxygen [ml/L]
* Column  7: Oxygen [umol/kg]
* Column  8: Fluorescence [volts]
* Column  9: Oxygen Reduction Potential [mV]
* Column 10: Altimeter [m]
**********
*END*
   3.00	   2.98	12.9896	32.9981	24.8445	 6.14	267.69	0.070	  132.15	 99.61
   4.00	   3.97	12.9895	32.9982	24.8446	 6.14	267.70	0.069	  132.20	 99.61
   5.00	   4.96	12.9878	32.9983	24.8451	 6.14	267.47	0.070	  132.19	 99.62
   6.00	   5.95	12.9887	32.9982	24.8448	 6.15	268.03	0.071	  132.17	 99.62
   7.00	   6.95	12.9890	32.9981	24.8447	 6.15	267.95	0.071	  132.13	 99.62
   8.00	   7.94	12.9904	32.9979	24.8443	 6.15	268.16	0.071	  132.14	 99.62
   9.00	   8.93	12.9920	32.9978	24.8439	 6.16	268.43	0.071	  132.17	 99.62
  10.00	   9.92	12.9918	32.9979	24.8441	 6.17	268.65	0.071	  132.15	 99.63
  11.00	  10.91	12.9947	32.9976	24.8433	 6.17	268.69	0.073	  132.16	 99.63
  12.00	  11.91	12.9965	32.9975	24.8429	 6.17	268.84	0.072	  132.15	 99.63
  13.00	  12.90	12.9965	32.9975	24.8429	 6.16	268.57	0.071	  132.15	 99.63
  14.00	  13.89	12.9960	32.9975	24.8431	 6.16	268.48	0.070	  132.16	 99.62
  15.00	  14.88	12.9961	32.9975	24.8430	 6.17	268.68	0.072	  132.17	 99.63
  16.00	  15.87	12.9975	32.9974	24.8427	 6.16	268.48	0.075	  132.20	 99.62
  17.00	  16.87	12.9964	32.9976	24.8431	 6.17	268.66	0.073	  132.17	 99.62
  18.00	  17.86	12.9963	32.9976	24.8432	 6.17	268.87	0.071	  132.22	 99.63
  19.00	  18.85	12.9970	32.9964	24.8421	 6.17	268.81	0.071	  132.18	 99.63
  20.00	  19.84	12.9961	32.9977	24.8433	 6.17	268.88	0.075	  132.17	 99.63
  21.00	  20.83	12.9945	32.9979	24.8438	 6.17	268.89	0.071	  132.20	 99.63
  22.00	  21.83	12.9951	32.9977	24.8436	 6.17	269.07	0.069	  132.20	 99.63
  23.00	  22.82	12.9942	32.9979	24.8439	 6.17	268.96	0.069	  132.12	 99.62
  24.00	  23.81	12.9944	32.9978	24.8438	 6.17	268.96	0.070	  132.15	 99.62
  25.00	  24.80	12.9930	32.9980	24.8443	 6.17	269.05	0.071	  132.16	 99.63
  26.00	  25.79	12.9920	32.9981	24.8446	 6.16	268.35	0.070	  132.18	 99.63
  27.00	  26.79	12.9860	32.9987	24.8463	 6.16	268.58	0.070	  132.16	 99.62
  28.00	  27.78	12.9738	33.0004	24.8501	 6.17	269.08	0.071	  132.13	 99.62
  29.00	  28.77	12.9667	33.0011	24.8520	 6.17	268.67	0.069	  132.21	 99.62
  30.00	  29.76	12.9596	33.0017	24.8539	 6.16	268.44	0.068	  132.17	 99.62
  31.00	  30.75	12.9237	33.0054	24.8638	 6.17	268.67	0.069	  132.20	 99.62
  32.00	  31.75	12.9131	33.0067	24.8669	 6.17	268.93	0.067	  132.15	 99.61
  33.00	  32.74	12.9105	33.0070	24.8677	 6.17	268.70	0.067	  132.26	 99.62
  34.00	  33.73	12.9058	33.0077	24.8692	 6.17	268.96	0.066	  132.21	 99.62
  35.00	  34.72	12.8995	33.0083	24.8710	 6.17	268.75	0.068	  132.17	 97.54
  36.00	  35.72	12.8853	33.0100	24.8751	 6.17	268.76	0.067	  132.23	 99.61
  37.00	  36.71	12.8765	33.0111	24.8777	 6.16	268.38	0.067	  132.22	 99.62
  38.00	  37.70	12.8649	33.0126	24.8811	 6.15	267.78	0.069	  132.20	 99.61
  39.00	  38.69	12.8374	33.0158	24.8890	 6.15	267.92	0.065	  132.18	 83.03
  40.00	  39.68	12.8257	33.0169	24.8921	 6.15	267.91	0.065	  132.21	 99.08
  41.00	  40.67	12.8122	33.0165	24.8945	 6.15	267.90	0.066	  132.25	 99.61
  42.00	  41.67	12.8084	33.0163	24.8951	 6.16	268.34	0.064	  132.27	 99.61
  43.00	  42.66	12.8034	33.0154	24.8955	 6.13	267.22	0.064	  132.22	 93.80
  44.00	  43.65	12.7146	33.0034	24.9034	 6.13	267.17	0.063	  132.30	 99.54
  45.00	  44.64	12.6101	32.9934	24.9160	 6.13	267.17	0.064	  132.31	 99.60
  46.00	  45.63	12.5284	32.9865	24.9264	 6.07	264.40	0.068	  132.33	 99.59
  47.00	  46.63	12.1572	32.9546	24.9724	 6.03	262.61	0.066	  132.42	 99.58
  48.00	  47.62	11.8499	32.9276	25.0089	 5.96	259.57	0.066	  132.48	 89.43
  49.00	  48.61	11.3706	32.9067	25.0805	 5.93	258.16	0.068	  132.60	 99.06
  50.00	  49.60	10.7812	32.8975	25.1781	 5.76	251.03	0.074	  132.74	 98.65
  51.00	  50.59	10.2979	32.9035	25.2660	 5.57	242.74	0.076	  132.95	 96.33
  52.00	  51.59	 9.8647	32.9313	25.3604	 5.45	237.51	0.079	  133.06	 99.33
  53.00	  52.58	 9.7168	33.0108	25.4468	 5.38	234.40	0.083	  133.15	 99.38
  54.00	  53.57	10.0786	33.2206	25.5505	 5.37	233.88	0.077	  133.11	 99.35
  55.00	  54.56	10.2108	33.2899	25.5822	 5.32	231.53	0.067	  133.05	 99.10
  56.00	  55.55	10.1069	33.2987	25.6067	 5.15	224.46	0.063	  133.01	 82.06
  57.00	  56.55	 9.8344	33.3107	25.6617	 4.98	217.02	0.059	  133.23	 99.34
  58.00	  57.54	 9.4550	33.4428	25.8272	 4.83	210.31	0.057	  133.46	 99.33
  59.00	  58.53	 9.3473	33.5121	25.8987	 4.65	202.58	0.056	  133.60	 99.32
  60.00	  59.52	 9.2745	33.5314	25.9256	 4.50	195.93	0.053	  133.58	 95.26
  61.00	  60.51	 9.1860	33.5601	25.9622	 4.42	192.50	0.052	  133.65	 99.26
  62.00	  61.51	 9.0232	33.5684	25.9946	 4.37	190.27	0.050	  133.83	 99.31
  63.00	  62.50	 8.9684	33.5741	26.0077	 4.30	187.08	0.049	  133.81	 99.32
  64.00	  63.49	 8.8341	33.5641	26.0209	 4.24	184.73	0.047	  133.87	 99.34
  65.00	  64.48	 8.7786	33.5594	26.0258	 4.23	184.01	0.045	  133.92	 99.34
  66.00	  65.47	 8.7431	33.5616	26.0331	 4.21	183.08	0.045	  133.94	 99.34
  67.00	  66.46	 8.7279	33.5671	26.0398	 4.19	182.51	0.045	  133.89	 99.36
  68.00	  67.46	 8.7260	33.5751	26.0463	 4.18	182.03	0.045	  133.95	 99.37
  69.00	  68.45	 8.7305	33.5838	26.0524	 4.17	181.57	0.045	  133.86	 99.37
  70.00	  69.44	 8.7331	33.5890	26.0562	 4.16	180.93	0.045	  133.81	 99.37
  71.00	  70.43	 8.7315	33.5946	26.0608	 4.15	180.77	0.044	  133.82	 95.72
  72.00	  71.42	 8.7243	33.5962	26.0632	 4.15	180.50	0.044	  133.80	 99.36
  73.00	  72.42	 8.7187	33.5974	26.0650	 4.14	180.37	0.044	  133.89	 99.38
  74.00	  73.41	 8.7132	33.6019	26.0694	 4.15	180.55	0.044	  133.93	 99.38
  75.00	  74.40	 8.7141	33.6092	26.0750	 4.15	180.81	0.044	  133.92	 99.38
  76.00	  75.39	 8.7324	33.6217	26.0820	 4.14	180.41	0.043	  133.85	 99.38
  77.00	  76.38	 8.7222	33.6329	26.0923	 4.13	179.89	0.043	  133.85	 99.39
  78.00	  77.37	 8.7181	33.6369	26.0961	 4.13	179.77	0.043	  133.88	 99.38
  79.00	  78.37	 8.7097	33.6407	26.1005	 4.11	179.02	0.043	  133.92	 99.38
  80.00	  79.36	 8.6916	33.6430	26.1050	 4.09	177.94	0.043	  133.92	 99.39
  81.00	  80.35	 8.6831	33.6446	26.1076	 4.08	177.39	0.043	  133.94	 99.39
  82.00	  81.34	 8.6749	33.6483	26.1118	 4.06	176.68	0.043	  133.99	 99.39
  83.00	  82.33	 8.6749	33.6560	26.1179	 4.04	175.83	0.043	  133.98	 99.39
  84.00	  83.33	 8.6487	33.6576	26.1232	 4.02	174.85	0.043	  133.97	 99.39
  85.00	  84.32	 8.6400	33.6618	26.1278	 3.99	173.68	0.043	  133.96	 99.39
  86.00	  85.31	 8.6251	33.6607	26.1292	 3.96	172.20	0.042	  133.95	 99.39
  87.00	  86.30	 8.6067	33.6607	26.1321	 3.93	170.88	0.042	  134.07	 99.39
  88.00	  87.29	 8.5765	33.6573	26.1340	 3.89	169.10	0.042	  133.98	 99.40
  89.00	  88.28	 8.5314	33.6604	26.1434	 3.84	167.29	0.042	  134.05	 99.41
  90.00	  89.28	 8.5157	33.6647	26.1492	 3.79	164.96	0.042	  134.03	 99.41
  91.00	  90.27	 8.4702	33.6599	26.1524	 3.74	162.91	0.042	  134.00	 99.41
  92.00	  91.26	 8.4350	33.6578	26.1561	 3.70	161.14	0.042	  134.03	 99.44
  93.00	  92.25	 8.4274	33.6570	26.1567	 3.67	159.63	0.042	  133.92	 99.44
  94.00	  93.24	 8.4207	33.6564	26.1572	 3.64	158.40	0.042	  134.07	 99.44
  95.00	  94.23	 8.3950	33.6658	26.1685	 3.63	157.77	0.042	  134.02	 99.45
  96.00	  95.23	 8.3728	33.6772	26.1808	 3.61	157.00	0.042	  133.99	 99.46
  97.00	  96.22	 8.3819	33.6909	26.1902	 3.57	155.37	0.042	  134.05	 99.46
  98.00	  97.21	 8.3451	33.6987	26.2019	 3.53	153.73	0.042	  134.01	 99.46
  99.00	  98.20	 8.3299	33.7020	26.2067	 3.51	152.77	0.041	  134.04	 99.48
 100.00	  99.19	 8.3115	33.7055	26.2123	 3.49	152.02	0.040	  133.98	 99.48
 101.00	 100.18	 8.2930	33.7113	26.2196	 3.48	151.41	0.041	  133.98	 99.49
 102.00	 101.18	 8.2911	33.7315	26.2358	 3.49	151.71	0.042	  134.04	 99.49
 103.00	 102.17	 8.3050	33.7581	26.2546	 3.49	152.00	0.042	  134.02	 99.50
 104.00	 103.16	 8.3080	33.7656	26.2601	 3.49	151.77	0.042	  133.99	 99.50
 105.00	 104.15	 8.3098	33.7685	26.2621	 3.48	151.63	0.042	  134.05	 99.50
 106.00	 105.14	 8.3083	33.7715	26.2646	 3.48	151.43	0.040	  134.03	 99.50
 107.00	 106.13	 8.3055	33.7751	26.2680	 3.48	151.44	0.040	  134.02	 99.50
 108.00	 107.13	 8.3043	33.7807	26.2725	 3.49	151.79	0.040	  133.98	 99.51
 109.00	 108.12	 8.2946	33.7869	26.2789	 3.49	151.79	0.040	  134.02	 99.50
 110.00	 109.11	 8.2762	33.7904	26.2844	 3.48	151.55	0.040	  133.92	 99.50
 111.00	 110.10	 8.2432	33.7951	26.2931	 3.47	150.86	0.040	  133.96	 99.50
 112.00	 111.09	 8.2171	33.8001	26.3009	 3.45	149.99	0.040	  133.94	 99.50
 113.00	 112.08	 8.1950	33.8045	26.3077	 3.44	149.55	0.040	  133.96	 99.50
 114.00	 113.08	 8.1741	33.8081	26.3136	 3.43	149.26	0.040	  133.91	 99.51
 115.00	 114.07	 8.1632	33.8107	26.3173	 3.42	148.61	0.040	  133.96	 99.51
 116.00	 115.06	 8.1520	33.8132	26.3210	 3.39	147.62	0.040	  133.94	 99.51
 117.00	 116.05	 8.1318	33.8165	26.3266	 3.37	146.83	0.040	  133.92	 99.51
 118.00	 117.04	 8.1170	33.8180	26.3299	 3.36	146.09	0.040	  133.85	 99.51
 119.00	 118.03	 8.0999	33.8221	26.3357	 3.34	145.54	0.040	  133.92	 99.51
 120.00	 119.03	 8.0932	33.8254	26.3394	 3.33	144.83	0.040	  133.94	 99.52
 121.00	 120.02	 8.0861	33.8270	26.3417	 3.31	143.97	0.040	  133.98	 99.52
 122.00	 121.01	 8.0679	33.8338	26.3497	 3.28	142.71	0.040	  133.92	 99.53
 123.00	 122.00	 8.0568	33.8381	26.3548	 3.25	141.44	0.040	  133.93	 99.54
 124.00	 122.99	 8.0578	33.8384	26.3549	 3.23	140.52	0.040	  133.89	 99.54
 125.00	 123.98	 8.0526	33.8432	26.3594	 3.21	139.52	0.040	  133.83	 99.54
 126.00	 124.98	 8.0473	33.8490	26.3648	 3.18	138.58	0.040	  133.84	 99.55
 127.00	 125.97	 8.0389	33.8538	26.3698	 3.17	138.04	0.040	  133.89	 99.55
 128.00	 126.96	 8.0195	33.8620	26.3791	 3.15	137.06	0.040	  133.90	 99.56
 129.00	 127.95	 8.0080	33.8662	26.3841	 3.13	136.00	0.040	  133.83	 99.56
 130.00	 128.94	 7.9868	33.8732	26.3928	 3.11	135.43	0.040	  133.86	 99.56
 131.00	 129.93	 7.9796	33.8753	26.3955	 3.10	134.86	0.039	  133.90	 99.56
 132.00	 130.92	 7.9646	33.8803	26.4016	 3.09	134.25	0.040	  133.86	 99.56
 133.00	 131.92	 7.9563	33.8843	26.4060	 3.06	133.26	0.040	  133.86	 99.57
 134.00	 132.91	 7.9554	33.8877	26.4088	 3.03	131.81	0.040	  133.86	 99.58
 135.00	 133.90	 7.9541	33.8931	26.4132	 3.01	130.92	0.040	  133.81	 99.58
 136.00	 134.89	 7.9493	33.8951	26.4155	 2.99	130.03	0.040	  133.83	 99.58
 137.00	 135.88	 7.9516	33.8969	26.4166	 2.97	129.26	0.040	  133.82	 99.58
 138.00	 136.87	 7.9493	33.9002	26.4196	 2.96	128.81	0.040	  133.82	 99.58
 139.00	 137.87	 7.9462	33.9014	26.4210	 2.95	128.48	0.040	  133.83	 99.60
 140.00	 138.86	 7.9274	33.9012	26.4236	 2.98	129.51	0.040	  133.88	 99.61
 141.00	 139.85	 7.9119	33.9010	26.4257	 2.98	129.60	0.040	  133.84	 99.61
 142.00	 140.84	 7.8965	33.9017	26.4286	 2.97	129.28	0.040	  133.84	 99.61
 143.00	 141.83	 7.8916	33.9032	26.4305	 2.96	128.78	0.040	  133.84	 99.61
 144.00	 142.82	 7.8838	33.9059	26.4338	 2.95	128.32	0.040	  133.86	 99.61
 145.00	 143.81	 7.8767	33.9077	26.4362	 2.94	127.96	0.040	  133.84	 99.61
 146.00	 144.81	 7.8700	33.9097	26.4387	 2.93	127.69	0.040	  133.86	 99.61
 147.00	 145.80	 7.8663	33.9111	26.4404	 2.92	127.25	0.040	  133.82	 99.61
 148.00	 146.79	 7.8643	33.9121	26.4416	 2.92	127.19	0.040	  133.83	 99.61
 149.00	 147.78	 7.8631	33.9127	26.4422	 2.92	127.07	0.040	  133.83	 99.61
 150.00	 148.77	 7.8614	33.9131	26.4428	 2.91	126.67	0.040	  133.85	 99.61
 151.00	 149.76	 7.8592	33.9136	26.4435	 2.90	126.17	0.040	  133.79	 99.61
 152.00	 150.75	 7.8570	33.9140	26.4442	 2.88	125.48	0.040	  133.85	 99.61
 153.00	 151.75	 7.8478	33.9162	26.4472	 2.86	124.38	0.040	  133.86	 99.62
 154.00	 152.74	 7.8324	33.9211	26.4534	 2.83	123.29	0.040	  133.79	 99.62
 155.00	 153.73	 7.8214	33.9254	26.4584	 2.81	122.20	0.040	  133.83	 99.62
 156.00	 154.72	 7.7938	33.9310	26.4667	 2.79	121.31	0.040	  133.78	 99.63
 157.00	 155.71	 7.7786	33.9332	26.4707	 2.76	119.97	0.040	  133.81	 99.63
 158.00	 156.70	 7.7705	33.9348	26.4731	 2.72	118.45	0.040	  133.79	 99.63
 159.00	 157.69	 7.7638	33.9362	26.4753	 2.71	118.05	0.040	  133.81	 99.63
 160.00	 158.69	 7.7533	33.9383	26.4784	 2.70	117.67	0.040	  133.76	 99.63
 161.00	 159.68	 7.7464	33.9401	26.4809	 2.69	117.18	0.040	  133.85	 99.63
 162.00	 160.67	 7.7444	33.9413	26.4821	 2.67	115.97	0.040	  133.77	 99.65
 163.00	 161.66	 7.7437	33.9450	26.4851	 2.61	113.55	0.040	  133.77	 99.66
 164.00	 162.65	 7.7425	33.9498	26.4891	 2.60	112.96	0.040	  133.81	 99.66
 165.00	 163.64	 7.7346	33.9496	26.4901	 2.59	112.89	0.040	  133.80	 99.66
 166.00	 164.63	 7.7291	33.9489	26.4903	 2.60	112.91	0.040	  133.84	 99.67
 167.00	 165.63	 7.7235	33.9484	26.4908	 2.60	112.99	0.040	  133.84	 99.67
 168.00	 166.62	 7.7145	33.9475	26.4914	 2.59	112.65	0.040	  133.77	 99.68
 169.00	 167.61	 7.7037	33.9475	26.4930	 2.56	111.30	0.040	  133.76	 99.68
 170.00	 168.60	 7.6795	33.9532	26.5010	 2.52	109.68	0.040	  133.82	 99.68
 171.00	 169.59	 7.6554	33.9587	26.5087	 2.49	108.54	0.040	  133.79	 99.68
 172.00	 170.58	 7.6452	33.9601	26.5113	 2.48	107.93	0.040	  133.79	 99.68
 173.00	 171.57	 7.6414	33.9603	26.5120	 2.47	107.33	0.040	  133.78	 99.69
 174.00	 172.56	 7.6343	33.9602	26.5130	 2.46	107.17	0.040	  133.74	 99.70
 175.00	 173.56	 7.6298	33.9605	26.5139	 2.46	106.95	0.040	  133.78	 99.70
 176.00	 174.55	 7.6240	33.9608	26.5150	 2.45	106.79	0.040	  133.85	 99.70
 177.00	 175.54	 7.6168	33.9614	26.5165	 2.45	106.66	0.040	  133.83	 99.70
 178.00	 176.53	 7.6091	33.9616	26.5178	 2.45	106.60	0.040	  133.74	 99.70
 179.00	 177.52	 7.6042	33.9621	26.5189	 2.44	106.29	0.040	  133.78	 99.71
 180.00	 178.51	 7.5986	33.9625	26.5200	 2.44	105.94	0.040	  133.73	 99.71
 181.00	 179.50	 7.5940	33.9633	26.5213	 2.42	105.48	0.040	  133.74	 99.71
 182.00	 180.50	 7.5877	33.9640	26.5228	 2.41	105.05	0.040	  133.73	 99.71
 183.00	 181.49	 7.5781	33.9656	26.5254	 2.40	104.26	0.040	  133.75	 99.71
 184.00	 182.48	 7.5717	33.9669	26.5274	 2.37	103.28	0.040	  133.72	 99.71
 185.00	 183.47	 7.5438	33.9703	26.5341	 2.36	102.50	0.040	  133.76	 99.71
 186.00	 184.46	 7.5217	33.9726	26.5390	 2.34	101.89	0.040	  133.82	 99.71
 187.00	 185.45	 7.5089	33.9738	26.5418	 2.32	100.86	0.040	  133.73	 99.72
 188.00	 186.44	 7.4981	33.9750	26.5443	 2.28	 99.29	0.040	  133.83	 99.73
 189.00	 187.43	 7.4767	33.9774	26.5492	 2.24	 97.57	0.040	  133.79	 99.73
 190.00	 188.43	 7.4456	33.9825	26.5576	 2.22	 96.69	0.040	  133.72	 99.73
 191.00	 189.42	 7.4300	33.9847	26.5616	 2.21	 95.96	0.040	  133.79	 99.73
 192.00	 190.41	 7.4228	33.9852	26.5630	 2.19	 95.42	0.040	  133.81	 99.73
 193.00	 191.40	 7.4155	33.9854	26.5643	 2.19	 95.10	0.040	  133.75	 99.74
 194.00	 192.39	 7.4089	33.9863	26.5659	 2.18	 94.94	0.040	  133.71	 99.75
 195.00	 193.38	 7.4079	33.9865	26.5662	 2.18	 94.77	0.039	  133.75	 99.76
 196.00	 194.37	 7.4067	33.9866	26.5665	 2.17	 94.43	0.040	  133.79	 99.76
 197.00	 195.36	 7.3959	33.9870	26.5683	 2.15	 93.63	0.040	  133.73	 99.76
 198.00	 196.36	 7.3640	33.9900	26.5752	 2.14	 92.90	0.040	  133.83	 99.76
 199.00	 197.35	 7.3518	33.9908	26.5775	 2.13	 92.64	0.040	  133.78	 99.76
 200.00	 198.34	 7.3427	33.9906	26.5786	 2.13	 92.59	0.040	  133.79	 99.76
 201.00	 199.33	 7.3244	33.9913	26.5818	 2.13	 92.47	0.040	  133.72	 99.76
 202.00	 200.32	 7.3077	33.9916	26.5844	 2.12	 92.28	0.040	  133.79	 99.76
 203.00	 201.31	 7.2996	33.9920	26.5858	 2.12	 92.01	0.040	  133.80	 99.76
 204.00	 202.30	 7.2925	33.9922	26.5870	 2.11	 91.69	0.040	  133.76	 99.76
 205.00	 203.29	 7.2807	33.9928	26.5892	 2.10	 91.52	0.040	  133.73	 99.76
 206.00	 204.29	 7.2681	33.9926	26.5908	 2.10	 91.43	0.040	  133.73	 99.76
 207.00	 205.28	 7.2422	33.9925	26.5943	 2.10	 91.16	0.040	  133.77	 99.77
 208.00	 206.27	 7.2289	33.9932	26.5968	 2.09	 90.92	0.040	  133.76	 99.77
 209.00	 207.26	 7.2187	33.9947	26.5993	 2.09	 90.73	0.040	  133.80	 99.77
 210.00	 208.25	 7.2007	33.9943	26.6016	 2.08	 90.61	0.040	  133.71	 99.77
 211.00	 209.24	 7.1827	33.9948	26.6044	 2.08	 90.32	0.040	  133.77	 99.78
 212.00	 210.23	 7.1800	33.9948	26.6049	 2.06	 89.82	0.040	  133.76	 99.77
 213.00	 211.22	 7.1724	33.9959	26.6067	 2.05	 89.17	0.040	  133.78	 99.77
 214.00	 212.21	 7.1644	33.9982	26.6097	 2.04	 88.53	0.040	  133.77	 99.78
 215.00	 213.21	 7.1791	34.0037	26.6120	 2.02	 88.01	0.040	  133.72	 99.77
 216.00	 214.20	 7.1469	34.0035	26.6163	 2.01	 87.33	0.040	  133.71	 99.77
 217.00	 215.19	 7.1329	34.0051	26.6195	 1.98	 86.30	0.040	  133.80	 99.78
 218.00	 216.18	 7.1475	34.0118	26.6228	 1.96	 85.30	0.041	  133.71	 99.78
 219.00	 217.17	 7.1497	34.0136	26.6240	 1.95	 84.71	0.041	  133.71	 99.78
 220.00	 218.16	 7.1391	34.0150	26.6265	 1.94	 84.42	0.040	  133.68	 99.78
 221.00	 219.15	 7.1342	34.0175	26.6292	 1.94	 84.19	0.040	  133.76	 99.78
 222.00	 220.14	 7.1268	34.0169	26.6297	 1.93	 83.86	0.040	  133.75	 99.78
 223.00	 221.13	 7.1088	34.0168	26.6322	 1.92	 83.54	0.040	  133.81	 99.79
 224.00	 222.13	 7.0995	34.0168	26.6334	 1.91	 83.15	0.040	  133.70	 99.79
 225.00	 223.12	 7.0911	34.0171	26.6348	 1.90	 82.67	0.040	  133.73	 99.79
 226.00	 224.11	 7.0858	34.0174	26.6358	 1.89	 82.35	0.041	  133.77	 99.80
 227.00	 225.10	 7.0806	34.0180	26.6370	 1.89	 82.09	0.041	  133.81	 99.80
 228.00	 226.09	 7.0764	34.0184	26.6379	 1.88	 81.92	0.040	  133.73	 99.80
 229.00	 227.08	 7.0748	34.0182	26.6380	 1.88	 81.59	0.040	  133.66	 99.80
 230.00	 228.07	 7.0724	34.0188	26.6388	 1.87	 81.38	0.040	  133.70	 99.80
 231.00	 229.06	 7.0682	34.0194	26.6399	 1.86	 81.10	0.040	  133.72	 99.80
 232.00	 230.05	 7.0626	34.0195	26.6408	 1.86	 80.71	0.040	  133.76	 99.80
 233.00	 231.05	 7.0552	34.0198	26.6420	 1.85	 80.33	0.040	  133.84	 99.80
 234.00	 232.04	 7.0391	34.0187	26.6434	 1.84	 79.91	0.040	  133.75	 99.80
 235.00	 233.03	 7.0249	34.0204	26.6467	 1.83	 79.60	0.040	  133.69	 99.80
 236.00	 234.02	 7.0205	34.0211	26.6478	 1.82	 79.28	0.040	  133.71	 99.80
 237.00	 235.01	 7.0172	34.0214	26.6485	 1.82	 78.98	0.040	  133.71	 99.80
 238.00	 236.00	 7.0035	34.0211	26.6502	 1.81	 78.70	0.040	  133.73	 99.81
 239.00	 236.99	 6.9912	34.0214	26.6521	 1.80	 78.25	0.041	  133.76	 99.81
 240.00	 237.98	 6.9791	34.0214	26.6538	 1.78	 77.56	0.041	  133.68	 99.82
 241.00	 238.97	 6.9719	34.0221	26.6553	 1.77	 76.79	0.040	  133.70	 99.82
 242.00	 239.96	 6.9741	34.0251	26.6574	 1.75	 76.17	0.040	  133.73	 99.81
 243.00	 240.96	 6.9712	34.0258	26.6584	 1.75	 75.96	0.040	  133.75	 99.83
 244.00	 241.95	 6.9605	34.0266	26.6604	 1.74	 75.87	0.040	  133.73	 99.82
 245.00	 242.94	 6.9410	34.0246	26.6616	 1.74	 75.66	0.041	  133.75	 99.83
 246.00	 243.93	 6.9255	34.0242	26.6633	 1.73	 75.45	0.041	  133.75	 99.83
 247.00	 244.92	 6.9195	34.0239	26.6639	 1.73	 75.31	0.040	  133.72	 99.83
 248.00	 245.91	 6.9034	34.0240	26.6662	 1.73	 75.11	0.041	  133.78	 99.83
 249.00	 246.90	 6.8882	34.0246	26.6688	 1.71	 74.55	0.041	  133.80	 99.83
 250.00	 247.89	 6.8810	34.0272	26.6718	 1.70	 73.97	0.040	  133.82	 99.83
 251.00	 248.88	 6.8819	34.0284	26.6727	 1.69	 73.38	0.040	  133.73	 99.83
 252.00	 249.87	 6.8922	34.0315	26.6737	 1.67	 72.58	0.040	  133.75	 99.83
 253.00	 250.87	 6.8839	34.0330	26.6760	 1.66	 72.10	0.040	  133.73	 99.83
 254.00	 251.86	 6.8929	34.0389	26.6794	 1.66	 72.05	0.040	  133.78	 99.83
 255.00	 252.85	 6.8643	34.0354	26.6806	 1.66	 72.08	0.040	  133.76	 99.84
 256.00	 253.84	 6.7855	34.0297	26.6867	 1.66	 72.26	0.040	  133.81	 99.83
 257.00	 254.83	 6.7682	34.0279	26.6876	 1.66	 72.25	0.040	  133.77	 99.84
 258.00	 255.82	 6.7650	34.0279	26.6880	 1.66	 72.07	0.041	  133.72	 99.83
 259.00	 256.81	 6.7633	34.0277	26.6882	 1.65	 71.96	0.041	  133.74	 99.84
 260.00	 257.80	 6.7597	34.0280	26.6888	 1.65	 71.83	0.040	  133.80	 99.84
 261.00	 258.79	 6.7475	34.0290	26.6913	 1.64	 71.35	0.040	  133.86	 99.84
 262.00	 259.78	 6.7381	34.0311	26.6942	 1.63	 70.69	0.040	  133.75	 99.84
 263.00	 260.77	 6.7379	34.0343	26.6968	 1.61	 69.83	0.040	  133.74	 99.84
 264.00	 261.77	 6.7432	34.0364	26.6977	 1.58	 68.71	0.040	  133.77	 99.84
 265.00	 262.76	 6.7566	34.0412	26.6997	 1.56	 67.79	0.040	  133.78	 99.84
 266.00	 263.75	 6.7950	34.0499	26.7015	 1.54	 67.06	0.040	  133.76	 99.84
 267.00	 264.74	 6.8351	34.0580	26.7025	 1.53	 66.41	0.040	  133.81	 99.85
 268.00	 265.73	 6.8462	34.0608	26.7032	 1.50	 65.29	0.041	  133.79	 99.85
 269.00	 266.72	 6.8404	34.0639	26.7065	 1.45	 63.26	0.041	  133.73	 99.85
 270.00	 267.71	 6.8523	34.0718	26.7111	 1.43	 62.00	0.040	  133.72	 99.85
 271.00	 268.70	 6.8522	34.0748	26.7134	 1.41	 61.29	0.040	  133.80	 99.86
 272.00	 269.69	 6.8432	34.0765	26.7160	 1.39	 60.59	0.040	  133.73	 99.86
 273.00	 270.68	 6.8351	34.0792	26.7193	 1.38	 60.07	0.040	  133.87	 99.86
 274.00	 271.67	 6.8311	34.0822	26.7221	 1.37	 59.75	0.040	  133.86	 99.86
 275.00	 272.67	 6.8279	34.0839	26.7240	 1.37	 59.44	0.040	  133.77	 99.87
 276.00	 273.66	 6.8225	34.0845	26.7252	 1.35	 58.83	0.041	  133.74	 99.88
 277.00	 274.65	 6.8089	34.0834	26.7262	 1.36	 58.95	0.040	  133.84	 99.88
 278.00	 275.64	 6.7752	34.0801	26.7281	 1.35	 58.74	0.040	  133.81	 99.88
 279.00	 276.63	 6.7483	34.0790	26.7308	 1.34	 58.36	0.040	  133.86	 99.88
 280.00	 277.62	 6.7434	34.0812	26.7332	 1.33	 57.71	0.040	  133.85	 99.88
 281.00	 278.61	 6.7546	34.0854	26.7350	 1.31	 56.85	0.040	  133.80	 99.89
 282.00	 279.60	 6.7715	34.0925	26.7384	 1.28	 55.84	0.040	  133.75	 99.88
 283.00	 280.59	 6.7912	34.0993	26.7412	 1.26	 55.00	0.040	  133.74	 99.88
 284.00	 281.58	 6.7968	34.1012	26.7419	 1.25	 54.31	0.040	  133.79	 99.89
 285.00	 282.57	 6.7905	34.1038	26.7448	 1.23	 53.58	0.040	  133.76	 99.90
 286.00	 283.56	 6.7953	34.1070	26.7467	 1.22	 52.97	0.040	  133.88	 99.89
 287.00	 284.56	 6.8047	34.1106	26.7483	 1.21	 52.55	0.040	  133.79	 99.90
 288.00	 285.55	 6.8053	34.1118	26.7492	 1.20	 52.26	0.041	  133.74	 99.90
 289.00	 286.54	 6.7944	34.1122	26.7509	 1.20	 52.17	0.041	  133.76	 99.90
 290.00	 287.53	 6.7763	34.1109	26.7524	 1.20	 52.35	0.040	  133.76	 99.90
 291.00	 288.52	 6.7639	34.1097	26.7531	 1.21	 52.55	0.040	  133.79	 99.90
 292.00	 289.51	 6.7142	34.1019	26.7537	 1.21	 52.68	0.040	  133.79	 99.90
 293.00	 290.50	 6.6929	34.1035	26.7578	 1.21	 52.55	0.040	  133.80	 99.90
 294.00	 291.49	 6.6946	34.1047	26.7584	 1.20	 52.34	0.040	  133.80	 99.90
 295.00	 292.48	 6.6959	34.1052	26.7587	 1.19	 51.94	0.040	  133.76	 99.90
 296.00	 293.47	 6.7124	34.1102	26.7604	 1.18	 51.33	0.040	  133.76	 81.07
 297.00	 294.46	 6.7308	34.1148	26.7616	 1.17	 50.98	0.040	  133.85	100.35
 298.00	 295.45	 6.7313	34.1152	26.7619	 1.17	 50.92	0.040	  133.76	 99.90
 299.00	 296.44	 6.7283	34.1147	26.7619	 1.17	 50.83	0.040	  133.81	 99.90
 300.00	 297.44	 6.7221	34.1140	26.7622	 1.17	 50.81	0.040	  133.72	 99.90
 301.00	 298.43	 6.7151	34.1134	26.7627	 1.17	 50.78	0.041	  133.75	 99.90
 302.00	 299.42	 6.7085	34.1125	26.7629	 1.16	 50.63	0.041	  133.78	 99.91
 303.00	 300.41	 6.6985	34.1112	26.7632	 1.16	 50.40	0.041	  133.80	 99.91
 304.00	 301.40	 6.6902	34.1166	26.7685	 1.15	 49.99	0.041	  133.80	 99.91
 305.00	 302.39	 6.6933	34.1201	26.7709	 1.14	 49.67	0.040	  133.81	 99.91
 306.00	 303.38	 6.6920	34.1205	26.7714	 1.14	 49.54	0.040	  133.72	 99.91
 307.00	 304.37	 6.6862	34.1203	26.7720	 1.14	 49.43	0.040	  133.71	 99.91
 308.00	 305.36	 6.6808	34.1202	26.7727	 1.13	 49.31	0.040	  133.75	 99.92
 309.00	 306.35	 6.6761	34.1205	26.7736	 1.13	 49.24	0.040	  133.78	 99.91
 310.00	 307.34	 6.6733	34.1209	26.7742	 1.13	 49.16	0.040	  133.77	 99.92
 311.00	 308.33	 6.6655	34.1226	26.7767	 1.13	 48.95	0.040	  133.81	 99.92
 312.00	 309.32	 6.6640	34.1232	26.7773	 1.12	 48.86	0.040	  133.84	 99.92
 313.00	 310.31	 6.6596	34.1234	26.7781	 1.12	 48.80	0.040	  133.78	 99.92
 314.00	 311.31	 6.6556	34.1236	26.7788	 1.12	 48.69	0.040	  133.76	 99.92
 315.00	 312.30	 6.6541	34.1240	26.7793	 1.12	 48.63	0.040	  133.75	 99.93
 316.00	 313.29	 6.6530	34.1241	26.7795	 1.12	 48.60	0.040	  133.83	 99.92
 317.00	 314.28	 6.6520	34.1242	26.7798	 1.11	 48.47	0.040	  133.82	 99.92
 318.00	 315.27	 6.6511	34.1248	26.7804	 1.11	 48.40	0.040	  133.84	 99.93
 319.00	 316.26	 6.6516	34.1249	26.7804	 1.11	 48.39	0.040	  133.80	 99.93
 320.00	 317.25	 6.6522	34.1248	26.7803	 1.11	 48.34	0.040	  133.70	 99.93
 321.00	 318.24	 6.6522	34.1250	26.7805	 1.11	 48.28	0.040	  133.70	 99.93
 322.00	 319.23	 6.6508	34.1249	26.7806	 1.11	 48.33	0.040	  133.72	 99.93
 323.00	 320.22	 6.6472	34.1253	26.7814	 1.11	 48.33	0.040	  133.75	 99.93
 324.00	 321.21	 6.6425	34.1255	26.7822	 1.11	 48.20	0.040	  133.75	 99.93
 325.00	 322.20	 6.6415	34.1257	26.7824	 1.10	 48.02	0.040	  133.76	 99.93
 326.00	 323.19	 6.6398	34.1256	26.7826	 1.10	 47.93	0.040	  133.77	 99.93
 327.00	 324.18	 6.6304	34.1252	26.7836	 1.10	 47.85	0.041	  133.68	 99.93
 328.00	 325.17	 6.6232	34.1258	26.7850	 1.10	 47.79	0.041	  133.70	 99.93
 329.00	 326.16	 6.6230	34.1258	26.7851	 1.10	 47.85	0.041	  133.70	 99.93
 330.00	 327.16	 6.6227	34.1260	26.7852	 1.10	 47.86	0.041	  133.68	 99.93
 331.00	 328.15	 6.6204	34.1260	26.7856	 1.10	 47.73	0.040	  133.69	 99.93
 332.00	 329.14	 6.6171	34.1264	26.7864	 1.09	 47.49	0.041	  133.67	 99.93
 333.00	 330.13	 6.5981	34.1256	26.7883	 1.09	 47.26	0.041	  133.65	 99.93
 334.00	 331.12	 6.5751	34.1260	26.7916	 1.08	 47.14	0.041	  133.69	 99.93
 335.00	 332.11	 6.5588	34.1252	26.7931	 1.08	 46.92	0.040	  133.70	 99.93
 336.00	 333.10	 6.5406	34.1261	26.7962	 1.08	 46.81	0.040	  133.73	 99.93
 337.00	 334.09	 6.5325	34.1268	26.7979	 1.07	 46.60	0.040	  133.74	 99.93
 338.00	 335.08	 6.5134	34.1250	26.7990	 1.07	 46.36	0.040	  133.72	 99.93
 339.00	 336.07	 6.4912	34.1259	26.8026	 1.06	 46.18	0.040	  133.79	 99.93
 340.00	 337.06	 6.4838	34.1269	26.8044	 1.06	 46.03	0.040	  133.78	 99.93
 341.00	 338.05	 6.4825	34.1270	26.8047	 1.05	 45.80	0.040	  133.69	 99.93
 342.00	 339.04	 6.4813	34.1272	26.8049	 1.05	 45.64	0.040	  133.72	 99.93
 343.00	 340.03	 6.4798	34.1272	26.8052	 1.05	 45.59	0.040	  133.74	 99.93
 344.00	 341.02	 6.4778	34.1276	26.8057	 1.05	 45.58	0.040	  133.75	 99.93
 345.00	 342.01	 6.4777	34.1275	26.8057	 1.04	 45.44	0.040	  133.70	 99.93
 346.00	 343.00	 6.4754	34.1275	26.8061	 1.04	 45.34	0.040	  133.65	 99.93
 347.00	 343.99	 6.4720	34.1278	26.8067	 1.04	 45.16	0.040	  133.79	 99.93
 348.00	 344.99	 6.4693	34.1280	26.8072	 1.03	 44.85	0.040	  133.71	 99.93
 349.00	 345.98	 6.4571	34.1283	26.8091	 1.02	 44.49	0.040	  133.70	 99.93
 350.00	 346.97	 6.4303	34.1300	26.8139	 1.02	 44.32	0.040	  133.71	 99.93
 351.00	 347.96	 6.4268	34.1306	26.8149	 1.02	 44.15	0.040	  133.70	 99.93
 352.00	 348.95	 6.4244	34.1306	26.8152	 1.01	 43.98	0.040	  133.72	 99.93
 353.00	 349.94	 6.4175	34.1306	26.8161	 1.01	 43.94	0.040	  133.78	 99.93
 354.00	 350.93	 6.4124	34.1305	26.8167	 1.01	 43.92	0.040	  133.69	 99.93
 355.00	 351.92	 6.4069	34.1304	26.8173	 1.01	 43.75	0.040	  133.69	 99.93
 356.00	 352.91	 6.4028	34.1303	26.8178	 1.01	 43.71	0.040	  133.69	 99.93
 357.00	 353.90	 6.3961	34.1302	26.8186	 1.00	 43.66	0.040	  133.71	 99.93
 358.00	 354.89	 6.3936	34.1302	26.8190	 1.00	 43.62	0.041	  133.67	 99.93
 359.00	 355.88	 6.3854	34.1298	26.8198	 1.00	 43.43	0.041	  133.66	 99.94
 360.00	 356.87	 6.3575	34.1294	26.8230	 0.99	 43.14	0.040	  133.72	 99.93
 361.00	 357.86	 6.3261	34.1283	26.8262	 0.99	 43.01	0.040	  133.63	 99.94
 362.00	 358.85	 6.2881	34.1265	26.8297	 0.99	 42.85	0.040	  133.75	 99.94
 363.00	 359.84	 6.2764	34.1267	26.8314	 0.98	 42.65	0.040	  133.70	 99.94
 364.00	 360.83	 6.2719	34.1272	26.8324	 0.98	 42.45	0.040	  133.70	 99.94
 365.00	 361.82	 6.2647	34.1276	26.8337	 0.97	 42.12	0.041	  133.69	 99.94
 366.00	 362.81	 6.2508	34.1296	26.8370	 0.96	 41.83	0.041	  133.71	 99.94
 367.00	 363.80	 6.2435	34.1316	26.8395	 0.96	 41.60	0.040	  133.75	 99.94
 368.00	 364.79	 6.2443	34.1319	26.8396	 0.95	 41.30	0.040	  133.75	 99.94
 369.00	 365.78	 6.2394	34.1323	26.8407	 0.95	 41.15	0.040	  133.84	 99.94
 370.00	 366.77	 6.2342	34.1329	26.8418	 0.94	 40.81	0.040	  133.70	 99.95
 371.00	 367.77	 6.2238	34.1345	26.8444	 0.93	 40.56	0.041	  133.70	 99.94
 372.00	 368.76	 6.2224	34.1355	26.8454	 0.93	 40.34	0.041	  133.70	 99.94
 373.00	 369.75	 6.2222	34.1356	26.8455	 0.93	 40.31	0.040	  133.74	 99.95
 374.00	 370.74	 6.2201	34.1355	26.8457	 0.93	 40.30	0.040	  133.72	 99.95
 375.00	 371.73	 6.2182	34.1356	26.8460	 0.93	 40.23	0.040	  133.71	 99.95
 376.00	 372.72	 6.2177	34.1356	26.8461	 0.93	 40.24	0.041	  133.71	 99.95
 377.00	 373.71	 6.2089	34.1347	26.8465	 0.92	 40.22	0.042	  133.71	 99.95
 378.00	 374.70	 6.2039	34.1343	26.8469	 0.92	 40.07	0.041	  133.70	 99.95
 379.00	 375.69	 6.1985	34.1341	26.8474	 0.92	 40.05	0.040	  133.70	 99.95
 380.00	 376.68	 6.1917	34.1346	26.8487	 0.92	 40.11	0.040	  133.74	 99.95
 381.00	 377.67	 6.1891	34.1349	26.8492	 0.92	 40.09	0.041	  133.74	 99.95
 382.00	 378.66	 6.1877	34.1351	26.8496	 0.92	 39.96	0.041	  133.70	 99.95
 383.00	 379.65	 6.1852	34.1358	26.8505	 0.91	 39.75	0.040	  133.69	 99.95
 384.00	 380.64	 6.1824	34.1366	26.8515	 0.91	 39.57	0.040	  133.74	 99.95
 385.00	 381.63	 6.1787	34.1375	26.8527	 0.91	 39.50	0.040	  133.71	 99.95
 386.00	 382.62	 6.1759	34.1380	26.8535	 0.91	 39.39	0.040	  133.75	 99.95
 387.00	 383.61	 6.1742	34.1384	26.8540	 0.91	 39.37	0.040	  133.80	 99.95
 388.00	 384.60	 6.1721	34.1389	26.8547	 0.91	 39.41	0.040	  133.75	 99.95
 389.00	 385.59	 6.1713	34.1391	26.8549	 0.90	 39.30	0.040	  133.70	 99.95
 390.00	 386.58	 6.1700	34.1394	26.8554	 0.90	 39.16	0.040	  133.75	 99.95
 391.00	 387.57	 6.1688	34.1397	26.8557	 0.90	 39.07	0.040	  133.70	 99.95
 392.00	 388.56	 6.1674	34.1398	26.8560	 0.89	 38.89	0.041	  133.70	 99.95
 393.00	 389.55	 6.1594	34.1412	26.8582	 0.89	 38.73	0.041	  133.70	 99.95
 394.00	 390.54	 6.1538	34.1421	26.8596	 0.89	 38.62	0.040	  133.70	 99.95
 395.00	 391.53	 6.1506	34.1427	26.8605	 0.89	 38.52	0.040	  133.65	 99.95
 396.00	 392.52	 6.1503	34.1428	26.8606	 0.88	 38.40	0.040	  133.65	 99.95
 397.00	 393.51	 6.1443	34.1437	26.8621	 0.88	 38.18	0.040	  133.63	 99.95
 398.00	 394.50	 6.1387	34.1449	26.8637	 0.88	 38.09	0.041	  133.74	 99.95
 399.00	 395.49	 6.1365	34.1453	26.8643	 0.87	 37.99	0.040	  133.69	 99.95
 400.00	 396.48	 6.1358	34.1455	26.8646	 0.87	 37.96	0.041	  133.70	 99.95
 401.00	 397.48	 6.1356	34.1455	26.8646	 0.87	 37.73	0.041	  133.70	 99.95
 402.00	 398.47	 6.1344	34.1457	26.8650	 0.86	 37.53	0.040	  133.69	 99.95
 403.00	 399.46	 6.1198	34.1490	26.8695	 0.86	 37.51	0.040	  133.67	 99.95
 404.00	 400.45	 6.1122	34.1517	26.8726	 0.86	 37.32	0.040	  133.72	 99.95
 405.00	 401.44	 6.1090	34.1524	26.8736	 0.85	 37.05	0.040	  133.72	 99.95
 406.00	 402.43	 6.1054	34.1532	26.8746	 0.85	 36.91	0.041	  133.66	 99.95
 407.00	 403.42	 6.1009	34.1541	26.8759	 0.84	 36.74	0.040	  133.68	 99.95
 408.00	 404.41	 6.0983	34.1546	26.8767	 0.84	 36.62	0.040	  133.70	 99.95
 409.00	 405.40	 6.0945	34.1553	26.8777	 0.84	 36.53	0.040	  133.72	 99.95
 410.00	 406.39	 6.0913	34.1558	26.8785	 0.84	 36.51	0.041	  133.65	 99.96
 411.00	 407.38	 6.0904	34.1560	26.8788	 0.84	 36.48	0.041	  133.64	 99.96
 412.00	 408.37	 6.0887	34.1564	26.8793	 0.84	 36.39	0.040	  133.64	 99.96
 413.00	 409.36	 6.0870	34.1567	26.8798	 0.83	 36.29	0.040	  133.69	 99.95
 414.00	 410.35	 6.0858	34.1569	26.8801	 0.83	 36.24	0.040	  133.68	 99.95
 415.00	 411.34	 6.0862	34.1572	26.8803	 0.83	 36.22	0.040	  133.68	 99.95
 416.00	 412.33	 6.0836	34.1579	26.8812	 0.83	 36.05	0.040	  133.64	 99.95
 417.00	 413.32	 6.0815	34.1581	26.8817	 0.83	 35.89	0.040	  133.63	 99.96
 418.00	 414.31	 6.0694	34.1592	26.8840	 0.82	 35.78	0.040	  133.60	 99.96
 419.00	 415.30	 6.0606	34.1606	26.8863	 0.82	 35.67	0.040	  133.63	 99.96
 420.00	 416.29	 6.0589	34.1608	26.8867	 0.82	 35.53	0.040	  133.53	 99.97
 421.00	 417.28	 6.0586	34.1609	26.8868	 0.82	 35.49	0.040	  133.65	 99.96
 422.00	 418.27	 6.0580	34.1609	26.8869	 0.81	 35.32	0.040	  133.66	 99.96
 423.00	 419.26	 6.0542	34.1611	26.8876	 0.81	 35.22	0.040	  133.67	 99.96
 424.00	 420.25	 6.0498	34.1625	26.8892	 0.81	 35.04	0.040	  133.62	 99.96
 425.00	 421.24	 6.0423	34.1629	26.8905	 0.80	 34.96	0.040	  133.60	 99.97
 426.00	 422.23	 6.0333	34.1646	26.8929	 0.80	 34.90	0.041	  133.59	 99.97
 427.00	 423.22	 6.0300	34.1648	26.8935	 0.80	 34.64	0.041	  133.61	 99.97
 428.00	 424.21	 6.0191	34.1655	26.8955	 0.79	 34.36	0.040	  133.61	 99.98
 429.00	 425.20	 6.0149	34.1661	26.8965	 0.79	 34.28	0.042	  133.66	 99.97
 430.00	 426.19	 6.0139	34.1664	26.8969	 0.79	 34.30	0.040	  133.58	 99.97
 431.00	 427.18	 6.0133	34.1665	26.8970	 0.79	 34.24	0.040	  133.60	 99.97
 432.00	 428.17	 6.0136	34.1664	26.8969	 0.79	 34.24	0.041	  133.58	 99.97
 433.00	 429.16	 6.0122	34.1664	26.8971	 0.79	 34.21	0.042	  133.57	 99.98
 434.00	 430.15	 6.0063	34.1667	26.8981	 0.78	 33.96	0.040	  133.56	 99.98
 435.00	 431.14	 5.9932	34.1671	26.9001	 0.77	 33.66	0.040	  133.62	 99.97
 436.00	 432.13	 5.9620	34.1688	26.9054	 0.77	 33.28	0.040	  133.64	 99.97
 437.00	 433.12	 5.9477	34.1695	26.9077	 0.76	 33.06	0.041	  133.69	 99.98
 438.00	 434.11	 5.9232	34.1691	26.9104	 0.76	 33.01	0.042	  133.66	 99.97
 439.00	 435.10	 5.9102	34.1701	26.9129	 0.76	 32.87	0.041	  133.66	 99.97
 440.00	 436.09	 5.8947	34.1694	26.9142	 0.75	 32.76	0.040	  133.61	 99.98
 441.00	 437.08	 5.8830	34.1693	26.9156	 0.75	 32.59	0.040	  133.57	 99.98
 442.00	 438.07	 5.8819	34.1693	26.9158	 0.75	 32.47	0.040	  133.66	 99.98
 443.00	 439.06	 5.8805	34.1692	26.9159	 0.74	 32.36	0.040	  133.66	 99.98
 444.00	 440.05	 5.8757	34.1693	26.9165	 0.74	 32.19	0.041	  133.64	 99.98
 445.00	 441.04	 5.8708	34.1689	26.9169	 0.74	 31.98	0.042	  133.65	 99.98
 446.00	 442.03	 5.8769	34.1743	26.9203	 0.73	 31.72	0.040	  133.61	 99.98
 447.00	 443.02	 5.8648	34.1740	26.9216	 0.73	 31.65	0.041	  133.60	 99.98
 448.00	 444.01	 5.8280	34.1725	26.9250	 0.73	 31.59	0.041	  133.59	 99.98
 449.00	 445.00	 5.8039	34.1703	26.9263	 0.73	 31.54	0.040	  133.61	 99.98
 450.00	 445.99	 5.7906	34.1689	26.9268	 0.73	 31.59	0.041	  133.61	 99.98
 451.00	 446.98	 5.7725	34.1663	26.9270	 0.73	 31.54	0.041	  133.64	 99.98
 452.00	 447.97	 5.7549	34.1652	26.9283	 0.72	 31.38	0.040	  133.68	 99.98
 453.00	 448.96	 5.7501	34.1657	26.9293	 0.72	 31.17	0.040	  133.63	 99.98
 454.00	 449.95	 5.7437	34.1690	26.9327	 0.71	 30.88	0.040	  133.56	 99.98
 455.00	 450.94	 5.7240	34.1660	26.9327	 0.70	 30.55	0.040	  133.62	 99.98
 456.00	 451.93	 5.6800	34.1691	26.9405	 0.70	 30.38	0.041	  133.58	 99.98
 457.00	 452.92	 5.6770	34.1699	26.9416	 0.69	 30.13	0.041	  133.56	 99.98
 458.00	 453.91	 5.6759	34.1713	26.9428	 0.68	 29.79	0.040	  133.65	 99.98
 459.00	 454.90	 5.6713	34.1739	26.9455	 0.68	 29.42	0.040	  133.66	 99.98
 460.00	 455.89	 5.6674	34.1775	26.9488	 0.67	 28.96	0.040	  133.63	 99.98
 461.00	 456.88	 5.6824	34.1836	26.9518	 0.66	 28.56	0.040	  133.61	 99.98
 462.00	 457.87	 5.6970	34.1874	26.9530	 0.65	 28.27	0.041	  133.61	 99.98
 463.00	 458.86	 5.7105	34.1903	26.9537	 0.64	 27.90	0.041	  133.58	 99.98
 464.00	 459.85	 5.7186	34.1926	26.9545	 0.64	 27.66	0.040	  133.68	 99.98
 465.00	 460.84	 5.7241	34.1938	26.9548	 0.63	 27.48	0.040	  133.64	 99.98
 466.00	 461.83	 5.7287	34.1953	26.9555	 0.63	 27.35	0.041	  133.63	 99.98
 467.00	 462.82	 5.7301	34.1969	26.9565	 0.63	 27.27	0.041	  133.61	 99.98
 468.00	 463.81	 5.7305	34.1972	26.9567	 0.63	 27.23	0.040	  133.57	 99.98
 469.00	 464.80	 5.7306	34.1973	26.9568	 0.63	 27.25	0.040	  133.57	 99.99
 470.00	 465.79	 5.7258	34.1971	26.9572	 0.63	 27.23	0.040	  133.63	 99.99
 471.00	 466.78	 5.7224	34.1971	26.9577	 0.62	 27.18	0.040	  133.63	 99.99
 472.00	 467.77	 5.7215	34.1969	26.9576	 0.63	 27.20	0.041	  133.55	 99.99
 473.00	 468.76	 5.7121	34.1960	26.9581	 0.63	 27.27	0.040	  133.60	 99.99
 474.00	 469.75	 5.6953	34.1936	26.9583	 0.63	 27.45	0.040	  133.59	 99.99
 475.00	 470.74	 5.6741	34.1910	26.9588	 0.63	 27.53	0.040	  133.60	100.00
 476.00	 471.73	 5.6449	34.1882	26.9601	 0.63	 27.48	0.040	  133.59	 99.99
 477.00	 472.72	 5.6180	34.1892	26.9642	 0.63	 27.20	0.040	  133.59	 99.99
 478.00	 473.71	 5.6068	34.1946	26.9698	 0.62	 26.91	0.040	  133.56	 99.99
 479.00	 474.70	 5.6050	34.1967	26.9717	 0.61	 26.69	0.040	  133.60	 99.99
 480.00	 475.69	 5.6029	34.1974	26.9725	 0.61	 26.54	0.040	  133.62	 99.99
 481.00	 476.68	 5.5992	34.1981	26.9736	 0.61	 26.42	0.041	  133.62	 99.99
 482.00	 477.67	 5.5947	34.1983	26.9742	 0.61	 26.31	0.041	  133.56	 99.99
 483.00	 478.66	 5.5926	34.1981	26.9744	 0.61	 26.36	0.041	  133.57	 99.99
 484.00	 479.65	 5.5885	34.1977	26.9746	 0.61	 26.35	0.041	  133.59	 99.99
 485.00	 480.64	 5.5797	34.1963	26.9745	 0.60	 26.30	0.040	  133.64	 99.99
 486.00	 481.63	 5.5790	34.1966	26.9749	 0.60	 26.19	0.040	  133.56	100.00
 487.00	 482.62	 5.5818	34.1975	26.9752	 0.60	 26.16	0.040	  133.56	100.00
 488.00	 483.61	 5.5800	34.1971	26.9752	 0.60	 26.16	0.040	  133.60	 99.99
 489.00	 484.60	 5.5765	34.1973	26.9757	 0.60	 26.13	0.040	  133.57	100.00
 490.00	 485.59	 5.5725	34.1980	26.9768	 0.60	 26.13	0.040	  133.56	100.00
 491.00	 486.58	 5.5741	34.1989	26.9773	 0.60	 25.96	0.040	  133.55	 99.99
 492.00	 487.57	 5.5730	34.1989	26.9775	 0.59	 25.83	0.040	  133.59	100.00
 493.00	 488.56	 5.5659	34.1989	26.9783	 0.59	 25.77	0.040	  133.56	100.00
 494.00	 489.55	 5.5636	34.1994	26.9790	 0.59	 25.72	0.041	  133.58	100.00
 495.00	 490.54	 5.5669	34.2003	26.9793	 0.59	 25.59	0.040	  133.52	100.00
 496.00	 491.53	 5.5656	34.2003	26.9795	 0.59	 25.68	0.040	  133.56	100.00
 497.00	 492.52	 5.5609	34.1998	26.9797	 0.59	 25.69	0.040	  133.53	100.00
 498.00	 493.51	 5.5545	34.1996	26.9803	 0.59	 25.66	0.040	  133.59	100.00
 499.00	 494.50	 5.5522	34.1994	26.9805	 0.59	 25.63	0.042	  133.57	100.00
 500.00	 495.49	 5.5473	34.1988	26.9806	 0.59	 25.59	0.041	  133.57	100.00
 501.00	 496.48	 5.5378	34.1976	26.9807	 0.59	 25.57	0.040	  133.53	100.00
 502.00	 497.47	 5.5244	34.1966	26.9815	 0.59	 25.52	0.040	  133.56	100.00
 503.00	 498.46	 5.5126	34.1965	26.9830	 0.59	 25.52	0.041	  133.57	100.00
 504.00	 499.45	 5.5083	34.1969	26.9838	 0.59	 25.57	0.042	  133.63	100.00
 505.00	 500.44	 5.5094	34.1974	26.9840	 0.59	 25.52	0.041	  133.60	100.00
 506.00	 501.43	 5.5029	34.1971	26.9846	 0.58	 25.43	0.041	  133.57	100.00
 507.00	 502.42	 5.4986	34.1970	26.9851	 0.58	 25.31	0.041	  133.52	100.00
 508.00	 503.40	 5.4892	34.1962	26.9855	 0.58	 25.32	0.041	  133.53	 99.99
 509.00	 504.39	 5.4732	34.1948	26.9863	 0.58	 25.35	0.042	  133.55	100.00
 510.00	 505.38	 5.4667	34.1947	26.9871	 0.58	 25.33	0.042	  133.51	100.00
 511.00	 506.37	 5.4496	34.1926	26.9874	 0.58	 25.34	0.041	  133.57	100.00
 512.00	 507.36	 5.4446	34.1936	26.9888	 0.58	 25.20	0.040	  133.61	100.00
 513.00	 508.35	 5.4358	34.1938	26.9901	 0.58	 25.16	0.040	  133.61	100.00
 514.00	 509.34	 5.4373	34.1942	26.9902	 0.58	 25.13	0.040	  133.55	100.00
 515.00	 510.33	 5.4402	34.1940	26.9897	 0.57	 25.00	0.040	  133.48	100.00
 516.00	 511.32	 5.4363	34.1930	26.9894	 0.57	 24.97	0.040	  133.51	100.00
 517.00	 512.31	 5.4138	34.1941	26.9929	 0.57	 24.93	0.040	  133.50	100.00
 518.00	 513.30	 5.4208	34.1946	26.9925	 0.57	 24.82	0.041	  133.57	100.00
 519.00	 514.29	 5.3976	34.1935	26.9944	 0.57	 24.76	0.041	  133.48	100.00
 520.00	 515.28	 5.3950	34.1947	26.9957	 0.57	 24.58	0.040	  133.51	100.00
 521.00	 516.27	 5.3928	34.1951	26.9963	 0.56	 24.47	0.040	  133.48	100.00
 522.00	 517.26	 5.3956	34.1965	26.9971	 0.56	 24.36	0.040	  133.50	100.00
 523.00	 518.25	 5.3961	34.1973	26.9976	 0.56	 24.24	0.040	  133.43	100.00
 524.00	 519.24	 5.3933	34.1971	26.9978	 0.56	 24.24	0.040	  133.49	100.00
 525.00	 520.23	 5.3912	34.1979	26.9987	 0.55	 24.12	0.040	  133.53	100.00
 526.00	 521.22	 5.3979	34.2000	26.9996	 0.55	 23.94	0.040	  133.56	100.00
 527.00	 522.21	 5.3966	34.2005	27.0002	 0.55	 23.74	0.040	  133.52	100.00
 528.00	 523.20	 5.3951	34.2023	27.0017	 0.55	 23.73	0.040	  133.51	100.00
 529.00	 524.19	 5.3909	34.2018	27.0018	 0.55	 23.76	0.040	  133.50	100.00
 530.00	 525.18	 5.3841	34.2015	27.0025	 0.55	 23.80	0.040	  133.49	100.00
 531.00	 526.17	 5.3830	34.2019	27.0029	 0.55	 23.76	0.041	  133.47	100.00
 532.00	 527.16	 5.3853	34.2020	27.0027	 0.55	 23.72	0.041	  133.54	100.00
 533.00	 528.15	 5.3819	34.2016	27.0028	 0.54	 23.64	0.041	  133.55	100.00
 534.00	 529.14	 5.3787	34.2011	27.0028	 0.54	 23.60	0.042	  133.53	100.00
 535.00	 530.13	 5.3676	34.2002	27.0034	 0.54	 23.59	0.041	  133.45	100.00
 536.00	 531.12	 5.3648	34.2006	27.0041	 0.54	 23.63	0.041	  133.49	100.00
 537.00	 532.11	 5.3631	34.2006	27.0043	 0.54	 23.66	0.041	  133.45	100.00
 538.00	 533.10	 5.3582	34.2001	27.0045	 0.54	 23.60	0.040	  133.50	100.00
 539.00	 534.08	 5.3516	34.1996	27.0049	 0.54	 23.55	0.040	  133.41	100.00
 540.00	 535.07	 5.3447	34.1990	27.0052	 0.54	 23.45	0.040	  133.43	100.00
 541.00	 536.06	 5.3395	34.1984	27.0054	 0.54	 23.38	0.041	  133.44	100.00
 542.00	 537.05	 5.3291	34.1987	27.0068	 0.54	 23.45	0.041	  133.46	100.00
 543.00	 538.04	 5.3241	34.1986	27.0073	 0.54	 23.39	0.040	  133.42	100.00
 544.00	 539.03	 5.3144	34.1987	27.0086	 0.53	 23.24	0.040	  133.41	100.00
 545.00	 540.02	 5.3101	34.1991	27.0094	 0.53	 23.19	0.041	  133.43	100.00
 546.00	 541.01	 5.2990	34.1984	27.0102	 0.53	 23.07	0.040	  133.41	100.00
 547.00	 542.00	 5.2932	34.1992	27.0115	 0.53	 22.90	0.040	  133.46	100.00
 548.00	 542.99	 5.2964	34.2020	27.0134	 0.52	 22.74	0.041	  133.41	100.00
 549.00	 543.98	 5.3094	34.2053	27.0145	 0.52	 22.57	0.041	  133.46	100.00
 550.00	 544.97	 5.3117	34.2061	27.0148	 0.52	 22.41	0.040	  133.46	100.00
 551.00	 545.96	 5.3171	34.2079	27.0156	 0.51	 22.22	0.040	  133.51	100.00
 552.00	 546.95	 5.3218	34.2093	27.0162	 0.51	 22.00	0.040	  133.51	100.00
 553.00	 547.94	 5.3330	34.2124	27.0174	 0.50	 21.89	0.042	  133.43	100.00
 554.00	 548.93	 5.3384	34.2138	27.0178	 0.50	 21.76	0.042	  133.43	100.00
 555.00	 549.92	 5.3391	34.2145	27.0183	 0.50	 21.62	0.041	  133.42	100.00
 556.00	 550.91	 5.3430	34.2167	27.0196	 0.49	 21.51	0.040	  133.47	100.00
 557.00	 551.90	 5.3501	34.2186	27.0203	 0.49	 21.35	0.040	  133.42	100.00
 558.00	 552.89	 5.3538	34.2195	27.0206	 0.49	 21.26	0.040	  133.41	100.00
 559.00	 553.88	 5.3536	34.2195	27.0206	 0.49	 21.13	0.040	  133.46	100.00
 560.00	 554.87	 5.3553	34.2201	27.0209	 0.49	 21.13	0.040	  133.38	100.00
 561.00	 555.85	 5.3709	34.2242	27.0223	 0.48	 21.04	0.040	  133.32	100.00
 562.00	 556.84	 5.3744	34.2260	27.0233	 0.48	 20.79	0.040	  133.41	100.00
 563.00	 557.83	 5.3420	34.2245	27.0259	 0.48	 20.70	0.040	  133.38	100.00
 564.00	 558.82	 5.3088	34.2256	27.0307	 0.48	 20.73	0.040	  133.40	100.00
 565.00	 559.81	 5.2871	34.2251	27.0329	 0.47	 20.60	0.041	  133.46	100.00
 566.00	 560.80	 5.2772	34.2254	27.0343	 0.47	 20.62	0.041	  133.41	100.00
 567.00	 561.79	 5.2741	34.2262	27.0354	 0.47	 20.57	0.041	  133.41	100.00
 568.00	 562.78	 5.2730	34.2268	27.0359	 0.47	 20.36	0.041	  133.38	100.00
 569.00	 563.77	 5.2724	34.2278	27.0368	 0.46	 20.21	0.040	  133.37	100.00
 570.00	 564.76	 5.2715	34.2299	27.0386	 0.46	 19.90	0.040	  133.46	100.00
 571.00	 565.75	 5.2744	34.2334	27.0410	 0.45	 19.58	0.040	  133.41	100.00
 572.00	 566.74	 5.2822	34.2357	27.0420	 0.44	 19.32	0.041	  133.43	100.00
 573.00	 567.73	 5.3106	34.2483	27.0486	 0.44	 19.09	0.041	  133.38	100.00
 574.00	 568.72	 5.3237	34.2511	27.0493	 0.43	 18.78	0.040	  133.31	100.00
 575.00	 569.71	 5.3322	34.2551	27.0515	 0.43	 18.58	0.041	  133.33	100.00
 576.00	 570.70	 5.3103	34.2564	27.0551	 0.42	 18.42	0.041	  133.40	100.00
 577.00	 571.69	 5.2816	34.2536	27.0563	 0.42	 18.44	0.041	  133.43	100.00
 578.00	 572.68	 5.2750	34.2531	27.0567	 0.43	 18.56	0.040	  133.32	100.00
 579.00	 573.66	 5.2717	34.2525	27.0565	 0.43	 18.57	0.040	  133.40	100.00
 580.00	 574.65	 5.2704	34.2523	27.0566	 0.43	 18.49	0.040	  133.32	100.00
 581.00	 575.64	 5.2658	34.2516	27.0566	 0.42	 18.37	0.040	  133.43	100.00
 582.00	 576.63	 5.2559	34.2501	27.0565	 0.42	 18.22	0.040	  133.44	100.00
 583.00	 577.62	 5.2597	34.2557	27.0605	 0.41	 17.94	0.040	  133.37	100.00
 584.00	 578.61	 5.2726	34.2627	27.0646	 0.41	 17.62	0.040	  133.33	100.00
 585.00	 579.60	 5.3087	34.2763	27.0711	 0.40	 17.28	0.040	  133.33	100.00
 586.00	 580.59	 5.3087	34.2781	27.0726	 0.39	 17.01	0.040	  133.32	100.00
 587.00	 581.58	 5.3057	34.2798	27.0743	 0.39	 16.87	0.041	  133.35	100.00
 588.00	 582.57	 5.2947	34.2804	27.0761	 0.39	 16.79	0.042	  133.33	100.00
 589.00	 583.56	 5.2876	34.2803	27.0768	 0.39	 16.79	0.040	  133.35	100.00
 590.00	 584.55	 5.2860	34.2804	27.0771	 0.39	 16.87	0.040	  133.35	100.00
 591.00	 585.54	 5.2843	34.2804	27.0773	 0.39	 16.83	0.040	  133.31	100.00
 592.00	 586.53	 5.2830	34.2802	27.0773	 0.39	 16.80	0.041	  133.36	100.00
 593.00	 587.52	 5.2751	34.2799	27.0780	 0.39	 16.76	0.042	  133.32	100.00
 594.00	 588.51	 5.2701	34.2799	27.0786	 0.39	 16.83	0.040	  133.31	100.00
 595.00	 589.49	 5.2685	34.2799	27.0788	 0.39	 16.89	0.041	  133.30	100.00
 596.00	 590.48	 5.2684	34.2796	27.0786	 0.39	 16.87	0.041	  133.33	100.00
 597.00	 591.47	 5.2623	34.2792	27.0790	 0.39	 16.84	0.040	  133.34	100.00
 598.00	 592.46	 5.2446	34.2791	27.0810	 0.39	 16.85	0.041	  133.34	100.00
 599.00	 593.45	 5.2370	34.2791	27.0819	 0.39	 16.90	0.041	  133.32	100.00
 600.00	 594.44	 5.2272	34.2785	27.0826	 0.39	 16.97	0.040	  133.36	100.00
 601.00	 595.43	 5.2209	34.2783	27.0832	 0.39	 16.98	0.040	  133.34	100.00
 602.00	 596.42	 5.2129	34.2783	27.0841	 0.39	 16.83	0.041	  133.36	100.00
 603.00	 597.41	 5.2108	34.2791	27.0849	 0.39	 16.87	0.041	  133.31	100.00
 604.00	 598.40	 5.2086	34.2791	27.0852	 0.39	 16.81	0.041	  133.29	100.00
 605.00	 599.39	 5.2067	34.2795	27.0858	 0.39	 16.81	0.042	  133.28	100.00
 606.00	 600.38	 5.2011	34.2791	27.0862	 0.39	 16.88	0.041	  133.30	100.00
 607.00	 601.37	 5.1936	34.2791	27.0870	 0.38	 16.71	0.040	  133.34	100.00
 608.00	 602.36	 5.1833	34.2789	27.0880	 0.38	 16.71	0.040	  133.28	100.00
 609.00	 603.34	 5.1782	34.2793	27.0890	 0.38	 16.72	0.040	  133.29	100.00
 610.00	 604.33	 5.1726	34.2796	27.0899	 0.38	 16.74	0.041	  133.26	100.00
 611.00	 605.32	 5.1705	34.2802	27.0906	 0.39	 16.77	0.040	  133.27	100.00
 612.00	 606.31	 5.1712	34.2801	27.0905	 0.38	 16.73	0.042	  133.26	100.00
 613.00	 607.30	 5.1705	34.2802	27.0907	 0.38	 16.73	0.042	  133.32	100.00
 614.00	 608.29	 5.1704	34.2802	27.0907	 0.38	 16.72	0.042	  133.26	100.00
 615.00	 609.28	 5.1683	34.2806	27.0912	 0.38	 16.71	0.040	  133.23	100.00
 616.00	 610.27	 5.1682	34.2810	27.0915	 0.39	 16.75	0.040	  133.26	100.00
 617.00	 611.26	 5.1686	34.2815	27.0920	 0.38	 16.65	0.041	  133.29	100.00
 618.00	 612.25	 5.1715	34.2818	27.0918	 0.38	 16.52	0.040	  133.30	100.00
 619.00	 613.24	 5.1741	34.2822	27.0919	 0.38	 16.56	0.041	  133.23	100.00
 620.00	 614.23	 5.1740	34.2822	27.0919	 0.38	 16.59	0.041	  133.24	100.00
 621.00	 615.22	 5.1713	34.2824	27.0924	 0.38	 16.66	0.040	  133.23	100.00
 622.00	 616.20	 5.1688	34.2829	27.0931	 0.38	 16.52	0.040	  133.27	100.00
 623.00	 617.19	 5.1683	34.2831	27.0933	 0.38	 16.56	0.042	  133.33	100.00
 624.00	 618.18	 5.1672	34.2836	27.0938	 0.38	 16.50	0.041	  133.26	100.00
 625.00	 619.17	 5.1664	34.2845	27.0947	 0.38	 16.45	0.041	  133.21	100.00
 626.00	 620.16	 5.1647	34.2857	27.0958	 0.38	 16.48	0.041	  133.25	100.00
 627.00	 621.15	 5.1599	34.2867	27.0971	 0.38	 16.39	0.041	  133.24	100.00
 628.00	 622.14	 5.1581	34.2870	27.0976	 0.38	 16.32	0.042	  133.27	100.00
 629.00	 623.13	 5.1542	34.2871	27.0982	 0.38	 16.38	0.042	  133.20	100.00
 630.00	 624.12	 5.1297	34.2867	27.1007	 0.38	 16.37	0.041	  133.23	100.00
 631.00	 625.11	 5.1215	34.2870	27.1018	 0.38	 16.39	0.040	  133.22	100.00
 632.00	 626.10	 5.1201	34.2879	27.1027	 0.38	 16.31	0.042	  133.23	100.00
 633.00	 627.09	 5.1166	34.2890	27.1040	 0.37	 16.20	0.041	  133.19	100.00
 634.00	 628.07	 5.1086	34.2896	27.1054	 0.37	 16.14	0.040	  133.31	100.00
 635.00	 629.06	 5.1012	34.2903	27.1069	 0.37	 16.18	0.040	  133.20	100.00
 636.00	 630.05	 5.0910	34.2913	27.1088	 0.37	 16.15	0.040	  133.20	100.00
 637.00	 631.04	 5.0822	34.2929	27.1111	 0.37	 16.04	0.041	  133.22	100.00
 638.00	 632.03	 5.0791	34.2933	27.1118	 0.37	 15.99	0.040	  133.27	100.00
 639.00	 633.02	 5.0769	34.2934	27.1121	 0.37	 15.99	0.040	  133.18	100.00
 640.00	 634.01	 5.0747	34.2938	27.1127	 0.37	 16.00	0.040	  133.20	100.00
 641.00	 635.00	 5.0662	34.2945	27.1143	 0.37	 15.95	0.041	  133.22	100.00
 642.00	 635.99	 5.0608	34.2949	27.1152	 0.36	 15.77	0.041	  133.28	100.00
 643.00	 636.98	 5.0561	34.2960	27.1166	 0.36	 15.81	0.040	  133.33	100.00
 644.00	 637.97	 5.0513	34.2972	27.1182	 0.36	 15.65	0.041	  133.21	100.00
 645.00	 638.96	 5.0489	34.2983	27.1193	 0.36	 15.63	0.041	  133.21	100.00
 646.00	 639.94	 5.0463	34.2994	27.1204	 0.36	 15.62	0.041	  133.22	100.00
 647.00	 640.93	 5.0407	34.3023	27.1235	 0.36	 15.46	0.041	  133.22	100.00
 648.00	 641.92	 5.0338	34.3039	27.1255	 0.35	 15.34	0.040	  133.13	100.00
 649.00	 642.91	 5.0278	34.3051	27.1272	 0.35	 15.24	0.040	  133.21	100.00
 650.00	 643.90	 5.0261	34.3055	27.1276	 0.35	 15.31	0.041	  133.16	100.00
 651.00	 644.89	 5.0253	34.3056	27.1278	 0.35	 15.29	0.041	  133.18	100.00
 652.00	 645.88	 5.0244	34.3055	27.1279	 0.35	 15.30	0.040	  133.30	100.00
 653.00	 646.87	 5.0223	34.3058	27.1283	 0.35	 15.30	0.040	  133.15	100.00
 654.00	 647.86	 5.0226	34.3058	27.1283	 0.35	 15.31	0.040	  133.21	100.00
 655.00	 648.85	 5.0227	34.3058	27.1283	 0.35	 15.32	0.040	  133.18	100.00
 656.00	 649.84	 5.0218	34.3056	27.1283	 0.35	 15.29	0.041	  133.16	100.00
 657.00	 650.82	 5.0206	34.3057	27.1285	 0.35	 15.30	0.041	  133.15	100.00
 658.00	 651.81	 5.0172	34.3061	27.1292	 0.35	 15.29	0.041	  133.19	100.00
 659.00	 652.80	 5.0155	34.3062	27.1295	 0.35	 15.30	0.040	  133.20	100.00
 660.00	 653.79	 5.0142	34.3064	27.1298	 0.35	 15.32	0.040	  133.13	100.00
 661.00	 654.78	 5.0131	34.3065	27.1300	 0.35	 15.26	0.040	  133.13	100.00
 662.00	 655.77	 5.0117	34.3066	27.1303	 0.35	 15.23	0.041	  133.10	100.00
 663.00	 656.76	 5.0080	34.3069	27.1309	 0.35	 15.32	0.042	  133.15	100.00
 664.00	 657.75	 5.0030	34.3077	27.1321	 0.35	 15.26	0.042	  133.13	100.00
 665.00	 658.74	 4.9991	34.3081	27.1330	 0.35	 15.16	0.041	  133.05	100.00
 666.00	 659.73	 4.9979	34.3081	27.1331	 0.35	 15.15	0.040	  133.15	100.00
 667.00	 660.71	 4.9965	34.3083	27.1334	 0.35	 15.23	0.040	  133.18	100.00
 668.00	 661.70	 4.9952	34.3084	27.1336	 0.35	 15.27	0.040	  133.19	100.00
 669.00	 662.69	 4.9932	34.3088	27.1342	 0.35	 15.13	0.040	  133.12	100.00
 670.00	 663.68	 4.9887	34.3090	27.1349	 0.35	 15.10	0.041	  133.15	100.00
 671.00	 664.67	 4.9729	34.3090	27.1367	 0.35	 15.19	0.041	  133.10	100.00
 672.00	 665.66	 4.9619	34.3099	27.1386	 0.35	 15.23	0.042	  133.14	100.00
 673.00	 666.65	 4.9580	34.3110	27.1400	 0.35	 15.20	0.042	  133.15	100.00
 674.00	 667.64	 4.9567	34.3110	27.1402	 0.35	 15.12	0.041	  133.07	100.00
 675.00	 668.63	 4.9550	34.3111	27.1404	 0.35	 15.11	0.040	  133.10	100.00
 676.00	 669.61	 4.9419	34.3111	27.1419	 0.35	 15.14	0.040	  133.08	100.00
 677.00	 670.60	 4.9289	34.3117	27.1439	 0.35	 15.04	0.040	  133.08	100.00
 678.00	 671.59	 4.9274	34.3117	27.1441	 0.34	 14.94	0.040	  133.11	100.00
 679.00	 672.58	 4.9255	34.3118	27.1443	 0.34	 15.00	0.041	  133.10	100.00
 680.00	 673.57	 4.9256	34.3116	27.1442	 0.35	 15.02	0.040	  133.13	100.00
 681.00	 674.56	 4.9199	34.3114	27.1447	 0.34	 14.97	0.040	  133.10	100.00
 682.00	 675.55	 4.9079	34.3115	27.1461	 0.34	 14.89	0.040	  133.10	100.00
 683.00	 676.54	 4.8991	34.3119	27.1474	 0.34	 14.89	0.041	  133.16	100.00
 684.00	 677.53	 4.8836	34.3121	27.1494	 0.35	 15.07	0.041	  133.12	100.00
 685.00	 678.52	 4.8811	34.3137	27.1509	 0.34	 14.94	0.041	  133.10	100.00
 686.00	 679.50	 4.8832	34.3143	27.1512	 0.34	 14.82	0.041	  133.07	100.00
 687.00	 680.49	 4.8846	34.3145	27.1512	 0.34	 14.87	0.040	  133.09	100.00
 688.00	 681.48	 4.8841	34.3147	27.1514	 0.34	 15.00	0.040	  133.16	100.00
 689.00	 682.47	 4.8824	34.3152	27.1520	 0.34	 14.89	0.040	  133.11	100.00
 690.00	 683.46	 4.8783	34.3163	27.1533	 0.34	 14.83	0.040	  133.09	100.00
 691.00	 684.45	 4.8733	34.3173	27.1547	 0.34	 14.84	0.040	  133.09	100.00
 692.00	 685.44	 4.8708	34.3179	27.1554	 0.34	 14.92	0.040	  133.12	100.00
 693.00	 686.43	 4.8661	34.3186	27.1565	 0.34	 14.90	0.040	  133.07	100.00
 694.00	 687.42	 4.8623	34.3185	27.1569	 0.34	 14.83	0.041	  133.10	100.00
 695.00	 688.40	 4.8586	34.3192	27.1579	 0.34	 14.85	0.042	  133.11	100.00
 696.00	 689.39	 4.8381	34.3168	27.1583	 0.34	 14.87	0.041	  133.08	100.00
 697.00	 690.38	 4.8192	34.3175	27.1609	 0.34	 14.87	0.040	  133.05	100.00
 698.00	 691.37	 4.8157	34.3179	27.1617	 0.34	 14.79	0.042	  133.12	100.00
 699.00	 692.36	 4.8119	34.3180	27.1622	 0.34	 14.73	0.042	  133.06	100.00
 700.00	 693.35	 4.8078	34.3180	27.1627	 0.34	 14.69	0.041	  133.06	100.00
 701.00	 694.34	 4.8054	34.3179	27.1629	 0.34	 14.72	0.040	  133.07	100.00
 702.00	 695.33	 4.8033	34.3177	27.1629	 0.34	 14.63	0.041	  133.06	100.00
 703.00	 696.31	 4.8008	34.3179	27.1634	 0.34	 14.66	0.042	  133.08	100.00
 704.00	 697.30	 4.8002	34.3180	27.1636	 0.34	 14.68	0.041	  133.07	100.00
 705.00	 698.29	 4.7993	34.3181	27.1638	 0.34	 14.62	0.040	  133.05	100.00
 706.00	 699.28	 4.7981	34.3182	27.1640	 0.33	 14.53	0.040	  133.10	100.00
 707.00	 700.27	 4.7970	34.3183	27.1641	 0.34	 14.61	0.041	  133.09	100.00
 708.00	 701.26	 4.7900	34.3183	27.1650	 0.34	 14.68	0.041	  132.99	100.00
 709.00	 702.25	 4.7778	34.3186	27.1666	 0.33	 14.53	0.040	  133.06	100.00
 710.00	 703.24	 4.7666	34.3183	27.1676	 0.33	 14.47	0.040	  133.10	100.00
 711.00	 704.23	 4.7492	34.3180	27.1693	 0.33	 14.51	0.040	  133.08	100.00
 712.00	 705.21	 4.7340	34.3181	27.1710	 0.33	 14.50	0.040	  133.11	100.00
 713.00	 706.20	 4.7305	34.3184	27.1717	 0.33	 14.39	0.040	  133.10	100.00
 714.00	 707.19	 4.7267	34.3192	27.1728	 0.33	 14.35	0.040	  133.08	100.00
 715.00	 708.18	 4.7225	34.3194	27.1734	 0.33	 14.45	0.040	  133.10	100.00
 716.00	 709.17	 4.7090	34.3204	27.1757	 0.33	 14.39	0.040	  133.05	100.00
 717.00	 710.16	 4.7038	34.3212	27.1769	 0.33	 14.31	0.041	  133.07	100.00
 718.00	 711.15	 4.7018	34.3213	27.1772	 0.33	 14.34	0.041	  133.07	100.00
 719.00	 712.14	 4.7012	34.3214	27.1774	 0.33	 14.34	0.040	  133.02	100.00
 720.00	 713.12	 4.7001	34.3215	27.1776	 0.33	 14.29	0.040	  133.06	100.00
 721.00	 714.11	 4.6993	34.3215	27.1776	 0.33	 14.25	0.040	  133.08	100.00
 722.00	 715.10	 4.6964	34.3217	27.1782	 0.33	 14.35	0.041	  133.06	100.00
 723.00	 716.09	 4.6944	34.3221	27.1787	 0.33	 14.33	0.041	  133.01	100.00
 724.00	 717.08	 4.6888	34.3230	27.1800	 0.33	 14.25	0.040	  133.05	100.00
 725.00	 718.07	 4.6793	34.3250	27.1827	 0.33	 14.22	0.040	  133.06	100.00
 726.00	 719.06	 4.6771	34.3255	27.1834	 0.33	 14.29	0.040	  133.10	100.00
 727.00	 720.05	 4.6737	34.3270	27.1849	 0.33	 14.30	0.040	  133.03	100.00
 728.00	 721.03	 4.6725	34.3282	27.1860	 0.33	 14.18	0.040	  133.03	100.00
 729.00	 722.02	 4.6718	34.3285	27.1863	 0.33	 14.21	0.040	  133.10	100.00
 730.00	 723.01	 4.6708	34.3288	27.1867	 0.33	 14.28	0.041	  133.03	100.00
 731.00	 724.00	 4.6686	34.3291	27.1872	 0.33	 14.17	0.040	  133.02	100.00
 732.00	 724.99	 4.6677	34.3295	27.1876	 0.33	 14.24	0.040	  133.07	100.00
 733.00	 725.98	 4.6671	34.3296	27.1877	 0.33	 14.26	0.040	  133.04	100.00
 734.00	 726.97	 4.6669	34.3296	27.1878	 0.33	 14.25	0.040	  133.01	100.00
 735.00	 727.95	 4.6668	34.3302	27.1883	 0.33	 14.18	0.040	  133.08	100.00
 736.00	 728.94	 4.6676	34.3310	27.1889	 0.33	 14.20	0.040	  133.09	100.00
 737.00	 729.93	 4.6691	34.3319	27.1894	 0.33	 14.23	0.041	  133.02	100.00
 738.00	 730.92	 4.6694	34.3320	27.1895	 0.33	 14.18	0.042	  132.97	100.00
 739.00	 731.91	 4.6692	34.3322	27.1896	 0.33	 14.19	0.041	  133.04	100.00
 740.00	 732.90	 4.6695	34.3324	27.1898	 0.33	 14.24	0.041	  132.97	100.00
 741.00	 733.89	 4.6702	34.3327	27.1900	 0.33	 14.21	0.041	  132.98	100.00
 742.00	 734.88	 4.6709	34.3333	27.1904	 0.33	 14.16	0.040	  132.98	100.00
 743.00	 735.86	 4.6710	34.3336	27.1906	 0.33	 14.16	0.040	  133.00	100.00
 744.00	 736.85	 4.6711	34.3335	27.1905	 0.33	 14.24	0.041	  133.08	100.00
 745.00	 737.84	 4.6711	34.3335	27.1905	 0.33	 14.20	0.042	  132.97	100.00
 746.00	 738.83	 4.6699	34.3338	27.1909	 0.33	 14.18	0.041	  133.04	100.00
 747.00	 739.82	 4.6672	34.3348	27.1920	 0.33	 14.19	0.040	  132.98	100.00
 748.00	 740.81	 4.6640	34.3351	27.1926	 0.33	 14.23	0.040	  132.97	100.00
 749.00	 741.80	 4.6602	34.3357	27.1935	 0.33	 14.20	0.040	  132.99	100.00
 750.00	 742.78	 4.6598	34.3355	27.1934	 0.33	 14.24	0.041	  132.97	100.00
 751.00	 743.77	 4.6574	34.3356	27.1938	 0.33	 14.26	0.041	  132.94	100.00
 752.00	 744.76	 4.6524	34.3358	27.1945	 0.33	 14.17	0.040	  132.95	100.00
 753.00	 745.75	 4.6443	34.3364	27.1958	 0.33	 14.21	0.040	  133.01	100.00
 754.00	 746.74	 4.6425	34.3370	27.1965	 0.33	 14.30	0.041	  132.98	100.00
 755.00	 747.73	 4.6431	34.3369	27.1964	 0.33	 14.21	0.042	  132.95	100.00
 756.00	 748.72	 4.6430	34.3370	27.1965	 0.33	 14.13	0.042	  132.99	100.00
 757.00	 749.70	 4.6426	34.3369	27.1964	 0.33	 14.19	0.041	  133.03	100.00
 758.00	 750.69	 4.6374	34.3373	27.1974	 0.33	 14.26	0.040	  132.97	100.00
 759.00	 751.68	 4.6282	34.3378	27.1988	 0.33	 14.18	0.040	  132.96	100.00
 760.00	 752.67	 4.6169	34.3376	27.1999	 0.33	 14.28	0.041	  133.03	100.00
 761.00	 753.66	 4.6114	34.3378	27.2006	 0.33	 14.23	0.041	  132.98	100.00
 762.00	 754.65	 4.6090	34.3382	27.2012	 0.32	 14.10	0.040	  132.97	100.00
 763.00	 755.64	 4.6093	34.3386	27.2015	 0.32	 14.11	0.041	  132.88	100.00
 764.00	 756.62	 4.6097	34.3387	27.2015	 0.33	 14.19	0.041	  132.93	100.00
 765.00	 757.61	 4.6091	34.3387	27.2016	 0.33	 14.13	0.042	  132.93	100.00
 766.00	 758.60	 4.6080	34.3386	27.2017	 0.33	 14.31	0.042	  132.88	100.00
 767.00	 759.59	 4.5980	34.3382	27.2024	 0.33	 14.28	0.042	  132.98	100.00
 768.00	 760.58	 4.5695	34.3407	27.2075	 0.33	 14.17	0.042	  132.97	100.00
 769.00	 761.57	 4.5654	34.3419	27.2090	 0.33	 14.14	0.042	  132.90	100.00
 770.00	 762.56	 4.5603	34.3424	27.2099	 0.33	 14.19	0.040	  132.94	100.00
 771.00	 763.54	 4.5586	34.3428	27.2104	 0.33	 14.25	0.040	  133.01	100.00
 772.00	 764.53	 4.5567	34.3437	27.2114	 0.32	 14.13	0.040	  132.97	100.00
 773.00	 765.52	 4.5572	34.3444	27.2119	 0.33	 14.30	0.040	  133.03	100.00
 774.00	 766.51	 4.5575	34.3450	27.2124	 0.33	 14.19	0.041	  132.94	100.00
 775.00	 767.50	 4.5576	34.3450	27.2124	 0.33	 14.15	0.041	  132.95	100.00
 776.00	 768.49	 4.5541	34.3459	27.2134	 0.33	 14.24	0.040	  132.93	100.00
 777.00	 769.47	 4.5405	34.3478	27.2164	 0.33	 14.31	0.041	  132.98	100.00
 778.00	 770.46	 4.5163	34.3516	27.2221	 0.33	 14.31	0.041	  132.92	100.00
 779.00	 771.45	 4.5067	34.3537	27.2247	 0.33	 14.33	0.041	  132.87	100.00
 780.00	 772.44	 4.5074	34.3532	27.2244	 0.33	 14.31	0.041	  132.96	100.00
 781.00	 773.43	 4.5020	34.3541	27.2256	 0.33	 14.27	0.040	  132.82	100.00
 782.00	 774.42	 4.5014	34.3542	27.2258	 0.33	 14.34	0.040	  132.96	100.00
 783.00	 775.41	 4.5011	34.3544	27.2260	 0.33	 14.28	0.040	  132.97	100.00
 784.00	 776.39	 4.5007	34.3544	27.2260	 0.33	 14.19	0.040	  132.87	100.00
 785.00	 777.38	 4.4994	34.3546	27.2263	 0.33	 14.26	0.040	  132.85	100.00
 786.00	 778.37	 4.4971	34.3546	27.2266	 0.33	 14.31	0.040	  132.93	100.00
 787.00	 779.36	 4.4951	34.3548	27.2270	 0.33	 14.14	0.040	  132.85	100.00
 788.00	 780.35	 4.4920	34.3551	27.2276	 0.33	 14.18	0.040	  132.85	100.00
 789.00	 781.34	 4.4900	34.3553	27.2280	 0.33	 14.26	0.040	  132.89	100.00
 790.00	 782.32	 4.4879	34.3556	27.2284	 0.33	 14.17	0.040	  132.91	100.00
 791.00	 783.31	 4.4845	34.3559	27.2291	 0.33	 14.27	0.040	  132.92	100.00
 792.00	 784.30	 4.4816	34.3563	27.2296	 0.33	 14.24	0.042	  132.85	100.00
 793.00	 785.29	 4.4812	34.3564	27.2298	 0.32	 14.09	0.042	  132.88	100.00
 794.00	 786.28	 4.4800	34.3565	27.2300	 0.33	 14.23	0.042	  132.83	100.00
 795.00	 787.27	 4.4790	34.3567	27.2303	 0.33	 14.21	0.042	  132.91	100.00
 796.00	 788.25	 4.4773	34.3568	27.2305	 0.32	 14.12	0.042	  132.87	100.00
 797.00	 789.24	 4.4696	34.3572	27.2317	 0.33	 14.18	0.041	  132.85	100.00
 798.00	 790.23	 4.4621	34.3578	27.2330	 0.33	 14.17	0.041	  132.83	100.00
 799.00	 791.22	 4.4583	34.3580	27.2336	 0.33	 14.22	0.041	  132.82	100.00
 800.00	 792.21	 4.4557	34.3582	27.2340	 0.33	 14.18	0.041	  132.92	100.00
 801.00	 793.20	 4.4541	34.3584	27.2343	 0.33	 14.15	0.042	  132.81	100.00
 802.00	 794.19	 4.4534	34.3584	27.2344	 0.33	 14.22	0.042	  132.87	100.00
 803.00	 795.17	 4.4525	34.3584	27.2346	 0.33	 14.24	0.041	  132.82	100.00
 804.00	 796.16	 4.4532	34.3585	27.2346	 0.33	 14.16	0.040	  132.90	100.00
 805.00	 797.15	 4.4534	34.3585	27.2346	 0.33	 14.18	0.041	  132.83	100.00
 806.00	 798.14	 4.4532	34.3586	27.2347	 0.33	 14.20	0.041	  132.83	100.00
 807.00	 799.13	 4.4530	34.3588	27.2348	 0.33	 14.17	0.040	  132.89	100.00
 808.00	 800.12	 4.4451	34.3581	27.2352	 0.33	 14.19	0.041	  132.86	100.00
 809.00	 801.10	 4.4327	34.3585	27.2368	 0.33	 14.19	0.042	  132.85	100.00
 810.00	 802.09	 4.4265	34.3588	27.2377	 0.33	 14.20	0.041	  132.85	100.00
 811.00	 803.08	 4.4204	34.3589	27.2385	 0.33	 14.20	0.041	  132.84	100.00
 812.00	 804.07	 4.4125	34.3595	27.2398	 0.33	 14.21	0.041	  132.84	100.00
 813.00	 805.06	 4.4023	34.3590	27.2405	 0.33	 14.22	0.041	  132.83	100.00
 814.00	 806.04	 4.3990	34.3596	27.2413	 0.33	 14.24	0.042	  132.86	100.00
 815.00	 807.03	 4.3937	34.3602	27.2424	 0.33	 14.22	0.041	  132.91	100.00
 816.00	 808.02	 4.3747	34.3619	27.2457	 0.33	 14.25	0.040	  132.85	100.00
 817.00	 809.01	 4.3652	34.3636	27.2482	 0.33	 14.28	0.041	  132.88	100.00
 818.00	 810.00	 4.3636	34.3637	27.2484	 0.33	 14.21	0.042	  132.83	100.00
 819.00	 810.99	 4.3612	34.3642	27.2490	 0.33	 14.28	0.042	  132.87	100.00
 820.00	 811.97	 4.3605	34.3643	27.2492	 0.33	 14.33	0.041	  132.81	100.00
 821.00	 812.96	 4.3602	34.3643	27.2493	 0.33	 14.20	0.040	  132.83	100.00
 822.00	 813.95	 4.3587	34.3646	27.2496	 0.33	 14.29	0.040	  132.82	100.00
 823.00	 814.94	 4.3585	34.3649	27.2499	 0.33	 14.34	0.040	  132.90	100.00
 824.00	 815.93	 4.3574	34.3650	27.2501	 0.33	 14.21	0.040	  132.82	100.00
 825.00	 816.92	 4.3551	34.3651	27.2504	 0.33	 14.25	0.040	  132.86	100.00
 826.00	 817.90	 4.3524	34.3653	27.2509	 0.33	 14.28	0.040	  132.80	100.00
 827.00	 818.89	 4.3467	34.3653	27.2516	 0.33	 14.27	0.040	  132.77	100.00
 828.00	 819.88	 4.3448	34.3654	27.2519	 0.33	 14.27	0.040	  132.85	100.00
 829.00	 820.87	 4.3437	34.3655	27.2521	 0.33	 14.26	0.040	  132.77	100.00
 830.00	 821.86	 4.3437	34.3656	27.2521	 0.33	 14.28	0.040	  132.84	100.00
 831.00	 822.85	 4.3431	34.3657	27.2522	 0.33	 14.25	0.040	  132.72	100.00
 832.00	 823.83	 4.3417	34.3659	27.2526	 0.33	 14.29	0.040	  132.71	100.00
 833.00	 824.82	 4.3415	34.3658	27.2526	 0.33	 14.31	0.040	  132.75	100.00
 834.00	 825.81	 4.3416	34.3658	27.2526	 0.33	 14.27	0.042	  132.73	100.00
 835.00	 826.80	 4.3437	34.3661	27.2526	 0.33	 14.26	0.040	  132.71	100.00
 836.00	 827.79	 4.3439	34.3661	27.2526	 0.33	 14.27	0.041	  132.77	100.00
 837.00	 828.77	 4.3420	34.3661	27.2527	 0.33	 14.28	0.041	  132.69	100.00
 838.00	 829.76	 4.3420	34.3662	27.2529	 0.33	 14.28	0.040	  132.76	100.00
 839.00	 830.75	 4.3430	34.3663	27.2528	 0.33	 14.28	0.041	  132.80	100.00
 840.00	 831.74	 4.3422	34.3664	27.2530	 0.33	 14.28	0.041	  132.78	100.00
 841.00	 832.73	 4.3392	34.3662	27.2532	 0.33	 14.29	0.040	  132.77	100.00
 842.00	 833.72	 4.3360	34.3664	27.2536	 0.33	 14.29	0.040	  132.83	100.00
 843.00	 834.70	 4.3346	34.3666	27.2540	 0.33	 14.29	0.040	  132.78	100.00
 844.00	 835.69	 4.3324	34.3661	27.2538	 0.33	 14.29	0.040	  132.79	100.00
 845.00	 836.68	 4.3251	34.3662	27.2547	 0.33	 14.31	0.040	  132.74	100.00
 846.00	 837.67	 4.3192	34.3660	27.2551	 0.33	 14.34	0.040	  132.71	100.00
 847.00	 838.66	 4.3158	34.3657	27.2553	 0.33	 14.30	0.042	  132.73	100.00
 848.00	 839.64	 4.3058	34.3646	27.2555	 0.33	 14.34	0.041	  132.67	100.00
 849.00	 840.63	 4.2917	34.3647	27.2571	 0.33	 14.32	0.040	  132.72	100.00
 850.00	 841.62	 4.2843	34.3643	27.2575	 0.33	 14.31	0.040	  132.74	100.00
 851.00	 842.61	 4.2776	34.3640	27.2580	 0.33	 14.34	0.040	  132.72	100.00
 852.00	 843.60	 4.2726	34.3643	27.2587	 0.33	 14.35	0.041	  132.70	100.00
 853.00	 844.59	 4.2717	34.3642	27.2588	 0.33	 14.32	0.041	  132.75	100.00
 854.00	 845.57	 4.2700	34.3642	27.2590	 0.33	 14.33	0.041	  132.68	100.00
 855.00	 846.56	 4.2651	34.3639	27.2593	 0.33	 14.34	0.041	  132.71	100.00
 856.00	 847.55	 4.2596	34.3637	27.2597	 0.33	 14.34	0.041	  132.71	100.00
 857.00	 848.54	 4.2552	34.3639	27.2603	 0.33	 14.31	0.042	  132.73	100.00
 858.00	 849.53	 4.2541	34.3640	27.2605	 0.33	 14.30	0.041	  132.75	100.00
 859.00	 850.51	 4.2525	34.3637	27.2605	 0.33	 14.38	0.040	  132.74	100.00
 860.00	 851.50	 4.2400	34.3635	27.2616	 0.33	 14.34	0.040	  132.67	100.00
 861.00	 852.49	 4.2260	34.3634	27.2630	 0.33	 14.34	0.040	  132.69	100.00
 862.00	 853.48	 4.2123	34.3638	27.2648	 0.33	 14.37	0.040	  132.70	100.00
 863.00	 854.47	 4.2069	34.3638	27.2653	 0.33	 14.36	0.041	  132.71	100.00
 864.00	 855.45	 4.1935	34.3633	27.2663	 0.33	 14.40	0.042	  132.66	100.00
 865.00	 856.44	 4.1835	34.3638	27.2678	 0.33	 14.37	0.041	  132.71	100.00
 866.00	 857.43	 4.1838	34.3638	27.2678	 0.33	 14.38	0.040	  132.66	100.00
 867.00	 858.42	 4.1839	34.3639	27.2679	 0.33	 14.37	0.040	  132.66	100.00
 868.00	 859.41	 4.1823	34.3635	27.2677	 0.33	 14.36	0.040	  132.69	100.00
 869.00	 860.39	 4.1684	34.3636	27.2693	 0.33	 14.38	0.041	  132.70	100.00
 870.00	 861.38	 4.1652	34.3638	27.2697	 0.33	 14.39	0.041	  132.73	100.00
 871.00	 862.37	 4.1633	34.3637	27.2699	 0.33	 14.36	0.041	  132.70	100.00
 872.00	 863.36	 4.1617	34.3640	27.2703	 0.33	 14.30	0.042	  132.74	100.00
 873.00	 864.35	 4.1622	34.3641	27.2703	 0.33	 14.42	0.042	  132.71	100.00
 874.00	 865.33	 4.1617	34.3641	27.2704	 0.33	 14.40	0.042	  132.67	100.00
 875.00	 866.32	 4.1613	34.3643	27.2706	 0.33	 14.37	0.042	  132.70	100.00
 876.00	 867.31	 4.1616	34.3643	27.2706	 0.33	 14.33	0.042	  132.66	100.00
 877.00	 868.30	 4.1616	34.3643	27.2706	 0.33	 14.34	0.041	  132.72	100.00
 878.00	 869.29	 4.1591	34.3642	27.2708	 0.33	 14.36	0.041	  132.61	100.00
 879.00	 870.27	 4.1470	34.3644	27.2722	 0.33	 14.40	0.041	  132.66	100.00
 880.00	 871.26	 4.1417	34.3646	27.2729	 0.33	 14.43	0.041	  132.67	100.00
 881.00	 872.25	 4.1412	34.3645	27.2729	 0.33	 14.40	0.042	  132.74	100.00
 882.00	 873.24	 4.1389	34.3648	27.2734	 0.33	 14.38	0.042	  132.76	100.00
 883.00	 874.23	 4.1360	34.3652	27.2740	 0.33	 14.42	0.042	  132.74	100.00
 884.00	 875.21	 4.1366	34.3655	27.2742	 0.33	 14.42	0.042	  132.65	100.00
 885.00	 876.20	 4.1365	34.3655	27.2742	 0.33	 14.35	0.041	  132.63	100.00
 886.00	 877.19	 4.1360	34.3656	27.2744	 0.33	 14.40	0.041	  132.68	100.00
 887.00	 878.18	 4.1357	34.3657	27.2745	 0.33	 14.40	0.041	  132.63	100.00
 888.00	 879.17	 4.1349	34.3659	27.2747	 0.33	 14.40	0.042	  132.60	100.00
 889.00	 880.15	 4.1340	34.3665	27.2753	 0.33	 14.38	0.042	  132.68	100.00
 890.00	 881.14	 4.1328	34.3664	27.2753	 0.33	 14.43	0.042	  132.62	100.00
 891.00	 882.13	 4.1277	34.3669	27.2763	 0.33	 14.43	0.041	  132.65	100.00
 892.00	 883.12	 4.1213	34.3676	27.2775	 0.33	 14.47	0.040	  132.61	100.00
 893.00	 884.11	 4.1182	34.3671	27.2774	 0.33	 14.49	0.041	  132.62	100.00
 894.00	 885.09	 4.1038	34.3685	27.2800	 0.34	 14.59	0.042	  132.61	100.00
 895.00	 886.08	 4.0960	34.3689	27.2812	 0.34	 14.57	0.042	  132.59	100.00
 896.00	 887.07	 4.0913	34.3691	27.2819	 0.33	 14.43	0.041	  132.63	100.00
 897.00	 888.06	 4.0864	34.3699	27.2829	 0.33	 14.53	0.040	  132.65	100.00
 898.00	 889.05	 4.0828	34.3702	27.2836	 0.34	 14.57	0.041	  132.61	100.00
 899.00	 890.03	 4.0804	34.3705	27.2841	 0.33	 14.52	0.041	  132.63	100.00
 900.00	 891.02	 4.0792	34.3707	27.2844	 0.34	 14.62	0.042	  132.64	100.00
 901.00	 892.01	 4.0769	34.3712	27.2850	 0.34	 14.63	0.041	  132.59	100.00
 902.00	 893.00	 4.0755	34.3723	27.2860	 0.33	 14.51	0.040	  132.59	100.00
 903.00	 893.99	 4.0760	34.3723	27.2860	 0.34	 14.73	0.040	  132.63	100.00
 904.00	 894.97	 4.0761	34.3724	27.2860	 0.34	 14.70	0.041	  132.59	100.00
 905.00	 895.96	 4.0760	34.3723	27.2860	 0.33	 14.53	0.042	  132.61	100.00
 906.00	 896.95	 4.0761	34.3723	27.2860	 0.34	 14.60	0.042	  132.60	100.00
 907.00	 897.94	 4.0762	34.3727	27.2863	 0.34	 14.62	0.041	  132.59	100.00
 908.00	 898.92	 4.0749	34.3727	27.2865	 0.34	 14.63	0.040	  132.64	100.00
 909.00	 899.91	 4.0733	34.3728	27.2867	 0.34	 14.64	0.040	  132.58	100.00
 910.00	 900.90	 4.0701	34.3733	27.2875	 0.34	 14.81	0.040	  132.59	100.00
 911.00	 901.89	 4.0644	34.3747	27.2892	 0.34	 14.76	0.041	  132.59	100.00
 912.00	 902.88	 4.0621	34.3750	27.2897	 0.34	 14.79	0.041	  132.56	100.00
 913.00	 903.86	 4.0590	34.3754	27.2903	 0.34	 14.81	0.040	  132.60	100.00
 914.00	 904.85	 4.0528	34.3756	27.2911	 0.34	 14.88	0.040	  132.56	100.00
 915.00	 905.84	 4.0482	34.3765	27.2923	 0.34	 14.96	0.040	  132.55	100.00
 916.00	 906.83	 4.0438	34.3770	27.2931	 0.34	 14.87	0.041	  132.61	100.00
 917.00	 907.81	 4.0407	34.3773	27.2937	 0.34	 14.96	0.040	  132.59	100.00
 918.00	 908.80	 4.0368	34.3773	27.2941	 0.34	 14.96	0.041	  132.55	100.00
 919.00	 909.79	 4.0336	34.3776	27.2947	 0.34	 14.97	0.041	  132.60	100.00
 920.00	 910.78	 4.0317	34.3775	27.2948	 0.34	 15.00	0.040	  132.57	100.00
 921.00	 911.77	 4.0311	34.3776	27.2950	 0.35	 15.02	0.041	  132.55	100.00
 922.00	 912.75	 4.0283	34.3778	27.2954	 0.34	 14.96	0.042	  132.55	100.00
 923.00	 913.74	 4.0282	34.3777	27.2954	 0.35	 15.02	0.042	  132.59	100.00
 924.00	 914.73	 4.0273	34.3777	27.2955	 0.34	 14.97	0.040	  132.56	100.00
 925.00	 915.72	 4.0258	34.3779	27.2958	 0.34	 14.97	0.041	  132.55	100.00
 926.00	 916.71	 4.0244	34.3777	27.2957	 0.34	 14.99	0.041	  132.59	100.00
 927.00	 917.69	 4.0224	34.3778	27.2961	 0.35	 15.01	0.040	  132.52	100.00
 928.00	 918.68	 4.0205	34.3777	27.2962	 0.35	 15.02	0.040	  132.55	100.00
 929.00	 919.67	 4.0176	34.3775	27.2964	 0.35	 15.04	0.041	  132.55	100.00
 930.00	 920.66	 4.0150	34.3774	27.2965	 0.35	 15.01	0.041	  132.54	100.00
 931.00	 921.64	 4.0101	34.3772	27.2969	 0.35	 15.09	0.040	  132.51	100.00
 932.00	 922.63	 4.0082	34.3776	27.2974	 0.35	 15.08	0.040	  132.59	100.00
 933.00	 923.62	 4.0084	34.3779	27.2976	 0.35	 15.13	0.040	  132.52	100.00
 934.00	 924.61	 4.0076	34.3783	27.2980	 0.35	 15.14	0.040	  132.56	100.00
 935.00	 925.59	 4.0074	34.3786	27.2983	 0.34	 14.99	0.041	  132.60	100.00
 936.00	 926.58	 4.0049	34.3785	27.2984	 0.35	 15.09	0.041	  132.53	100.00
 937.00	 927.57	 4.0023	34.3786	27.2988	 0.35	 15.10	0.041	  132.52	100.00
 938.00	 928.56	 3.9999	34.3782	27.2988	 0.35	 15.17	0.042	  132.59	100.00
 939.00	 929.55	 3.9969	34.3782	27.2991	 0.35	 15.20	0.042	  132.49	100.00
 940.00	 930.53	 3.9943	34.3782	27.2994	 0.35	 15.22	0.041	  132.55	100.00
 941.00	 931.52	 3.9907	34.3784	27.2999	 0.35	 15.19	0.042	  132.61	100.00
 942.00	 932.51	 3.9850	34.3789	27.3009	 0.35	 15.27	0.042	  132.52	100.00
 943.00	 933.50	 3.9781	34.3793	27.3019	 0.35	 15.29	0.041	  132.62	100.00
 944.00	 934.48	 3.9743	34.3795	27.3024	 0.35	 15.37	0.041	  132.50	100.00
 945.00	 935.47	 3.9692	34.3797	27.3031	 0.35	 15.33	0.041	  132.57	100.00
 946.00	 936.46	 3.9678	34.3804	27.3039	 0.35	 15.39	0.040	  132.56	100.00
 947.00	 937.45	 3.9655	34.3807	27.3044	 0.35	 15.39	0.041	  132.55	100.00
 948.00	 938.43	 3.9563	34.3804	27.3051	 0.36	 15.48	0.042	  132.54	100.00
 949.00	 939.42	 3.9528	34.3813	27.3061	 0.36	 15.44	0.041	  132.50	100.00
 950.00	 940.41	 3.9534	34.3824	27.3070	 0.36	 15.47	0.040	  132.52	100.00
 951.00	 941.40	 3.9494	34.3826	27.3075	 0.36	 15.48	0.040	  132.53	100.00
 952.00	 942.39	 3.9480	34.3826	27.3076	 0.36	 15.47	0.040	  132.55	100.00
 953.00	 943.37	 3.9462	34.3822	27.3075	 0.36	 15.51	0.040	  132.56	100.00
 954.00	 944.36	 3.9419	34.3822	27.3080	 0.36	 15.56	0.041	  132.51	100.00
 955.00	 945.35	 3.9387	34.3824	27.3085	 0.36	 15.53	0.041	  132.56	100.00
 956.00	 946.34	 3.9353	34.3827	27.3090	 0.36	 15.58	0.041	  132.49	100.00
 957.00	 947.32	 3.9340	34.3830	27.3094	 0.36	 15.62	0.042	  132.50	100.00
 958.00	 948.31	 3.9331	34.3831	27.3096	 0.36	 15.71	0.041	  132.52	100.00
 959.00	 949.30	 3.9318	34.3835	27.3100	 0.36	 15.69	0.040	  132.42	100.00
 960.00	 950.29	 3.9312	34.3834	27.3101	 0.36	 15.73	0.040	  132.48	100.00
 961.00	 951.27	 3.9242	34.3852	27.3122	 0.36	 15.71	0.040	  132.49	100.00
 962.00	 952.26	 3.9222	34.3856	27.3127	 0.36	 15.71	0.041	  132.51	100.00
 963.00	 953.25	 3.9215	34.3859	27.3130	 0.36	 15.71	0.040	  132.50	100.00
 964.00	 954.24	 3.9202	34.3860	27.3133	 0.36	 15.70	0.041	  132.48	100.00
 965.00	 955.22	 3.9192	34.3863	27.3136	 0.36	 15.73	0.041	  132.49	100.00
 966.00	 956.21	 3.9193	34.3865	27.3138	 0.36	 15.73	0.040	  132.48	100.00
 967.00	 957.20	 3.9191	34.3867	27.3140	 0.36	 15.65	0.040	  132.53	100.00
 968.00	 958.19	 3.9157	34.3870	27.3146	 0.36	 15.72	0.040	  132.47	100.00
 969.00	 959.17	 3.9122	34.3877	27.3155	 0.36	 15.65	0.040	  132.45	100.00
 970.00	 960.16	 3.9095	34.3885	27.3163	 0.36	 15.75	0.041	  132.42	100.00
 971.00	 961.15	 3.9047	34.3889	27.3172	 0.36	 15.75	0.042	  132.47	100.00
 972.00	 962.14	 3.8941	34.3885	27.3180	 0.36	 15.72	0.041	  132.43	100.00
 973.00	 963.13	 3.8915	34.3882	27.3180	 0.36	 15.79	0.040	  132.45	100.00
 974.00	 964.11	 3.8890	34.3892	27.3190	 0.36	 15.81	0.040	  132.41	100.00
 975.00	 965.10	 3.8874	34.3905	27.3202	 0.37	 15.94	0.040	  132.42	100.00
 976.00	 966.09	 3.8869	34.3916	27.3212	 0.37	 16.01	0.040	  132.40	100.00
 977.00	 967.08	 3.8867	34.3921	27.3216	 0.37	 15.93	0.040	  132.47	100.00
 978.00	 968.06	 3.8863	34.3920	27.3215	 0.37	 15.94	0.040	  132.36	100.00
 979.00	 969.05	 3.8852	34.3925	27.3221	 0.37	 15.99	0.040	  132.38	100.00
 980.00	 970.04	 3.8879	34.3930	27.3222	 0.37	 15.98	0.040	  132.37	100.00
 981.00	 971.03	 3.8895	34.3930	27.3221	 0.37	 15.99	0.042	  132.39	100.00
 982.00	 972.01	 3.8891	34.3930	27.3221	 0.37	 15.99	0.041	  132.37	100.00
 983.00	 973.00	 3.8898	34.3930	27.3221	 0.37	 15.99	0.040	  132.39	100.00
 984.00	 973.99	 3.8887	34.3930	27.3222	 0.37	 16.02	0.040	  132.38	100.00
 985.00	 974.98	 3.8901	34.3931	27.3221	 0.37	 16.03	0.040	  132.41	100.00
 986.00	 975.96	 3.8897	34.3930	27.3221	 0.37	 15.98	0.040	  132.45	100.00
 987.00	 976.95	 3.8898	34.3930	27.3221	 0.37	 16.00	0.041	  132.38	100.00
 988.00	 977.94	 3.8908	34.3931	27.3220	 0.37	 16.00	0.040	  132.43	100.00
 989.00	 978.93	 3.8886	34.3934	27.3226	 0.37	 16.04	0.041	  132.36	100.00
 990.00	 979.91	 3.8878	34.3953	27.3242	 0.37	 16.15	0.042	  132.41	100.00
 991.00	 980.90	 3.8889	34.3975	27.3258	 0.37	 16.25	0.042	  132.35	100.00
 992.00	 981.89	 3.8894	34.3997	27.3275	 0.38	 16.31	0.042	  132.41	100.00
 993.00	 982.88	 3.8871	34.3985	27.3267	 0.38	 16.32	0.041	  132.38	100.00
 994.00	 983.86	 3.8870	34.4001	27.3280	 0.38	 16.42	0.040	  132.45	100.00
 995.00	 984.85	 3.8855	34.4004	27.3284	 0.38	 16.35	0.040	  132.40	 79.17
 996.00	 985.84	 3.8858	34.4007	27.3287	 0.38	 16.47	0.040	  132.36	100.15
 997.00	 986.83	 3.8930	34.4025	27.3294	 0.38	 16.38	0.041	  132.39	100.00
 998.00	 987.81	 3.8932	34.4023	27.3292	 0.38	 16.46	0.041	  132.38	100.00
 999.00	 988.80	 3.8933	34.4027	27.3295	 0.38	 16.44	0.040	  132.38	100.00
1000.00	 989.79	 3.8975	34.4036	27.3299	 0.38	 16.44	0.040	  132.39	100.00
1001.00	 990.77	 3.8991	34.4040	27.3300	 0.38	 16.45	0.041	  132.40	100.00
1002.00	 991.76	 3.8994	34.4050	27.3308	 0.38	 16.53	0.041	  132.37	100.00
1003.00	 992.75	 3.8957	34.4058	27.3318	 0.38	 16.63	0.041	  132.33	100.00
1004.00	 993.74	 3.8945	34.4061	27.3321	 0.38	 16.64	0.040	  132.39	100.00
1005.00	 994.72	 3.8946	34.4062	27.3322	 0.38	 16.67	0.041	  132.37	100.00
1006.00	 995.71	 3.8943	34.4064	27.3324	 0.38	 16.66	0.041	  132.35	100.00
1007.00	 996.70	 3.8938	34.4066	27.3327	 0.38	 16.73	0.041	  132.39	100.00
1008.00	 997.69	 3.8927	34.4071	27.3332	 0.39	 16.81	0.041	  132.37	100.00
1009.00	 998.67	 3.8907	34.4075	27.3337	 0.39	 16.81	0.040	  132.34	100.00
1010.00	 999.66	 3.8874	34.4083	27.3347	 0.39	 16.88	0.040	  132.28	100.00
1011.00	1000.65	 3.8825	34.4086	27.3354	 0.39	 16.86	0.040	  132.35	100.00
1012.00	1001.64	 3.8799	34.4090	27.3360	 0.39	 16.93	0.041	  132.31	100.00
1013.00	1002.62	 3.8796	34.4090	27.3360	 0.39	 16.98	0.040	  132.35	100.00
1014.00	1003.61	 3.8791	34.4090	27.3361	 0.39	 16.96	0.040	  132.32	100.00
1015.00	1004.60	 3.8773	34.4092	27.3365	 0.39	 16.95	0.041	  132.34	100.00
1016.00	1005.59	 3.8738	34.4097	27.3372	 0.39	 17.09	0.042	  132.39	100.00
1017.00	1006.57	 3.8669	34.4106	27.3386	 0.39	 17.15	0.042	  132.29	100.00
1018.00	1007.56	 3.8630	34.4110	27.3394	 0.39	 17.02	0.041	  132.31	100.00
1019.00	1008.55	 3.8621	34.4111	27.3395	 0.39	 17.14	0.040	  132.28	100.00
1020.00	1009.54	 3.8617	34.4112	27.3396	 0.39	 17.14	0.041	  132.25	100.00
1021.00	1010.52	 3.8589	34.4115	27.3401	 0.40	 17.17	0.041	  132.24	100.00
1022.00	1011.51	 3.8566	34.4119	27.3407	 0.40	 17.20	0.042	  132.31	100.00
1023.00	1012.50	 3.8541	34.4124	27.3414	 0.40	 17.25	0.040	  132.21	100.00
1024.00	1013.48	 3.8534	34.4125	27.3416	 0.39	 17.17	0.040	  132.25	100.00
1025.00	1014.47	 3.8531	34.4125	27.3416	 0.40	 17.33	0.040	  132.21	100.00
1026.00	1015.46	 3.8522	34.4125	27.3417	 0.40	 17.35	0.040	  132.27	100.00
1027.00	1016.45	 3.8478	34.4130	27.3426	 0.40	 17.36	0.040	  132.30	100.00
1028.00	1017.43	 3.8437	34.4136	27.3434	 0.40	 17.38	0.040	  132.24	100.00
1029.00	1018.42	 3.8416	34.4138	27.3438	 0.40	 17.39	0.041	  132.29	100.00
1030.00	1019.41	 3.8395	34.4141	27.3443	 0.40	 17.38	0.041	  132.25	 83.88
1031.00	1020.40	 3.8385	34.4142	27.3445	 0.40	 17.39	0.041	  132.27	101.03
1032.00	1021.38	 3.8384	34.4145	27.3447	 0.40	 17.42	0.041	  132.27	100.00
1033.00	1022.37	 3.8384	34.4143	27.3446	 0.40	 17.41	0.040	  132.32	100.00
1034.00	1023.36	 3.8357	34.4147	27.3452	 0.40	 17.42	0.040	  132.25	100.00
1035.00	1024.34	 3.8331	34.4151	27.3457	 0.40	 17.48	0.040	  132.23	100.00
1036.00	1025.33	 3.8329	34.4151	27.3458	 0.40	 17.56	0.040	  132.26	100.00
1037.00	1026.32	 3.8319	34.4152	27.3460	 0.40	 17.49	0.040	  132.28	100.00
1038.00	1027.31	 3.8302	34.4155	27.3464	 0.40	 17.54	0.040	  132.23	100.00
1039.00	1028.29	 3.8294	34.4157	27.3466	 0.41	 17.61	0.040	  132.26	100.00
1040.00	1029.28	 3.8291	34.4156	27.3466	 0.40	 17.56	0.040	  132.25	100.00
1041.00	1030.27	 3.8291	34.4157	27.3467	 0.40	 17.60	0.040	  132.27	100.00
1042.00	1031.26	 3.8286	34.4159	27.3469	 0.41	 17.72	0.040	  132.27	100.00
1043.00	1032.24	 3.8147	34.4171	27.3492	 0.41	 17.75	0.040	  132.26	100.00
1044.00	1033.23	 3.7982	34.4196	27.3529	 0.41	 17.96	0.041	  132.21	100.00
1045.00	1034.22	 3.7920	34.4207	27.3543	 0.41	 18.00	0.040	  132.24	100.00
1046.00	1035.20	 3.7910	34.4209	27.3546	 0.42	 18.08	0.040	  132.28	100.00
1047.00	1036.19	 3.7890	34.4211	27.3550	 0.42	 18.23	0.040	  132.22	100.00
1048.00	1037.18	 3.7848	34.4217	27.3559	 0.42	 18.24	0.040	  132.22	100.00
1049.00	1038.17	 3.7831	34.4220	27.3563	 0.42	 18.17	0.041	  132.21	100.00
1050.00	1039.15	 3.7811	34.4220	27.3566	 0.42	 18.31	0.042	  132.21	100.00
1051.00	1040.14	 3.7790	34.4226	27.3572	 0.42	 18.20	0.041	  132.22	100.00
1052.00	1041.13	 3.7783	34.4226	27.3573	 0.42	 18.35	0.040	  132.29	100.00
1053.00	1042.11	 3.7766	34.4229	27.3577	 0.42	 18.33	0.040	  132.20	100.00
1054.00	1043.10	 3.7721	34.4235	27.3586	 0.42	 18.35	0.040	  132.18	100.00
1055.00	1044.09	 3.7719	34.4234	27.3586	 0.42	 18.35	0.041	  132.18	100.00
1056.00	1045.08	 3.7715	34.4235	27.3587	 0.42	 18.33	0.041	  132.16	100.00
1057.00	1046.06	 3.7715	34.4235	27.3587	 0.42	 18.34	0.041	  132.22	100.00
1058.00	1047.05	 3.7721	34.4235	27.3586	 0.42	 18.43	0.042	  132.20	100.00
1059.00	1048.04	 3.7720	34.4233	27.3585	 0.42	 18.33	0.040	  132.19	100.00
1060.00	1049.02	 3.7704	34.4237	27.3590	 0.42	 18.39	0.040	  132.21	100.00
1061.00	1050.01	 3.7711	34.4236	27.3589	 0.42	 18.41	0.041	  132.24	100.00
1062.00	1051.00	 3.7691	34.4240	27.3594	 0.42	 18.44	0.041	  132.18	100.00
1063.00	1051.99	 3.7647	34.4244	27.3602	 0.43	 18.57	0.040	  132.17	100.00
1064.00	1052.97	 3.7514	34.4249	27.3618	 0.43	 18.75	0.041	  132.15	100.00
1065.00	1053.96	 3.7359	34.4259	27.3642	 0.43	 18.84	0.041	  132.17	100.00
1066.00	1054.95	 3.7309	34.4267	27.3654	 0.44	 19.02	0.040	  132.13	100.00
1067.00	1055.93	 3.7248	34.4268	27.3660	 0.44	 19.26	0.040	  132.16	100.00
1068.00	1056.92	 3.7169	34.4275	27.3674	 0.44	 19.33	0.040	  132.23	100.00
1069.00	1057.91	 3.6955	34.4288	27.3705	 0.45	 19.49	0.042	  132.20	100.00
1070.00	1058.90	 3.6833	34.4310	27.3735	 0.45	 19.55	0.041	  132.17	100.00
1071.00	1059.88	 3.6828	34.4310	27.3735	 0.45	 19.73	0.041	  132.14	100.00
1072.00	1060.87	 3.6778	34.4321	27.3749	 0.46	 19.80	0.040	  132.09	100.00
1073.00	1061.86	 3.6697	34.4337	27.3770	 0.46	 19.92	0.040	  132.15	100.00
1074.00	1062.84	 3.6615	34.4349	27.3788	 0.46	 20.10	0.041	  132.15	100.00
1075.00	1063.83	 3.6534	34.4358	27.3803	 0.46	 20.21	0.041	  132.14	100.00
1076.00	1064.82	 3.6525	34.4358	27.3804	 0.46	 20.14	0.041	  132.16	100.00
1077.00	1065.81	 3.6456	34.4358	27.3811	 0.47	 20.22	0.042	  132.16	100.00
1078.00	1066.79	 3.6335	34.4374	27.3835	 0.47	 20.38	0.040	  132.19	100.00
1079.00	1067.78	 3.6264	34.4381	27.3848	 0.47	 20.50	0.040	  132.18	100.00
1080.00	1068.77	 3.6205	34.4386	27.3857	 0.47	 20.63	0.041	  132.12	100.00
1081.00	1069.75	 3.6192	34.4385	27.3858	 0.48	 20.67	0.042	  132.14	100.00
1082.00	1070.74	 3.6200	34.4388	27.3859	 0.48	 20.67	0.041	  132.13	100.00
1083.00	1071.73	 3.6211	34.4385	27.3856	 0.47	 20.57	0.040	  132.10	100.00
1084.00	1072.71	 3.6209	34.4391	27.3861	 0.48	 20.66	0.040	  132.15	100.00
1085.00	1073.70	 3.6239	34.4391	27.3858	 0.47	 20.64	0.041	  132.15	100.00
1086.00	1074.69	 3.6164	34.4390	27.3865	 0.48	 20.76	0.041	  132.13	100.00
1087.00	1075.68	 3.6049	34.4405	27.3888	 0.48	 20.93	0.040	  132.16	100.00
1088.00	1076.66	 3.5813	34.4428	27.3930	 0.48	 21.08	0.042	  132.07	100.00
1089.00	1077.65	 3.5807	34.4430	27.3932	 0.49	 21.13	0.040	  132.13	100.00
1090.00	1078.64	 3.5822	34.4429	27.3929	 0.49	 21.09	0.040	  132.10	100.00
1091.00	1079.62	 3.5835	34.4427	27.3926	 0.49	 21.12	0.040	  132.09	100.00
1092.00	1080.61	 3.5791	34.4428	27.3932	 0.49	 21.22	0.041	  132.12	100.00
1093.00	1081.60	 3.5699	34.4443	27.3952	 0.49	 21.31	0.042	  132.12	100.00
1094.00	1082.59	 3.5701	34.4442	27.3952	 0.49	 21.30	0.041	  132.11	100.00
1095.00	1083.57	 3.5706	34.4440	27.3950	 0.49	 21.32	0.040	  132.07	100.00
1096.00	1084.56	 3.5707	34.4443	27.3952	 0.49	 21.33	0.040	  132.11	100.00
1097.00	1085.55	 3.5706	34.4443	27.3952	 0.49	 21.37	0.040	  132.07	100.00
1098.00	1086.53	 3.5705	34.4443	27.3953	 0.49	 21.35	0.041	  132.07	 99.23
1099.00	1087.52	 3.5673	34.4446	27.3958	 0.49	 21.40	0.042	  132.17	 98.47
1100.00	1088.51	 3.5623	34.4452	27.3967	 0.49	 21.41	0.042	  132.08	 98.51
1101.00	1089.49	 3.5622	34.4455	27.3970	 0.50	 21.60	0.041	  132.16	 96.66
1102.00	1090.48	 3.5588	34.4456	27.3975	 0.49	 21.51	0.040	  132.14	 95.61
1103.00	1091.47	 3.5564	34.4460	27.3980	 0.50	 21.59	0.040	  132.05	 79.00
1104.00	1092.45	 3.5562	34.4459	27.3980	 0.50	 21.58	0.042	  132.05	 93.67
1105.00	1093.44	 3.5536	34.4463	27.3985	 0.50	 21.63	0.042	  132.05	 92.62
1106.00	1094.43	 3.5531	34.4464	27.3987	 0.50	 21.61	0.042	  131.99	 91.62
1107.00	1095.42	 3.5553	34.4464	27.3984	 0.50	 21.62	0.040	  131.98	 90.62
1108.00	1096.40	 3.5553	34.4462	27.3983	 0.50	 21.75	0.040	  131.96	 89.66
1109.00	1097.39	 3.5521	34.4451	27.3978	 0.50	 21.71	0.041	  131.88	 88.63
1110.00	1098.38	 3.5482	34.4469	27.3996	 0.50	 21.75	0.041	  131.90	 87.59
1111.00	1099.36	 3.5449	34.4472	27.4001	 0.50	 21.88	0.041	  131.92	 86.59
1112.00	1100.35	 3.5445	34.4472	27.4002	 0.50	 21.88	0.040	  131.87	 85.63
1113.00	1101.34	 3.5441	34.4472	27.4002	 0.50	 21.82	0.040	  131.88	 84.60
1114.00	1102.32	 3.5440	34.4473	27.4003	 0.50	 21.91	0.040	  131.84	 83.66
1115.00	1103.31	 3.5443	34.4473	27.4003	 0.51	 22.06	0.040	  131.83	 82.74
1116.00	1104.30	 3.5442	34.4473	27.4003	 0.51	 21.98	0.042	  131.86	 81.74
1117.00	1105.28	 3.5424	34.4473	27.4005	 0.51	 22.07	0.041	  131.87	 80.72
1118.00	1106.27	 3.5326	34.4480	27.4020	 0.51	 22.05	0.041	  131.86	 79.76
1119.00	1107.26	 3.5311	34.4485	27.4026	 0.51	 22.13	0.042	  131.89	 78.70
1120.00	1108.25	 3.5309	34.4484	27.4025	 0.51	 22.26	0.042	  131.83	 77.69
1121.00	1109.23	 3.5293	34.4486	27.4028	 0.51	 22.21	0.042	  131.88	 76.70
1122.00	1110.22	 3.5276	34.4487	27.4030	 0.51	 22.27	0.042	  131.88	 75.66
1123.00	1111.21	 3.5251	34.4490	27.4036	 0.51	 22.32	0.041	  131.90	 74.54
1124.00	1112.19	 3.5191	34.4495	27.4046	 0.52	 22.43	0.040	  131.90	 73.65
1125.00	1113.18	 3.5169	34.4500	27.4052	 0.52	 22.51	0.041	  131.95	 72.72
1126.00	1114.17	 3.5177	34.4496	27.4048	 0.52	 22.59	0.041	  131.87	 71.84
1127.00	1115.15	 3.5159	34.4499	27.4052	 0.52	 22.50	0.040	  131.88	 70.86
1128.00	1116.14	 3.5111	34.4506	27.4062	 0.52	 22.57	0.041	  131.91	 69.84
1129.00	1117.13	 3.5109	34.4505	27.4062	 0.52	 22.57	0.042	  131.92	 68.74
1130.00	1118.11	 3.5094	34.4507	27.4065	 0.52	 22.54	0.041	  131.91	 67.57
1131.00	1119.10	 3.5082	34.4509	27.4068	 0.52	 22.57	0.040	  131.89	 66.52
1132.00	1120.09	 3.5077	34.4510	27.4069	 0.52	 22.63	0.041	  131.91	 65.56
1133.00	1121.07	 3.5075	34.4512	27.4071	 0.52	 22.61	0.040	  131.87	 64.67
1134.00	1122.06	 3.5074	34.4511	27.4070	 0.52	 22.59	0.040	  131.86	 63.55
1135.00	1123.05	 3.5075	34.4510	27.4069	 0.52	 22.59	0.041	  131.83	 62.57
1136.00	1124.03	 3.5062	34.4511	27.4072	 0.52	 22.62	0.042	  131.84	 61.73
1137.00	1125.02	 3.5044	34.4514	27.4076	 0.52	 22.60	0.042	  131.80	 60.73
1138.00	1126.01	 3.5049	34.4513	27.4074	 0.52	 22.67	0.041	  131.83	 59.58
1139.00	1126.99	 3.5034	34.4515	27.4078	 0.52	 22.71	0.040	  131.74	 58.70
1140.00	1127.98	 3.5024	34.4516	27.4080	 0.52	 22.75	0.040	  131.81	 57.72
1141.00	1128.97	 3.5012	34.4517	27.4081	 0.52	 22.75	0.042	  131.74	 56.74
1142.00	1129.95	 3.5000	34.4518	27.4083	 0.52	 22.79	0.041	  131.78	 55.59
1143.00	1130.94	 3.4989	34.4519	27.4085	 0.52	 22.80	0.041	  131.73	 54.57
1144.00	1131.93	 3.4975	34.4520	27.4088	 0.53	 22.85	0.041	  131.74	 53.55
1145.00	1132.92	 3.4919	34.4526	27.4098	 0.53	 22.97	0.041	  131.69	 52.65
1146.00	1133.90	 3.4868	34.4533	27.4108	 0.53	 23.02	0.041	  131.69	 51.69
1147.00	1134.89	 3.4869	34.4532	27.4107	 0.53	 23.05	0.040	  131.75	 50.76
1148.00	1135.88	 3.4871	34.4531	27.4107	 0.53	 23.02	0.040	  131.68	 49.66
1149.00	1136.86	 3.4878	34.4531	27.4106	 0.53	 23.01	0.041	  131.70	 48.52
1150.00	1137.85	 3.4877	34.4532	27.4107	 0.53	 23.04	0.041	  131.69	 47.63
1151.00	1138.84	 3.4877	34.4531	27.4107	 0.53	 23.04	0.041	  131.69	 46.61
1152.00	1139.82	 3.4875	34.4532	27.4107	 0.53	 23.06	0.040	  131.67	 45.65
1153.00	1140.81	 3.4861	34.4534	27.4110	 0.53	 23.05	0.041	  131.57	 44.77
1154.00	1141.80	 3.4813	34.4539	27.4119	 0.53	 23.10	0.042	  131.59	 43.75
1155.00	1142.78	 3.4809	34.4539	27.4120	 0.53	 23.10	0.041	  131.66	 42.61
1156.00	1143.77	 3.4815	34.4539	27.4119	 0.53	 23.18	0.041	  131.64	 41.65
1157.00	1144.76	 3.4741	34.4546	27.4131	 0.54	 23.35	0.040	  131.64	 40.71
1158.00	1145.74	 3.4654	34.4555	27.4147	 0.54	 23.47	0.041	  131.65	 39.69
1159.00	1146.73	 3.4459	34.4575	27.4182	 0.54	 23.64	0.041	  131.61	 38.67
1160.00	1147.72	 3.4415	34.4580	27.4190	 0.55	 23.81	0.041	  131.62	 37.63
1161.00	1148.70	 3.4394	34.4583	27.4194	 0.55	 23.95	0.041	  131.65	 36.57
1162.00	1149.69	 3.4317	34.4590	27.4207	 0.55	 24.01	0.040	  131.64	 35.72
1163.00	1150.68	 3.4313	34.4592	27.4209	 0.55	 23.99	0.041	  131.62	 34.66
1164.00	1151.66	 3.4315	34.4592	27.4209	 0.55	 24.02	0.042	  131.65	 33.63
1165.00	1152.65	 3.4232	34.4600	27.4224	 0.56	 24.13	0.042	  131.63	 32.66
1166.00	1153.64	 3.4174	34.4608	27.4235	 0.56	 24.27	0.041	  131.61	 31.64
1167.00	1154.62	 3.4157	34.4609	27.4238	 0.56	 24.30	0.041	  131.62	 30.65
1168.00	1155.61	 3.4079	34.4619	27.4254	 0.56	 24.36	0.041	  131.64	 29.85
1169.00	1156.60	 3.4074	34.4618	27.4253	 0.56	 24.48	0.040	  131.62	 28.91
1170.00	1157.58	 3.4060	34.4620	27.4257	 0.56	 24.45	0.041	  131.62	 27.75
1171.00	1158.57	 3.4101	34.4615	27.4249	 0.56	 24.46	0.041	  131.63	 26.75
1172.00	1159.56	 3.3995	34.4629	27.4270	 0.56	 24.54	0.040	  131.56	 25.88
1173.00	1160.54	 3.3961	34.4633	27.4276	 0.56	 24.54	0.041	  131.60	 24.83
1174.00	1161.53	 3.3952	34.4634	27.4278	 0.57	 24.68	0.041	  131.59	 23.61
1175.00	1162.52	 3.3940	34.4635	27.4280	 0.57	 24.71	0.041	  131.59	 22.67
1176.00	1163.50	 3.3936	34.4636	27.4281	 0.57	 24.71	0.041	  131.61	 21.68
1177.00	1164.49	 3.3919	34.4638	27.4285	 0.57	 24.72	0.041	  131.58	 20.60
1178.00	1165.48	 3.3911	34.4638	27.4285	 0.57	 24.73	0.042	  131.57	 19.68
1179.00	1166.46	 3.3915	34.4639	27.4286	 0.57	 24.71	0.041	  131.61	 18.67
1180.00	1167.45	 3.3944	34.4635	27.4280	 0.57	 24.65	0.041	  131.57	 17.61
1181.00	1168.44	 3.3958	34.4633	27.4277	 0.57	 24.59	0.041	  131.59	 16.64
1182.00	1169.42	 3.3962	34.4633	27.4277	 0.57	 24.60	0.041	  131.57	 15.66
1183.00	1170.41	 3.3957	34.4634	27.4278	 0.57	 24.58	0.041	  131.53	 14.68
1184.00	1171.39	 3.3958	34.4634	27.4278	 0.57	 24.57	0.041	  131.52	 13.74
1185.00	1172.38	 3.3961	34.4634	27.4278	 0.57	 24.56	0.041	  131.51	 12.74
1186.00	1173.37	 3.3954	34.4633	27.4278	 0.57	 24.63	0.040	  131.44	 11.76
1187.00	1174.35	 3.3952	34.4635	27.4280	 0.57	 24.58	0.041	  131.39	 10.85
1188.00	1175.34	 3.3920	34.4637	27.4285	 0.57	 24.62	0.040	  131.14	  9.82
