* Sea-Bird SBE 9 Data:
* Software Version Seasave V 7.26.7.107
* Vessel: NOAA Ship Ronald H. Brown
* Cruise: RB2102, West Coast Ocean Acidification (WCOA) 2021
* Dates: 20210622 to 20210723
* Region: NE Pacific, USA West Coast
* Ports: San Diego, CA to Port Angeles, WA to San Diego, CA
* Chief Scientists: R. Feely, NOAA PMEL; D. Greeley, NOAA PMEL; B. Carter, NOAA PMEL / UW CICOES
* Contacts: R. Feely, richard.a.feely@noaa.gov; D. Greeley, dana.greeley@noaa.gov; B. Carter, brendan.carter@noaa.gov
* Station: 119
* Cast: 1
* Cast Date-Time [GMT]: 19-Jul-2021 02:54:25
* Longitude: -120.1258 W
* Latitude: 34.3125 N
* Water Depth [m]: 524.7
**********
* Column  1: Pressure [decibar]
* Column  2: Depth [m]
* Column  3: Temperature ITS-90 [degree C]
* Column  4: Salinity PSS-78 [psu]
* Column  5: Sigma-theta EOS-80 [kg/m^3 - 1000]
* Column  6: Oxygen [ml/L]
* Column  7: Oxygen [umol/kg]
* Column  8: Fluorescence [volts]
* Column  9: Oxygen Reduction Potential [mV]
* Column 10: Altimeter [m]
**********
*END*
   3.00	   2.98	18.9357	33.5873	23.9581	 6.48	282.45	0.081	  142.81	 99.90
   4.00	   3.97	18.9344	33.5881	23.9591	 6.46	281.86	0.080	  142.65	 99.90
   5.00	   4.96	18.9367	33.5881	23.9586	 6.46	281.92	0.081	  142.61	 99.90
   6.00	   5.96	18.9322	33.5881	23.9598	 6.47	281.97	0.079	  142.54	 99.90
   7.00	   6.95	18.8348	33.5857	23.9825	 6.50	283.70	0.082	  142.54	 99.90
   8.00	   7.94	18.8178	33.5888	23.9892	 6.50	283.64	0.084	  142.48	 99.90
   9.00	   8.94	18.6449	33.5807	24.0264	 6.56	286.12	0.085	  142.49	 99.90
  10.00	   9.93	18.6111	33.5828	24.0364	 6.55	285.58	0.086	  142.45	 99.90
  11.00	  10.92	18.4486	33.5788	24.0739	 6.60	287.77	0.087	  142.45	 99.90
  12.00	  11.91	18.2349	33.5762	24.1248	 6.64	289.39	0.090	  142.42	 99.90
  13.00	  12.91	17.8580	33.5668	24.2098	 6.66	290.34	0.096	  142.55	 99.90
  14.00	  13.90	17.4471	33.5661	24.3083	 6.57	286.61	0.099	  142.59	 99.90
  15.00	  14.89	16.5844	33.5571	24.5046	 6.50	283.28	0.102	  142.77	 99.90
  16.00	  15.88	15.9048	33.5531	24.6569	 6.28	273.90	0.117	  142.92	 99.88
  17.00	  16.88	15.2890	33.5408	24.7845	 5.93	258.27	0.136	  143.15	 99.85
  18.00	  17.87	15.0322	33.5483	24.8465	 5.78	251.70	0.142	  143.32	 99.75
  19.00	  18.86	14.9358	33.5525	24.8707	 5.62	244.82	0.117	  143.44	 99.66
  20.00	  19.86	14.7808	33.5535	24.9049	 5.59	243.72	0.095	  143.53	 99.59
  21.00	  20.85	14.5371	33.5442	24.9499	 5.72	249.27	0.076	  143.63	 99.55
  22.00	  21.84	14.3021	33.5195	24.9806	 5.72	249.26	0.070	  143.68	 99.54
  23.00	  22.83	14.1114	33.5189	25.0202	 5.60	244.17	0.070	  143.72	 99.56
  24.00	  23.83	14.0582	33.5238	25.0350	 5.54	241.49	0.065	  143.81	 99.55
  25.00	  24.82	14.0224	33.5243	25.0429	 5.52	240.39	0.063	  143.81	 99.53
  26.00	  25.81	13.9446	33.5231	25.0581	 5.48	238.83	0.062	  143.84	 99.50
  27.00	  26.80	13.8275	33.5201	25.0800	 5.37	233.77	0.062	  143.87	 99.49
  28.00	  27.80	13.7051	33.5302	25.1130	 5.10	222.31	0.062	  143.90	 99.48
  29.00	  28.79	13.6571	33.5691	25.1529	 4.96	216.12	0.061	  143.97	 99.45
  30.00	  29.78	13.5343	33.5820	25.1880	 4.96	216.26	0.061	  144.04	 99.40
  31.00	  30.78	13.4686	33.5880	25.2060	 4.93	214.71	0.058	  144.06	 99.37
  32.00	  31.77	13.3247	33.5804	25.2292	 4.89	213.14	0.059	  144.08	 99.34
  33.00	  32.76	13.2015	33.5824	25.2556	 4.78	208.35	0.058	  144.08	 93.67
  34.00	  33.75	13.0883	33.5874	25.2820	 4.66	203.17	0.057	  144.11	 94.63
  35.00	  34.75	12.8336	33.5957	25.3388	 4.63	201.82	0.054	  144.33	 99.20
  36.00	  35.74	12.6325	33.5931	25.3762	 4.58	199.65	0.054	  144.52	 97.87
  37.00	  36.73	12.5335	33.5946	25.3966	 4.53	197.46	0.053	  144.44	 96.31
  38.00	  37.72	12.4700	33.5996	25.4128	 4.50	196.11	0.054	  144.55	 99.26
  39.00	  38.72	12.4192	33.6028	25.4251	 4.47	194.74	0.054	  144.52	 99.30
  40.00	  39.71	12.3723	33.6061	25.4367	 4.44	193.33	0.052	  144.58	 99.29
  41.00	  40.70	12.3152	33.6080	25.4491	 4.39	191.18	0.052	  144.53	 95.56
  42.00	  41.70	12.2668	33.6091	25.4593	 4.33	188.76	0.052	  144.53	 92.17
  43.00	  42.69	12.1059	33.6076	25.4887	 4.25	185.30	0.050	  144.61	 99.31
  44.00	  43.68	11.9962	33.6140	25.5145	 4.18	182.04	0.048	  144.58	 99.31
  45.00	  44.67	11.8431	33.6304	25.5560	 4.15	180.76	0.048	  144.66	 99.31
  46.00	  45.67	11.8028	33.6361	25.5680	 4.11	179.17	0.049	  144.69	 91.35
  47.00	  46.66	11.7845	33.6373	25.5723	 4.07	177.44	0.049	  144.72	 99.38
  48.00	  47.65	11.7260	33.6399	25.5852	 4.03	175.70	0.048	  144.66	 99.33
  49.00	  48.64	11.6671	33.6422	25.5980	 4.01	174.75	0.048	  144.73	 99.33
  50.00	  49.64	11.5861	33.6435	25.6140	 4.01	174.45	0.049	  144.74	 99.34
  51.00	  50.63	11.5644	33.6443	25.6186	 3.99	173.59	0.049	  144.65	 99.34
  52.00	  51.62	11.5470	33.6474	25.6242	 3.96	172.27	0.048	  144.73	 99.34
  53.00	  52.61	11.5216	33.6483	25.6296	 3.93	171.31	0.048	  144.72	 99.34
  54.00	  53.61	11.4898	33.6501	25.6369	 3.92	170.81	0.048	  144.71	 99.34
  55.00	  54.60	11.4360	33.6519	25.6482	 3.90	169.68	0.048	  144.72	 98.03
  56.00	  55.59	11.4023	33.6531	25.6553	 3.85	167.59	0.048	  144.67	 93.58
  57.00	  56.58	11.3621	33.6562	25.6651	 3.80	165.47	0.047	  144.71	 99.34
  58.00	  57.58	11.3098	33.6697	25.6851	 3.76	163.93	0.048	  144.70	 99.37
  59.00	  58.57	11.2787	33.6779	25.6972	 3.73	162.60	0.048	  144.73	 99.37
  60.00	  59.56	11.2447	33.6819	25.7064	 3.72	161.77	0.048	  144.72	 99.38
  61.00	  60.55	11.2118	33.6861	25.7157	 3.69	160.75	0.047	  144.77	 99.38
  62.00	  61.55	11.1802	33.6900	25.7245	 3.67	159.61	0.047	  144.73	 99.39
  63.00	  62.54	11.1391	33.6944	25.7353	 3.63	158.20	0.048	  144.72	 99.39
  64.00	  63.53	11.1046	33.6979	25.7443	 3.58	155.91	0.048	  144.67	 99.39
  65.00	  64.52	11.0530	33.7043	25.7585	 3.54	154.32	0.047	  144.71	 99.40
  66.00	  65.52	10.9647	33.7155	25.7831	 3.54	153.97	0.046	  144.77	 99.41
  67.00	  66.51	10.9422	33.7177	25.7888	 3.50	152.32	0.045	  144.74	 99.41
  68.00	  67.50	10.8934	33.7236	25.8021	 3.43	149.37	0.045	  144.73	 99.41
  69.00	  68.49	10.7802	33.7416	25.8361	 3.39	147.71	0.045	  144.80	 99.43
  70.00	  69.49	10.7228	33.7481	25.8513	 3.37	146.52	0.044	  144.74	 99.44
  71.00	  70.48	10.6930	33.7518	25.8595	 3.32	144.48	0.043	  144.72	 99.44
  72.00	  71.47	10.6174	33.7628	25.8813	 3.27	142.35	0.043	  144.73	 99.45
  73.00	  72.46	10.5125	33.7804	25.9134	 3.23	140.77	0.043	  144.74	 99.46
  74.00	  73.46	10.4560	33.7889	25.9298	 3.20	139.50	0.043	  144.76	 99.46
  75.00	  74.45	10.3951	33.7990	25.9482	 3.19	138.66	0.042	  144.75	 99.47
  76.00	  75.44	10.3560	33.8050	25.9596	 3.16	137.54	0.043	  144.75	 99.49
  77.00	  76.43	10.3053	33.8122	25.9740	 3.14	136.87	0.043	  144.69	 99.49
  78.00	  77.43	10.2603	33.8184	25.9866	 3.14	136.68	0.042	  144.74	 99.49
  79.00	  78.42	10.2417	33.8210	25.9918	 3.14	136.46	0.042	  144.72	 99.50
  80.00	  79.41	10.2196	33.8237	25.9977	 3.13	136.13	0.042	  144.73	 99.51
  81.00	  80.40	10.1935	33.8267	26.0045	 3.13	136.13	0.042	  144.62	 99.51
  82.00	  81.40	10.1739	33.8288	26.0095	 3.13	136.19	0.042	  144.67	 99.51
  83.00	  82.39	10.1572	33.8305	26.0137	 3.13	136.17	0.042	  144.61	 99.51
  84.00	  83.38	10.1448	33.8318	26.0169	 3.13	136.02	0.042	  144.62	 99.51
  85.00	  84.37	10.1395	33.8323	26.0182	 3.12	135.73	0.042	  144.63	 99.51
  86.00	  85.37	10.1355	33.8328	26.0192	 3.12	135.76	0.042	  144.58	 99.51
  87.00	  86.36	10.1243	33.8347	26.0226	 3.11	135.51	0.042	  144.58	 99.51
  88.00	  87.35	10.1179	33.8365	26.0251	 3.11	135.22	0.042	  144.56	 99.52
  89.00	  88.34	10.1154	33.8379	26.0267	 3.10	134.96	0.042	  144.55	 99.52
  90.00	  89.34	10.1143	33.8385	26.0274	 3.07	133.80	0.042	  144.53	 99.52
  91.00	  90.33	10.1161	33.8423	26.0300	 3.04	132.17	0.042	  144.52	 99.52
  92.00	  91.32	10.1036	33.8496	26.0379	 3.04	132.42	0.042	  144.56	 99.52
  93.00	  92.31	10.0670	33.8538	26.0474	 3.05	132.57	0.042	  144.56	 99.53
  94.00	  93.31	10.0503	33.8579	26.0535	 3.04	132.50	0.042	  144.42	 99.54
  95.00	  94.30	10.0430	33.8592	26.0557	 3.04	132.45	0.041	  144.46	 99.54
  96.00	  95.29	10.0374	33.8601	26.0574	 3.04	132.32	0.042	  144.42	 99.54
  97.00	  96.28	10.0338	33.8606	26.0584	 3.04	132.27	0.040	  144.36	 99.54
  98.00	  97.28	10.0210	33.8639	26.0632	 3.03	131.96	0.040	  144.32	 99.54
  99.00	  98.27	 9.9981	33.8710	26.0726	 3.01	131.19	0.041	  144.31	 99.54
 100.00	  99.26	 9.9725	33.8785	26.0828	 2.98	129.91	0.040	  144.33	 99.54
 101.00	 100.25	 9.9587	33.8832	26.0888	 2.95	128.24	0.040	  144.27	 99.54
 102.00	 101.24	 9.9539	33.8853	26.0913	 2.91	126.82	0.041	  144.27	 99.54
 103.00	 102.24	 9.9416	33.8892	26.0964	 2.90	126.13	0.041	  144.28	 99.54
 104.00	 103.23	 9.9257	33.8942	26.1030	 2.89	125.72	0.042	  144.25	 99.55
 105.00	 104.22	 9.9136	33.8971	26.1073	 2.88	125.32	0.041	  144.26	 99.56
 106.00	 105.21	 9.9009	33.9006	26.1122	 2.90	126.20	0.041	  144.27	 99.56
 107.00	 106.21	 9.8805	33.9079	26.1213	 2.94	127.76	0.041	  144.20	 99.56
 108.00	 107.20	 9.8645	33.9137	26.1286	 2.95	128.31	0.040	  144.10	 99.56
 109.00	 108.19	 9.8626	33.9134	26.1286	 2.94	127.79	0.040	  144.10	 99.56
 110.00	 109.18	 9.8641	33.9141	26.1290	 2.93	127.42	0.040	  144.12	 99.56
 111.00	 110.18	 9.8605	33.9141	26.1296	 2.90	126.20	0.040	  144.09	 99.56
 112.00	 111.17	 9.8357	33.9195	26.1380	 2.86	124.45	0.040	  144.08	 99.56
 113.00	 112.16	 9.7972	33.9295	26.1523	 2.82	122.55	0.040	  144.09	 99.56
 114.00	 113.15	 9.7409	33.9438	26.1728	 2.78	121.17	0.040	  144.06	 99.56
 115.00	 114.14	 9.7253	33.9465	26.1775	 2.79	121.40	0.040	  144.06	 99.57
 116.00	 115.14	 9.7210	33.9477	26.1792	 2.79	121.44	0.040	  144.07	 99.58
 117.00	 116.13	 9.7207	33.9482	26.1796	 2.78	121.18	0.040	  144.03	 99.58
 118.00	 117.12	 9.7205	33.9483	26.1798	 2.78	120.87	0.040	  144.02	 99.58
 119.00	 118.11	 9.7186	33.9484	26.1801	 2.77	120.67	0.040	  143.94	 99.58
 120.00	 119.11	 9.7096	33.9513	26.1840	 2.76	120.28	0.040	  143.99	 99.58
 121.00	 120.10	 9.7057	33.9522	26.1853	 2.76	119.99	0.040	  143.99	 99.58
 122.00	 121.09	 9.7038	33.9533	26.1865	 2.74	119.23	0.040	  143.96	 99.58
 123.00	 122.08	 9.6931	33.9565	26.1908	 2.72	118.30	0.040	  143.98	 99.58
 124.00	 123.08	 9.6779	33.9613	26.1971	 2.72	118.20	0.040	  143.89	 99.59
 125.00	 124.07	 9.6747	33.9623	26.1984	 2.72	118.20	0.040	  143.89	 99.60
 126.00	 125.06	 9.6754	33.9623	26.1983	 2.71	118.07	0.040	  143.87	 99.60
 127.00	 126.05	 9.6758	33.9624	26.1983	 2.71	117.96	0.040	  143.84	 99.61
 128.00	 127.04	 9.6735	33.9630	26.1992	 2.72	118.34	0.040	  143.82	 99.61
 129.00	 128.04	 9.6682	33.9642	26.2011	 2.73	118.94	0.040	  143.81	 99.61
 130.00	 129.03	 9.6629	33.9659	26.2033	 2.74	119.19	0.040	  143.77	 99.61
 131.00	 130.02	 9.6559	33.9685	26.2065	 2.75	119.66	0.040	  143.78	 99.61
 132.00	 131.01	 9.6543	33.9699	26.2079	 2.75	119.87	0.040	  143.77	 99.61
 133.00	 132.00	 9.6543	33.9702	26.2082	 2.75	119.60	0.040	  143.68	 99.61
 134.00	 133.00	 9.6537	33.9704	26.2084	 2.74	119.39	0.040	  143.71	 99.60
 135.00	 133.99	 9.6532	33.9706	26.2086	 2.75	119.63	0.040	  143.70	 99.60
 136.00	 134.98	 9.6532	33.9706	26.2086	 2.75	119.62	0.040	  143.64	 99.60
 137.00	 135.97	 9.6514	33.9709	26.2092	 2.74	119.26	0.040	  143.62	 99.60
 138.00	 136.97	 9.6466	33.9722	26.2111	 2.73	118.60	0.040	  143.60	 99.60
 139.00	 137.96	 9.6360	33.9751	26.2151	 2.71	117.78	0.040	  143.58	 99.60
 140.00	 138.95	 9.6231	33.9791	26.2204	 2.70	117.45	0.040	  143.60	 99.60
 141.00	 139.94	 9.6119	33.9827	26.2250	 2.70	117.29	0.040	  143.60	 99.60
 142.00	 140.93	 9.6081	33.9837	26.2264	 2.68	116.59	0.040	  143.60	 99.61
 143.00	 141.93	 9.5954	33.9869	26.2311	 2.66	115.73	0.040	  143.53	 99.61
 144.00	 142.92	 9.5780	33.9914	26.2375	 2.65	115.14	0.040	  143.50	 99.61
 145.00	 143.91	 9.5557	33.9974	26.2459	 2.62	113.81	0.040	  143.56	 99.61
 146.00	 144.90	 9.5468	33.9998	26.2492	 2.57	111.92	0.040	  143.52	 99.61
 147.00	 145.90	 9.5173	34.0075	26.2601	 2.54	110.61	0.040	  143.53	 99.62
 148.00	 146.89	 9.4961	34.0125	26.2674	 2.52	109.81	0.040	  143.52	 99.62
 149.00	 147.88	 9.4933	34.0129	26.2682	 2.51	109.17	0.040	  143.45	 99.63
 150.00	 148.87	 9.4889	34.0135	26.2694	 2.49	108.45	0.040	  143.47	 99.63
 151.00	 149.86	 9.4840	34.0141	26.2708	 2.50	108.61	0.040	  143.46	 99.63
 152.00	 150.86	 9.4850	34.0141	26.2706	 2.50	108.65	0.040	  143.40	 99.63
 153.00	 151.85	 9.4822	34.0147	26.2715	 2.49	108.37	0.040	  143.46	 99.63
 154.00	 152.84	 9.4805	34.0143	26.2716	 2.48	107.96	0.040	  143.44	 99.64
 155.00	 153.83	 9.4794	34.0152	26.2725	 2.47	107.42	0.040	  143.37	 99.65
 156.00	 154.82	 9.4758	34.0160	26.2736	 2.47	107.34	0.040	  143.36	 99.65
 157.00	 155.82	 9.4735	34.0163	26.2743	 2.46	107.12	0.040	  143.34	 99.66
 158.00	 156.81	 9.4741	34.0162	26.2741	 2.45	106.81	0.040	  143.36	 99.65
 159.00	 157.80	 9.4720	34.0164	26.2747	 2.45	106.80	0.040	  143.33	 99.66
 160.00	 158.79	 9.4714	34.0166	26.2749	 2.45	106.82	0.040	  143.33	 99.66
 161.00	 159.78	 9.4717	34.0166	26.2749	 2.45	106.47	0.040	  143.33	 99.66
 162.00	 160.78	 9.4700	34.0170	26.2755	 2.44	106.07	0.040	  143.33	 99.66
 163.00	 161.77	 9.4693	34.0171	26.2757	 2.44	106.04	0.040	  143.31	 99.66
 164.00	 162.76	 9.4679	34.0174	26.2762	 2.43	105.77	0.040	  143.27	 99.66
 165.00	 163.75	 9.4650	34.0180	26.2771	 2.43	105.53	0.040	  143.30	 99.66
 166.00	 164.75	 9.4616	34.0187	26.2783	 2.41	105.02	0.040	  143.27	 99.66
 167.00	 165.74	 9.4570	34.0195	26.2797	 2.41	104.67	0.040	  143.24	 99.66
 168.00	 166.73	 9.4525	34.0208	26.2815	 2.41	104.71	0.040	  143.20	 99.66
 169.00	 167.72	 9.4443	34.0228	26.2844	 2.40	104.62	0.040	  143.18	 99.66
 170.00	 168.71	 9.4363	34.0248	26.2873	 2.39	104.18	0.040	  143.18	 99.66
 171.00	 169.71	 9.4312	34.0263	26.2893	 2.38	103.51	0.040	  143.17	 99.66
 172.00	 170.70	 9.4270	34.0274	26.2908	 2.35	102.47	0.040	  143.20	 99.66
 173.00	 171.69	 9.4150	34.0306	26.2953	 2.33	101.50	0.040	  143.15	 99.67
 174.00	 172.68	 9.4097	34.0324	26.2976	 2.32	101.17	0.040	  143.12	 99.67
 175.00	 173.67	 9.4071	34.0331	26.2986	 2.32	100.89	0.040	  143.13	 99.67
 176.00	 174.67	 9.4056	34.0338	26.2994	 2.31	100.40	0.040	  143.10	 99.68
 177.00	 175.66	 9.4021	34.0351	26.3010	 2.30	100.21	0.040	  143.13	 99.68
 178.00	 176.65	 9.4014	34.0355	26.3015	 2.31	100.33	0.040	  143.11	 99.68
 179.00	 177.64	 9.4013	34.0357	26.3017	 2.31	100.38	0.040	  143.07	 99.68
 180.00	 178.63	 9.4003	34.0362	26.3022	 2.31	100.39	0.040	  143.10	 99.68
 181.00	 179.62	 9.3955	34.0371	26.3037	 2.31	100.58	0.040	  143.02	 99.68
 182.00	 180.62	 9.3900	34.0382	26.3055	 2.31	100.48	0.040	  143.06	 99.68
 183.00	 181.61	 9.3771	34.0415	26.3102	 2.30	100.27	0.040	  143.03	 99.68
 184.00	 182.60	 9.3705	34.0435	26.3129	 2.29	 99.75	0.040	  143.06	 99.68
 185.00	 183.59	 9.3626	34.0452	26.3154	 2.26	 98.15	0.040	  143.02	 99.68
 186.00	 184.58	 9.3514	34.0494	26.3206	 2.22	 96.63	0.040	  142.99	 99.68
 187.00	 185.58	 9.3481	34.0521	26.3232	 2.21	 96.01	0.040	  143.03	 99.68
 188.00	 186.57	 9.3478	34.0528	26.3238	 2.20	 95.65	0.040	  143.04	 99.69
 189.00	 187.56	 9.3464	34.0535	26.3246	 2.17	 94.48	0.040	  143.03	 99.69
 190.00	 188.55	 9.3446	34.0541	26.3254	 2.14	 93.15	0.040	  142.98	 99.70
 191.00	 189.54	 9.3303	34.0592	26.3318	 2.13	 92.58	0.040	  142.99	 99.71
 192.00	 190.54	 9.3265	34.0606	26.3335	 2.12	 92.09	0.040	  143.05	 99.71
 193.00	 191.53	 9.3219	34.0624	26.3356	 2.11	 91.74	0.040	  143.04	 99.71
 194.00	 192.52	 9.3187	34.0637	26.3372	 2.11	 91.74	0.040	  142.99	 99.71
 195.00	 193.51	 9.3194	34.0634	26.3369	 2.09	 91.01	0.040	  143.03	 99.71
 196.00	 194.50	 9.3167	34.0644	26.3381	 2.05	 89.28	0.040	  142.97	 99.72
 197.00	 195.50	 9.3105	34.0665	26.3408	 2.01	 87.27	0.040	  142.99	 99.72
 198.00	 196.49	 9.2965	34.0714	26.3469	 1.97	 85.81	0.040	  142.96	 99.72
 199.00	 197.48	 9.2774	34.0770	26.3544	 1.96	 85.08	0.040	  142.95	 99.72
 200.00	 198.47	 9.2709	34.0790	26.3570	 1.94	 84.32	0.040	  142.96	 99.73
 201.00	 199.46	 9.2661	34.0806	26.3591	 1.92	 83.39	0.040	  142.98	 99.73
 202.00	 200.46	 9.2609	34.0823	26.3613	 1.90	 82.46	0.040	  142.98	 99.73
 203.00	 201.45	 9.2541	34.0852	26.3646	 1.88	 81.60	0.040	  142.94	 99.74
 204.00	 202.44	 9.2524	34.0860	26.3655	 1.87	 81.24	0.040	  143.02	 99.74
 205.00	 203.43	 9.2338	34.0906	26.3721	 1.88	 81.91	0.040	  143.05	 99.76
 206.00	 204.42	 9.2210	34.0929	26.3760	 1.88	 81.79	0.040	  143.00	 99.76
 207.00	 205.41	 9.2079	34.0948	26.3797	 1.84	 80.24	0.039	  143.02	 99.76
 208.00	 206.41	 9.2001	34.0973	26.3829	 1.79	 77.92	0.040	  142.95	 99.76
 209.00	 207.40	 9.1831	34.1020	26.3893	 1.74	 75.87	0.040	  143.01	 99.76
 210.00	 208.39	 9.1686	34.1066	26.3953	 1.71	 74.32	0.040	  143.01	 99.76
 211.00	 209.38	 9.1569	34.1114	26.4009	 1.68	 73.08	0.040	  143.02	 99.76
 212.00	 210.37	 9.1523	34.1144	26.4040	 1.66	 72.05	0.040	  143.03	 99.77
 213.00	 211.37	 9.1480	34.1167	26.4065	 1.64	 71.33	0.040	  143.09	 99.78
 214.00	 212.36	 9.1437	34.1182	26.4084	 1.62	 70.68	0.040	  143.02	 99.78
 215.00	 213.35	 9.1381	34.1202	26.4108	 1.61	 69.93	0.040	  142.98	 99.78
 216.00	 214.34	 9.1362	34.1213	26.4120	 1.59	 69.24	0.040	  143.03	 99.78
 217.00	 215.33	 9.1339	34.1223	26.4132	 1.59	 69.05	0.040	  143.04	 81.51
 218.00	 216.32	 9.1241	34.1251	26.4170	 1.59	 69.35	0.040	  143.03	 99.78
 219.00	 217.32	 9.1235	34.1250	26.4171	 1.60	 69.70	0.040	  143.05	 99.80
 220.00	 218.31	 9.1210	34.1251	26.4175	 1.61	 69.98	0.040	  143.06	 99.80
 221.00	 219.30	 9.1083	34.1270	26.4210	 1.61	 70.22	0.040	  143.02	 99.80
 222.00	 220.29	 9.1074	34.1269	26.4211	 1.62	 70.51	0.040	  143.06	 99.80
 223.00	 221.28	 9.1061	34.1267	26.4212	 1.63	 70.75	0.040	  142.99	 99.80
 224.00	 222.28	 9.1036	34.1266	26.4215	 1.62	 70.41	0.040	  143.06	 99.80
 225.00	 223.27	 9.1020	34.1275	26.4225	 1.60	 69.48	0.040	  143.01	 99.80
 226.00	 224.26	 9.1025	34.1284	26.4232	 1.58	 68.57	0.040	  143.02	 99.80
 227.00	 225.25	 9.1016	34.1295	26.4242	 1.56	 67.72	0.040	  143.01	 99.80
 228.00	 226.24	 9.0973	34.1315	26.4264	 1.54	 67.18	0.040	  142.97	 99.80
 229.00	 227.23	 9.0949	34.1323	26.4275	 1.53	 66.58	0.040	  143.05	 99.80
 230.00	 228.23	 9.0908	34.1336	26.4292	 1.52	 66.02	0.040	  143.04	 99.80
 231.00	 229.22	 9.0854	34.1350	26.4311	 1.51	 65.55	0.040	  143.05	 99.80
 232.00	 230.21	 9.0817	34.1362	26.4327	 1.48	 64.52	0.040	  142.99	 99.80
 233.00	 231.20	 9.0781	34.1373	26.4342	 1.46	 63.35	0.040	  142.96	 99.81
 234.00	 232.19	 9.0625	34.1402	26.4389	 1.45	 63.04	0.040	  143.02	 99.81
 235.00	 233.18	 9.0467	34.1423	26.4431	 1.44	 62.56	0.040	  143.00	 99.81
 236.00	 234.18	 9.0390	34.1438	26.4455	 1.42	 61.91	0.040	  142.97	 99.82
 237.00	 235.17	 9.0383	34.1451	26.4466	 1.42	 61.59	0.040	  142.97	 99.83
 238.00	 236.16	 9.0375	34.1456	26.4472	 1.41	 61.27	0.040	  143.07	 99.83
 239.00	 237.15	 9.0374	34.1460	26.4475	 1.40	 60.94	0.040	  142.97	 99.83
 240.00	 238.14	 9.0374	34.1464	26.4479	 1.39	 60.26	0.040	  142.98	 99.83
 241.00	 239.13	 9.0330	34.1474	26.4493	 1.38	 59.92	0.040	  142.99	 99.83
 242.00	 240.13	 9.0266	34.1490	26.4517	 1.38	 59.86	0.040	  142.96	 99.83
 243.00	 241.12	 9.0213	34.1496	26.4530	 1.38	 59.89	0.040	  142.98	 99.83
 244.00	 242.11	 9.0140	34.1506	26.4550	 1.37	 59.66	0.040	  143.00	 99.83
 245.00	 243.10	 9.0028	34.1517	26.4576	 1.36	 59.01	0.040	  143.00	 99.83
 246.00	 244.09	 8.9934	34.1530	26.4601	 1.34	 58.12	0.040	  143.01	 99.83
 247.00	 245.08	 8.9875	34.1545	26.4623	 1.32	 57.32	0.040	  142.99	 99.83
 248.00	 246.08	 8.9810	34.1563	26.4647	 1.30	 56.62	0.040	  143.01	 99.83
 249.00	 247.07	 8.9761	34.1574	26.4664	 1.29	 56.17	0.040	  143.01	 99.84
 250.00	 248.06	 8.9707	34.1587	26.4683	 1.29	 56.03	0.040	  143.01	 99.84
 251.00	 249.05	 8.9660	34.1596	26.4697	 1.28	 55.76	0.040	  142.99	 99.84
 252.00	 250.04	 8.9649	34.1600	26.4702	 1.28	 55.60	0.040	  143.06	 99.85
 253.00	 251.03	 8.9633	34.1605	26.4709	 1.27	 55.29	0.040	  143.04	 99.85
 254.00	 252.03	 8.9597	34.1609	26.4718	 1.26	 54.79	0.040	  143.00	 99.85
 255.00	 253.02	 8.9540	34.1618	26.4734	 1.25	 54.48	0.040	  143.00	 99.85
 256.00	 254.01	 8.9456	34.1631	26.4758	 1.25	 54.37	0.040	  143.04	 99.85
 257.00	 255.00	 8.9427	34.1636	26.4766	 1.24	 54.08	0.040	  143.02	 99.85
 258.00	 255.99	 8.9419	34.1637	26.4769	 1.22	 53.27	0.040	  143.08	 99.85
 259.00	 256.98	 8.9361	34.1649	26.4787	 1.20	 52.30	0.040	  143.09	 99.85
 260.00	 257.98	 8.9256	34.1669	26.4820	 1.19	 51.84	0.040	  143.03	 99.85
 261.00	 258.97	 8.9127	34.1689	26.4856	 1.19	 51.65	0.040	  143.02	 99.85
 262.00	 259.96	 8.9066	34.1695	26.4870	 1.18	 51.37	0.040	  143.04	 99.85
 263.00	 260.95	 8.9021	34.1701	26.4882	 1.18	 51.24	0.040	  143.03	 99.85
 264.00	 261.94	 8.8950	34.1712	26.4902	 1.18	 51.55	0.040	  143.00	 99.85
 265.00	 262.93	 8.8911	34.1716	26.4912	 1.20	 52.37	0.040	  142.99	 99.86
 266.00	 263.93	 8.8755	34.1713	26.4934	 1.21	 52.73	0.040	  142.99	 99.86
 267.00	 264.92	 8.8628	34.1710	26.4952	 1.20	 51.99	0.040	  143.00	 99.86
 268.00	 265.91	 8.8547	34.1708	26.4964	 1.17	 50.79	0.040	  142.99	 99.87
 269.00	 266.90	 8.8381	34.1736	26.5011	 1.15	 50.11	0.040	  143.00	 99.86
 270.00	 267.89	 8.8278	34.1755	26.5042	 1.15	 49.94	0.040	  143.01	 99.86
 271.00	 268.88	 8.8237	34.1762	26.5055	 1.15	 49.82	0.040	  143.01	 99.86
 272.00	 269.87	 8.8205	34.1767	26.5064	 1.14	 49.56	0.040	  142.97	 99.87
 273.00	 270.87	 8.8166	34.1773	26.5075	 1.13	 49.33	0.040	  143.00	 99.87
 274.00	 271.86	 8.8138	34.1777	26.5082	 1.13	 49.30	0.040	  142.98	 99.87
 275.00	 272.85	 8.8112	34.1781	26.5089	 1.13	 49.23	0.040	  142.98	 99.87
 276.00	 273.84	 8.8098	34.1782	26.5093	 1.13	 49.16	0.040	  143.01	 99.88
 277.00	 274.83	 8.8083	34.1782	26.5096	 1.12	 48.87	0.040	  142.94	 99.88
 278.00	 275.82	 8.8056	34.1785	26.5102	 1.12	 48.55	0.040	  142.95	 99.88
 279.00	 276.81	 8.7979	34.1789	26.5118	 1.11	 48.12	0.040	  142.95	 99.88
 280.00	 277.81	 8.7878	34.1796	26.5139	 1.09	 47.40	0.040	  142.92	 99.88
 281.00	 278.80	 8.7782	34.1809	26.5164	 1.07	 46.60	0.041	  142.97	 99.88
 282.00	 279.79	 8.7711	34.1820	26.5184	 1.05	 45.78	0.041	  142.97	 99.88
 283.00	 280.78	 8.7597	34.1832	26.5212	 1.04	 45.14	0.040	  142.94	 99.88
 284.00	 281.77	 8.7313	34.1854	26.5273	 1.03	 44.94	0.040	  142.98	 99.88
 285.00	 282.76	 8.7169	34.1868	26.5307	 1.03	 44.89	0.040	  143.00	 99.88
 286.00	 283.76	 8.7127	34.1870	26.5315	 1.03	 44.73	0.040	  142.99	 99.88
 287.00	 284.75	 8.7096	34.1870	26.5320	 1.01	 44.01	0.040	  142.97	 99.88
 288.00	 285.74	 8.6986	34.1872	26.5339	 0.99	 42.89	0.040	  143.03	 99.88
 289.00	 286.73	 8.6747	34.1881	26.5383	 0.97	 42.16	0.040	  143.00	 99.88
 290.00	 287.72	 8.6365	34.1915	26.5469	 0.96	 41.83	0.040	  143.01	 99.89
 291.00	 288.71	 8.6175	34.1926	26.5507	 0.95	 41.47	0.040	  143.04	 99.88
 292.00	 289.70	 8.5984	34.1934	26.5543	 0.95	 41.20	0.040	  143.04	 99.89
 293.00	 290.70	 8.5888	34.1941	26.5564	 0.95	 41.24	0.040	  142.98	 99.89
 294.00	 291.69	 8.5846	34.1943	26.5572	 0.95	 41.12	0.040	  143.04	 99.89
 295.00	 292.68	 8.5825	34.1946	26.5577	 0.94	 40.90	0.040	  142.98	 99.90
 296.00	 293.67	 8.5756	34.1944	26.5587	 0.94	 40.68	0.040	  142.93	 99.90
 297.00	 294.66	 8.5679	34.1950	26.5604	 0.93	 40.46	0.040	  143.00	 99.90
 298.00	 295.65	 8.5601	34.1952	26.5617	 0.93	 40.40	0.040	  143.01	 99.90
 299.00	 296.64	 8.5533	34.1958	26.5633	 0.92	 40.16	0.040	  143.03	 99.90
 300.00	 297.64	 8.5479	34.1959	26.5642	 0.91	 39.80	0.040	  142.97	 99.90
 301.00	 298.63	 8.5430	34.1960	26.5650	 0.91	 39.43	0.040	  142.95	 99.90
 302.00	 299.62	 8.5260	34.1963	26.5679	 0.90	 39.10	0.040	  142.94	 99.90
 303.00	 300.61	 8.5048	34.1977	26.5722	 0.89	 38.91	0.040	  143.00	 99.90
 304.00	 301.60	 8.4935	34.1978	26.5741	 0.89	 38.76	0.040	  142.93	 99.90
 305.00	 302.59	 8.4769	34.1985	26.5772	 0.89	 38.59	0.040	  143.01	 99.90
 306.00	 303.58	 8.4690	34.1987	26.5785	 0.88	 38.42	0.040	  142.88	 99.90
 307.00	 304.58	 8.4587	34.1991	26.5804	 0.88	 38.31	0.041	  143.00	 99.90
 308.00	 305.57	 8.4464	34.1993	26.5826	 0.89	 38.54	0.041	  142.98	 99.90
 309.00	 306.56	 8.4320	34.2000	26.5853	 0.90	 39.09	0.040	  142.96	 99.90
 310.00	 307.55	 8.4102	34.2023	26.5904	 0.90	 38.98	0.040	  143.02	 99.90
 311.00	 308.54	 8.3836	34.2044	26.5961	 0.89	 38.54	0.041	  143.00	 99.90
 312.00	 309.53	 8.3722	34.2047	26.5981	 0.88	 38.17	0.041	  143.02	 99.90
 313.00	 310.52	 8.3690	34.2046	26.5985	 0.87	 38.04	0.040	  142.95	 99.90
 314.00	 311.51	 8.3655	34.2044	26.5989	 0.87	 37.93	0.040	  142.99	 99.90
 315.00	 312.51	 8.3585	34.2046	26.6001	 0.87	 37.72	0.040	  142.91	 99.90
 316.00	 313.50	 8.3493	34.2052	26.6020	 0.87	 37.65	0.040	  142.92	 99.91
 317.00	 314.49	 8.3486	34.2053	26.6022	 0.87	 37.64	0.040	  142.88	 99.90
 318.00	 315.48	 8.3479	34.2054	26.6025	 0.86	 37.40	0.040	  142.90	 99.91
 319.00	 316.47	 8.3406	34.2052	26.6034	 0.86	 37.27	0.040	  142.91	 99.91
 320.00	 317.46	 8.3206	34.2052	26.6065	 0.85	 37.17	0.041	  142.89	 99.91
 321.00	 318.45	 8.3147	34.2057	26.6077	 0.85	 36.86	0.041	  142.91	 99.91
 322.00	 319.45	 8.3002	34.2057	26.6100	 0.84	 36.66	0.040	  142.93	 99.91
 323.00	 320.44	 8.2800	34.2063	26.6135	 0.84	 36.38	0.040	  142.90	 99.91
 324.00	 321.43	 8.2637	34.2062	26.6159	 0.83	 35.98	0.040	  142.96	 99.91
 325.00	 322.42	 8.2415	34.2060	26.6191	 0.82	 35.50	0.040	  142.95	 99.91
 326.00	 323.41	 8.2333	34.2062	26.6205	 0.80	 34.86	0.040	  142.95	 99.92
 327.00	 324.40	 8.2157	34.2054	26.6225	 0.79	 34.25	0.040	  142.95	 99.92
 328.00	 325.39	 8.1933	34.2050	26.6256	 0.78	 33.97	0.040	  142.96	 99.92
 329.00	 326.38	 8.1779	34.2051	26.6280	 0.78	 33.83	0.040	  142.98	 99.92
 330.00	 327.38	 8.1626	34.2051	26.6303	 0.78	 33.72	0.040	  142.89	 99.93
 331.00	 328.37	 8.1583	34.2054	26.6312	 0.77	 33.66	0.040	  142.96	 99.92
 332.00	 329.36	 8.1524	34.2056	26.6323	 0.77	 33.61	0.040	  142.99	 99.93
 333.00	 330.35	 8.1524	34.2057	26.6324	 0.77	 33.64	0.040	  142.91	 99.93
 334.00	 331.34	 8.1520	34.2059	26.6325	 0.78	 33.71	0.040	  142.96	 99.93
 335.00	 332.33	 8.1530	34.2061	26.6326	 0.77	 33.68	0.041	  142.95	 99.93
 336.00	 333.32	 8.1532	34.2059	26.6324	 0.77	 33.56	0.041	  142.92	 99.93
 337.00	 334.31	 8.1508	34.2062	26.6330	 0.77	 33.56	0.040	  142.91	 99.93
 338.00	 335.31	 8.1499	34.2061	26.6331	 0.77	 33.58	0.041	  142.95	 99.93
 339.00	 336.30	 8.1494	34.2062	26.6333	 0.77	 33.56	0.042	  142.91	 99.93
 340.00	 337.29	 8.1488	34.2062	26.6334	 0.77	 33.37	0.042	  142.87	 99.93
 341.00	 338.28	 8.1464	34.2062	26.6337	 0.77	 33.38	0.041	  142.93	 99.93
 342.00	 339.27	 8.1430	34.2061	26.6342	 0.77	 33.35	0.040	  142.90	 99.93
 343.00	 340.26	 8.1371	34.2061	26.6351	 0.76	 32.88	0.041	  142.89	 99.93
 344.00	 341.25	 8.1157	34.2053	26.6377	 0.75	 32.53	0.041	  142.87	 99.93
 345.00	 342.24	 8.0860	34.2058	26.6425	 0.75	 32.48	0.041	  142.84	 99.93
 346.00	 343.23	 8.0741	34.2066	26.6449	 0.74	 32.27	0.042	  142.89	 99.93
 347.00	 344.23	 8.0684	34.2063	26.6456	 0.73	 31.89	0.041	  142.86	 99.93
 348.00	 345.22	 8.0427	34.2061	26.6492	 0.72	 31.42	0.040	  142.91	 99.93
 349.00	 346.21	 8.0240	34.2059	26.6519	 0.71	 31.00	0.040	  142.85	 99.93
 350.00	 347.20	 7.9758	34.2065	26.6594	 0.71	 30.79	0.040	  142.89	 99.93
 351.00	 348.19	 7.9685	34.2071	26.6610	 0.70	 30.65	0.040	  142.92	 99.93
 352.00	 349.18	 7.9543	34.2068	26.6629	 0.70	 30.52	0.040	  142.88	 99.93
 353.00	 350.17	 7.9465	34.2072	26.6644	 0.70	 30.47	0.040	  142.89	 99.93
 354.00	 351.16	 7.9395	34.2074	26.6656	 0.70	 30.37	0.041	  142.93	 99.93
 355.00	 352.16	 7.9382	34.2076	26.6660	 0.69	 30.16	0.041	  142.90	 99.93
 356.00	 353.15	 7.9367	34.2075	26.6661	 0.69	 30.16	0.040	  142.90	 99.93
 357.00	 354.14	 7.9329	34.2076	26.6668	 0.69	 30.06	0.040	  142.94	 99.93
 358.00	 355.13	 7.9300	34.2079	26.6674	 0.69	 29.92	0.040	  142.88	 99.93
 359.00	 356.12	 7.9254	34.2078	26.6680	 0.69	 29.83	0.040	  142.88	 99.93
 360.00	 357.11	 7.9205	34.2079	26.6689	 0.68	 29.49	0.040	  142.88	 99.93
 361.00	 358.10	 7.9025	34.2078	26.6714	 0.67	 29.16	0.040	  142.87	 99.93
 362.00	 359.09	 7.8931	34.2078	26.6728	 0.66	 28.87	0.040	  142.82	 99.93
 363.00	 360.08	 7.8729	34.2078	26.6758	 0.66	 28.65	0.040	  142.84	 99.94
 364.00	 361.08	 7.8558	34.2085	26.6788	 0.66	 28.58	0.040	  142.86	 99.93
 365.00	 362.07	 7.8505	34.2086	26.6797	 0.65	 28.46	0.040	  142.87	 99.93
 366.00	 363.06	 7.8417	34.2085	26.6810	 0.65	 28.35	0.040	  142.92	 99.94
 367.00	 364.05	 7.8294	34.2089	26.6830	 0.65	 28.17	0.041	  142.87	 99.94
 368.00	 365.04	 7.8210	34.2090	26.6844	 0.65	 28.10	0.040	  142.84	 99.94
 369.00	 366.03	 7.8129	34.2091	26.6856	 0.64	 27.97	0.040	  142.85	 99.94
 370.00	 367.02	 7.8028	34.2095	26.6875	 0.64	 27.76	0.040	  142.87	 99.94
 371.00	 368.01	 7.7882	34.2095	26.6896	 0.64	 27.75	0.040	  142.84	 99.94
 372.00	 369.00	 7.7797	34.2099	26.6911	 0.63	 27.56	0.040	  142.86	 99.94
 373.00	 369.99	 7.7718	34.2100	26.6924	 0.62	 27.13	0.040	  142.86	 99.94
 374.00	 370.99	 7.7541	34.2095	26.6946	 0.62	 26.83	0.040	  142.84	 99.95
 375.00	 371.98	 7.7247	34.2105	26.6997	 0.61	 26.59	0.040	  142.84	 99.95
 376.00	 372.97	 7.7025	34.2109	26.7032	 0.61	 26.35	0.041	  142.87	 99.95
 377.00	 373.96	 7.6909	34.2117	26.7055	 0.60	 26.31	0.041	  142.81	 99.95
 378.00	 374.95	 7.6850	34.2120	26.7066	 0.60	 26.20	0.040	  142.80	 99.95
 379.00	 375.94	 7.6752	34.2121	26.7081	 0.60	 26.07	0.040	  142.80	 99.95
 380.00	 376.93	 7.6662	34.2125	26.7097	 0.60	 26.08	0.040	  142.84	 99.95
 381.00	 377.92	 7.6631	34.2127	26.7103	 0.60	 26.00	0.040	  142.83	 99.95
 382.00	 378.91	 7.6614	34.2127	26.7106	 0.60	 26.03	0.041	  142.83	 99.95
 383.00	 379.91	 7.6537	34.2125	26.7116	 0.60	 25.91	0.042	  142.84	 99.95
 384.00	 380.90	 7.6467	34.2128	26.7128	 0.59	 25.70	0.041	  142.79	 99.95
 385.00	 381.89	 7.6363	34.2128	26.7144	 0.59	 25.48	0.040	  142.82	 99.95
 386.00	 382.88	 7.6250	34.2131	26.7163	 0.58	 25.22	0.040	  142.84	 99.95
 387.00	 383.87	 7.6161	34.2135	26.7178	 0.57	 24.98	0.040	  142.83	 99.95
 388.00	 384.86	 7.6084	34.2135	26.7189	 0.56	 24.57	0.041	  142.85	 99.95
 389.00	 385.85	 7.5832	34.2128	26.7221	 0.56	 24.26	0.042	  142.84	 99.95
 390.00	 386.84	 7.5586	34.2147	26.7271	 0.55	 24.10	0.042	  142.88	 99.95
 391.00	 387.83	 7.5511	34.2146	26.7281	 0.55	 23.97	0.041	  142.84	 99.95
 392.00	 388.82	 7.5445	34.2151	26.7294	 0.55	 23.95	0.040	  142.83	 99.95
 393.00	 389.81	 7.5363	34.2152	26.7307	 0.55	 23.90	0.040	  142.83	 99.95
 394.00	 390.81	 7.5323	34.2152	26.7313	 0.54	 23.63	0.040	  142.80	 99.95
 395.00	 391.80	 7.5230	34.2153	26.7327	 0.54	 23.42	0.040	  142.83	 99.95
 396.00	 392.79	 7.5073	34.2157	26.7353	 0.54	 23.37	0.041	  142.83	 99.95
 397.00	 393.78	 7.4948	34.2160	26.7373	 0.53	 23.21	0.042	  142.83	 99.95
 398.00	 394.77	 7.4899	34.2163	26.7382	 0.52	 22.81	0.042	  142.78	 99.95
 399.00	 395.76	 7.4804	34.2163	26.7396	 0.52	 22.56	0.040	  142.84	 99.95
 400.00	 396.75	 7.4661	34.2165	26.7418	 0.52	 22.46	0.041	  142.83	 99.95
 401.00	 397.74	 7.4558	34.2172	26.7438	 0.52	 22.43	0.042	  142.83	 99.95
 402.00	 398.73	 7.4507	34.2174	26.7447	 0.51	 22.21	0.042	  142.82	 99.95
 403.00	 399.72	 7.4451	34.2176	26.7457	 0.50	 21.95	0.042	  142.86	 99.95
 404.00	 400.72	 7.4305	34.2174	26.7476	 0.50	 21.78	0.042	  142.75	 99.95
 405.00	 401.71	 7.4164	34.2187	26.7506	 0.50	 21.72	0.040	  142.81	 99.96
 406.00	 402.70	 7.4161	34.2184	26.7504	 0.50	 21.67	0.040	  142.82	 99.95
 407.00	 403.69	 7.4132	34.2185	26.7509	 0.50	 21.67	0.041	  142.83	 99.95
 408.00	 404.68	 7.4113	34.2187	26.7514	 0.49	 21.51	0.040	  142.82	 99.96
 409.00	 405.67	 7.4044	34.2184	26.7522	 0.49	 21.19	0.041	  142.79	 99.96
 410.00	 406.66	 7.3892	34.2191	26.7548	 0.49	 21.20	0.042	  142.78	 99.96
 411.00	 407.65	 7.3835	34.2194	26.7559	 0.49	 21.16	0.042	  142.78	 99.95
 412.00	 408.64	 7.3769	34.2196	26.7570	 0.48	 20.99	0.041	  142.75	 99.95
 413.00	 409.63	 7.3702	34.2198	26.7581	 0.48	 20.93	0.040	  142.74	 99.96
 414.00	 410.62	 7.3649	34.2201	26.7591	 0.48	 20.76	0.040	  142.71	 99.96
 415.00	 411.61	 7.3558	34.2205	26.7607	 0.47	 20.50	0.040	  142.72	 99.96
 416.00	 412.61	 7.3491	34.2208	26.7619	 0.47	 20.34	0.040	  142.73	 99.96
 417.00	 413.60	 7.3449	34.2210	26.7627	 0.47	 20.25	0.040	  142.71	 99.97
 418.00	 414.59	 7.3387	34.2210	26.7635	 0.46	 20.15	0.040	  142.80	 99.96
 419.00	 415.58	 7.3302	34.2214	26.7651	 0.46	 19.95	0.041	  142.70	 99.96
 420.00	 416.57	 7.3282	34.2215	26.7654	 0.45	 19.54	0.041	  142.75	 99.97
 421.00	 417.56	 7.3167	34.2214	26.7670	 0.44	 19.22	0.040	  142.75	 76.96
 422.00	 418.55	 7.3001	34.2222	26.7700	 0.44	 18.97	0.041	  142.72	 99.60
 423.00	 419.54	 7.2880	34.2229	26.7722	 0.43	 18.72	0.042	  142.75	 99.97
 424.00	 420.53	 7.2794	34.2233	26.7737	 0.43	 18.63	0.042	  142.75	 99.97
 425.00	 421.52	 7.2755	34.2235	26.7745	 0.43	 18.60	0.041	  142.78	 99.97
 426.00	 422.51	 7.2674	34.2238	26.7758	 0.42	 18.44	0.040	  142.72	 99.97
 427.00	 423.50	 7.2635	34.2238	26.7764	 0.42	 18.22	0.041	  142.67	 99.97
 428.00	 424.50	 7.2585	34.2240	26.7773	 0.41	 17.95	0.042	  142.69	 99.98
 429.00	 425.49	 7.2500	34.2237	26.7782	 0.40	 17.47	0.041	  142.74	 99.98
 430.00	 426.48	 7.2268	34.2248	26.7823	 0.39	 17.04	0.041	  142.68	 98.94
 431.00	 427.47	 7.2078	34.2255	26.7856	 0.38	 16.66	0.042	  142.72	 98.37
 432.00	 428.46	 7.1965	34.2262	26.7877	 0.37	 16.18	0.041	  142.77	 97.34
 433.00	 429.45	 7.1872	34.2259	26.7888	 0.36	 15.56	0.041	  142.70	 96.39
 434.00	 430.44	 7.1609	34.2270	26.7933	 0.35	 15.16	0.042	  142.69	 95.33
 435.00	 431.43	 7.1357	34.2281	26.7977	 0.35	 15.23	0.042	  142.68	 94.33
 436.00	 432.42	 7.1259	34.2290	26.7997	 0.35	 15.17	0.041	  142.69	 93.37
 437.00	 433.41	 7.1254	34.2291	26.7999	 0.35	 15.04	0.041	  142.65	 92.35
 438.00	 434.40	 7.1248	34.2290	26.7999	 0.35	 15.13	0.040	  142.61	 91.37
 439.00	 435.39	 7.1226	34.2292	26.8004	 0.35	 15.06	0.040	  142.58	 90.43
 440.00	 436.38	 7.1201	34.2293	26.8008	 0.34	 14.61	0.042	  142.59	 89.39
 441.00	 437.38	 7.1151	34.2295	26.8017	 0.32	 14.12	0.040	  142.60	 88.34
 442.00	 438.37	 7.1048	34.2296	26.8032	 0.31	 13.51	0.041	  142.60	 87.31
 443.00	 439.36	 7.0820	34.2305	26.8071	 0.30	 13.13	0.042	  142.63	 86.31
 444.00	 440.35	 7.0735	34.2312	26.8088	 0.29	 12.77	0.042	  142.53	 85.34
 445.00	 441.34	 7.0636	34.2317	26.8106	 0.29	 12.41	0.042	  142.56	 84.30
 446.00	 442.33	 7.0522	34.2319	26.8123	 0.28	 12.01	0.042	  142.61	 83.35
 447.00	 443.32	 7.0408	34.2326	26.8144	 0.27	 11.63	0.042	  142.57	 82.34
 448.00	 444.31	 7.0229	34.2329	26.8172	 0.26	 11.29	0.042	  142.61	 81.35
 449.00	 445.30	 6.9926	34.2333	26.8216	 0.25	 11.07	0.042	  142.55	 80.33
 450.00	 446.29	 6.9659	34.2352	26.8267	 0.25	 11.07	0.042	  142.60	 79.31
 451.00	 447.28	 6.9643	34.2354	26.8272	 0.25	 10.99	0.042	  142.59	 78.37
 452.00	 448.27	 6.9626	34.2356	26.8276	 0.25	 10.76	0.042	  142.58	 77.38
 453.00	 449.26	 6.9586	34.2359	26.8283	 0.25	 10.72	0.042	  142.57	 76.36
 454.00	 450.25	 6.9551	34.2364	26.8292	 0.25	 10.77	0.042	  142.55	 75.35
 455.00	 451.25	 6.9520	34.2364	26.8297	 0.25	 10.68	0.042	  142.58	 74.35
 456.00	 452.24	 6.9440	34.2367	26.8310	 0.24	 10.51	0.041	  142.55	 73.35
 457.00	 453.23	 6.9348	34.2371	26.8326	 0.23	 10.22	0.041	  142.59	 72.29
 458.00	 454.22	 6.9162	34.2371	26.8351	 0.22	  9.65	0.042	  142.60	 71.32
 459.00	 455.21	 6.8926	34.2384	26.8393	 0.21	  8.94	0.042	  142.55	 70.32
 460.00	 456.20	 6.8783	34.2389	26.8417	 0.19	  8.47	0.041	  142.61	 69.39
 461.00	 457.19	 6.8633	34.2397	26.8443	 0.19	  8.09	0.041	  142.62	 68.39
 462.00	 458.18	 6.8522	34.2400	26.8461	 0.18	  7.97	0.042	  142.60	 67.34
 463.00	 459.17	 6.8472	34.2405	26.8472	 0.18	  7.97	0.042	  142.60	 66.34
 464.00	 460.16	 6.8420	34.2407	26.8480	 0.18	  7.89	0.041	  142.56	 65.34
 465.00	 461.15	 6.8324	34.2409	26.8496	 0.18	  7.87	0.041	  142.60	 64.38
 466.00	 462.14	 6.8269	34.2414	26.8507	 0.18	  7.83	0.042	  142.55	 63.36
 467.00	 463.13	 6.8213	34.2416	26.8516	 0.18	  7.82	0.041	  142.54	 62.39
 468.00	 464.12	 6.8140	34.2426	26.8534	 0.17	  7.45	0.041	  142.56	 61.41
 469.00	 465.11	 6.8118	34.2426	26.8537	 0.16	  6.83	0.042	  142.49	 60.36
 470.00	 466.10	 6.8023	34.2426	26.8550	 0.15	  6.46	0.042	  142.59	 59.35
 471.00	 467.10	 6.7836	34.2430	26.8579	 0.14	  6.20	0.042	  142.57	 58.34
 472.00	 468.09	 6.7786	34.2432	26.8587	 0.14	  6.30	0.042	  142.55	 57.37
 473.00	 469.08	 6.7760	34.2434	26.8592	 0.15	  6.32	0.042	  142.57	 56.40
 474.00	 470.07	 6.7748	34.2434	26.8594	 0.15	  6.37	0.042	  142.48	 55.38
 475.00	 471.06	 6.7720	34.2433	26.8597	 0.15	  6.43	0.042	  142.48	 54.36
 476.00	 472.05	 6.7585	34.2428	26.8612	 0.15	  6.34	0.042	  142.51	 53.35
 477.00	 473.04	 6.7478	34.2431	26.8628	 0.14	  6.23	0.042	  142.47	 52.38
 478.00	 474.03	 6.7446	34.2435	26.8636	 0.14	  6.13	0.042	  142.46	 51.38
 479.00	 475.02	 6.7439	34.2435	26.8637	 0.14	  6.10	0.042	  142.43	 50.38
 480.00	 476.01	 6.7428	34.2436	26.8639	 0.14	  6.13	0.042	  142.48	 49.39
 481.00	 477.00	 6.7393	34.2438	26.8645	 0.14	  5.94	0.042	  142.39	 48.35
 482.00	 477.99	 6.7371	34.2439	26.8649	 0.13	  5.62	0.041	  142.45	 47.31
 483.00	 478.98	 6.7330	34.2442	26.8657	 0.13	  5.58	0.041	  142.47	 46.34
 484.00	 479.97	 6.7303	34.2443	26.8662	 0.13	  5.65	0.042	  142.46	 45.38
 485.00	 480.96	 6.7275	34.2444	26.8667	 0.13	  5.60	0.042	  142.43	 44.36
 486.00	 481.95	 6.7242	34.2447	26.8674	 0.13	  5.44	0.042	  142.42	 43.20
 487.00	 482.94	 6.7203	34.2449	26.8680	 0.12	  5.37	0.042	  142.39	 42.19
 488.00	 483.93	 6.7162	34.2449	26.8686	 0.12	  5.33	0.042	  142.41	 41.14
 489.00	 484.92	 6.7145	34.2449	26.8689	 0.12	  5.07	0.042	  142.38	 40.12
 490.00	 485.92	 6.7111	34.2452	26.8696	 0.10	  4.51	0.042	  142.39	 39.09
 491.00	 486.91	 6.7087	34.2455	26.8701	 0.09	  3.99	0.042	  142.36	 38.11
 492.00	 487.90	 6.7063	34.2456	26.8705	 0.09	  3.83	0.042	  142.37	 37.14
 493.00	 488.89	 6.7023	34.2457	26.8712	 0.09	  3.79	0.042	  142.32	 36.13
 494.00	 489.88	 6.6972	34.2458	26.8719	 0.08	  3.66	0.042	  142.36	 35.14
 495.00	 490.87	 6.6913	34.2460	26.8728	 0.08	  3.56	0.042	  142.36	 34.13
 496.00	 491.86	 6.6886	34.2461	26.8733	 0.08	  3.53	0.042	  142.33	 33.11
 497.00	 492.85	 6.6879	34.2461	26.8734	 0.08	  3.56	0.042	  142.34	 32.15
 498.00	 493.84	 6.6861	34.2462	26.8738	 0.08	  3.53	0.042	  142.32	 31.11
 499.00	 494.83	 6.6878	34.2459	26.8733	 0.08	  3.52	0.042	  142.29	 30.14
 500.00	 495.82	 6.6862	34.2461	26.8737	 0.08	  3.36	0.042	  142.29	 29.13
 501.00	 496.81	 6.6744	34.2465	26.8756	 0.07	  3.12	0.042	  142.28	 28.10
 502.00	 497.80	 6.6727	34.2466	26.8759	 0.07	  3.11	0.042	  142.23	 27.15
 503.00	 498.79	 6.6688	34.2468	26.8766	 0.07	  3.04	0.042	  142.25	 26.11
 504.00	 499.78	 6.6662	34.2468	26.8770	 0.07	  2.99	0.042	  142.21	 25.10
 505.00	 500.77	 6.6658	34.2470	26.8771	 0.07	  3.01	0.042	  142.21	 24.15
 506.00	 501.76	 6.6659	34.2469	26.8771	 0.07	  3.00	0.042	  142.21	 23.12
 507.00	 502.75	 6.6657	34.2469	26.8771	 0.07	  3.01	0.042	  142.14	 22.07
 508.00	 503.74	 6.6663	34.2469	26.8771	 0.07	  3.00	0.042	  142.16	 21.13
 509.00	 504.73	 6.6654	34.2470	26.8773	 0.07	  2.98	0.042	  142.17	 20.10
 510.00	 505.72	 6.6641	34.2469	26.8774	 0.07	  2.96	0.042	  142.18	 19.09
 511.00	 506.71	 6.6625	34.2470	26.8777	 0.07	  2.93	0.042	  142.16	 18.08
 512.00	 507.71	 6.6611	34.2471	26.8779	 0.07	  2.96	0.042	  142.15	 17.07
 513.00	 508.70	 6.6603	34.2471	26.8781	 0.07	  2.94	0.042	  142.11	 16.08
 514.00	 509.69	 6.6590	34.2471	26.8782	 0.07	  2.91	0.042	  142.09	 15.06
 515.00	 510.68	 6.6584	34.2471	26.8784	 0.07	  2.90	0.042	  142.05	 14.05
 516.00	 511.67	 6.6565	34.2472	26.8787	 0.07	  2.90	0.042	  142.05	 13.07
 517.00	 512.66	 6.6541	34.2473	26.8791	 0.07	  2.89	0.042	  142.04	 12.10
 518.00	 513.65	 6.6517	34.2474	26.8795	 0.07	  2.90	0.042	  142.03	 11.07
 519.00	 514.64	 6.6473	34.2475	26.8802	 0.06	  2.78	0.041	  141.40	 10.04
