* Sea-Bird SBE 9 Data:
* Software Version Seasave V 7.26.7.107
* Vessel: NOAA Ship Ronald H. Brown
* Cruise: RB2102, West Coast Ocean Acidification (WCOA) 2021
* Dates: 20210622 to 20210723
* Region: NE Pacific, USA West Coast
* Ports: San Diego, CA to Port Angeles, WA to San Diego, CA
* Chief Scientists: R. Feely, NOAA PMEL; D. Greeley, NOAA PMEL; B. Carter, NOAA PMEL / UW CICOES
* Contacts: R. Feely, richard.a.feely@noaa.gov; D. Greeley, dana.greeley@noaa.gov; B. Carter, brendan.carter@noaa.gov
* Station: 062
* Cast: 1
* Cast Date-Time [GMT]: 06-Jul-2021 16:41:31
* Longitude: -124.7947 W
* Latitude: 41.8987 N
* Water Depth [m]: 696.2
**********
* Column  1: Pressure [decibar]
* Column  2: Depth [m]
* Column  3: Temperature ITS-90 [degree C]
* Column  4: Salinity PSS-78 [psu]
* Column  5: Sigma-theta EOS-80 [kg/m^3 - 1000]
* Column  6: Oxygen [ml/L]
* Column  7: Oxygen [umol/kg]
* Column  8: Fluorescence [volts]
* Column  9: Oxygen Reduction Potential [mV]
* Column 10: Altimeter [m]
**********
*END*
   3.00	   2.98	11.5638	33.1584	25.2400	 6.01	261.70	0.092	  130.98	  2.96
   4.00	   3.97	11.5775	33.1584	25.2375	 6.04	263.27	0.077	  130.55	  1.22
   5.00	   4.96	11.6064	33.1552	25.2297	 6.06	263.81	0.078	  130.63	107.87
   6.00	   5.95	11.5943	33.1562	25.2328	 6.06	263.98	0.080	  130.61	 99.54
   7.00	   6.95	11.5660	33.1587	25.2399	 6.06	264.14	0.092	  130.64	 99.54
   8.00	   7.94	11.5664	33.1589	25.2400	 6.07	264.52	0.099	  130.63	 99.54
   9.00	   8.93	11.5704	33.1580	25.2386	 6.07	264.32	0.098	  130.63	 99.54
  10.00	   9.92	11.4675	33.1701	25.2668	 6.08	264.86	0.122	  130.63	 99.54
  11.00	  10.91	11.3732	33.1794	25.2912	 6.08	264.69	0.140	  130.66	 99.54
  12.00	  11.91	11.3594	33.1796	25.2939	 6.05	263.63	0.136	  130.67	 99.54
  13.00	  12.90	11.3561	33.1792	25.2942	 6.05	263.39	0.135	  130.66	 99.54
  14.00	  13.89	11.3543	33.1791	25.2945	 6.05	263.34	0.131	  130.68	 99.54
  15.00	  14.88	11.3550	33.1794	25.2946	 6.03	262.55	0.139	  130.70	 99.54
  16.00	  15.87	11.3527	33.1804	25.2958	 6.02	262.30	0.131	  130.68	 99.53
  17.00	  16.87	11.3438	33.1804	25.2975	 6.02	262.36	0.137	  130.63	 99.52
  18.00	  17.86	11.3356	33.1801	25.2987	 6.01	261.61	0.127	  130.66	 99.52
  19.00	  18.85	11.3296	33.1801	25.2998	 6.00	261.31	0.126	  130.68	 99.52
  20.00	  19.84	11.3044	33.1802	25.3045	 5.97	259.97	0.125	  130.65	 99.51
  21.00	  20.83	11.2623	33.1799	25.3119	 5.90	257.02	0.129	  130.72	 99.51
  22.00	  21.83	11.1991	33.1710	25.3164	 5.85	254.95	0.096	  130.78	 99.50
  23.00	  22.82	11.1566	33.1820	25.3326	 5.75	250.49	0.089	  130.77	 99.49
  24.00	  23.81	10.8868	33.2016	25.3959	 5.67	246.91	0.074	  130.92	 99.46
  25.00	  24.80	10.6847	33.2177	25.4439	 5.62	244.71	0.070	  130.92	 99.43
  26.00	  25.79	10.6020	33.2265	25.4651	 5.53	240.88	0.069	  130.97	 99.40
  27.00	  26.79	10.4759	33.2399	25.4974	 5.42	236.02	0.069	  131.01	 99.39
  28.00	  27.78	10.2610	33.2715	25.5589	 5.30	230.90	0.068	  131.08	 99.38
  29.00	  28.77	 9.9280	33.3281	25.6592	 5.17	225.26	0.069	  131.26	 99.35
  30.00	  29.76	 9.7498	33.3534	25.7085	 5.04	219.45	0.066	  131.34	 99.33
  31.00	  30.75	 9.6531	33.3728	25.7396	 4.97	216.46	0.068	  131.37	 99.32
  32.00	  31.75	 9.5953	33.3815	25.7559	 4.90	213.47	0.064	  131.37	 99.31
  33.00	  32.74	 9.5180	33.3926	25.7772	 4.86	211.51	0.063	  131.39	 99.30
  34.00	  33.73	 9.4854	33.3973	25.7862	 4.83	210.08	0.062	  131.44	 99.30
  35.00	  34.72	 9.4421	33.4074	25.8012	 4.79	208.55	0.061	  131.45	 99.30
  36.00	  35.71	 9.3878	33.4217	25.8211	 4.72	205.57	0.061	  131.50	 99.31
  37.00	  36.71	 9.2806	33.4376	25.8508	 4.68	203.58	0.055	  131.59	 99.32
  38.00	  37.70	 9.2229	33.4425	25.8639	 4.65	202.36	0.051	  131.63	 99.32
  39.00	  38.69	 9.1479	33.4359	25.8707	 4.62	201.31	0.049	  131.63	 99.32
  40.00	  39.68	 9.0719	33.4265	25.8754	 4.59	199.63	0.048	  131.59	 97.57
  41.00	  40.67	 8.9771	33.4145	25.8810	 4.57	198.93	0.047	  131.65	 96.60
  42.00	  41.67	 8.8859	33.4097	25.8915	 4.54	197.82	0.047	  131.65	 99.11
  43.00	  42.66	 8.7936	33.4183	25.9126	 4.48	195.24	0.048	  131.76	 99.32
  44.00	  43.65	 8.6143	33.4357	25.9539	 4.48	194.87	0.045	  131.81	 97.40
  45.00	  44.64	 8.5872	33.4804	25.9931	 4.47	194.50	0.045	  131.83	 97.72
  46.00	  45.63	 8.6268	33.5212	26.0190	 4.45	193.71	0.043	  131.81	 99.28
  47.00	  46.63	 8.6316	33.5397	26.0328	 4.43	192.71	0.044	  131.83	 99.34
  48.00	  47.62	 8.6248	33.5473	26.0398	 4.40	191.61	0.044	  131.82	 99.34
  49.00	  48.61	 8.6159	33.5548	26.0471	 4.37	190.39	0.043	  131.88	 99.34
  50.00	  49.60	 8.6053	33.5608	26.0534	 4.33	188.65	0.043	  131.86	 99.34
  51.00	  50.59	 8.5792	33.5769	26.0700	 4.30	187.30	0.043	  131.87	 99.34
  52.00	  51.59	 8.5530	33.5854	26.0808	 4.25	185.15	0.043	  131.83	 94.94
  53.00	  52.58	 8.5272	33.6011	26.0970	 4.17	181.59	0.043	  131.86	 99.47
  54.00	  53.57	 8.5328	33.6155	26.1074	 4.12	179.25	0.043	  131.91	 99.37
  55.00	  54.56	 8.5400	33.6232	26.1124	 4.10	178.33	0.043	  131.92	 99.38
  56.00	  55.55	 8.5434	33.6272	26.1150	 4.08	177.54	0.044	  131.92	 99.39
  57.00	  56.55	 8.5480	33.6307	26.1171	 4.05	176.31	0.044	  131.90	 99.39
  58.00	  57.54	 8.5541	33.6358	26.1202	 4.03	175.46	0.043	  131.94	 99.39
  59.00	  58.53	 8.5660	33.6417	26.1230	 4.02	174.93	0.044	  131.89	 99.39
  60.00	  59.52	 8.5686	33.6427	26.1234	 4.01	174.34	0.044	  131.89	 99.39
  61.00	  60.51	 8.5759	33.6452	26.1243	 3.99	173.68	0.044	  131.95	 99.39
  62.00	  61.51	 8.5786	33.6458	26.1244	 3.98	173.28	0.044	  131.91	 97.18
  63.00	  62.50	 8.5806	33.6467	26.1247	 3.96	172.52	0.045	  131.91	 99.45
  64.00	  63.49	 8.5822	33.6496	26.1268	 3.91	169.97	0.045	  131.88	 99.41
  65.00	  64.48	 8.5917	33.6726	26.1434	 3.86	167.87	0.046	  131.90	 99.41
  66.00	  65.47	 8.5943	33.6812	26.1497	 3.82	166.24	0.046	  131.94	 99.41
  67.00	  66.46	 8.5960	33.6937	26.1593	 3.78	164.54	0.046	  131.96	 99.41
  68.00	  67.46	 8.5961	33.7059	26.1689	 3.75	163.08	0.047	  131.93	 99.43
  69.00	  68.45	 8.5918	33.7115	26.1739	 3.72	161.94	0.048	  131.94	 99.44
  70.00	  69.44	 8.5854	33.7163	26.1787	 3.70	161.05	0.047	  131.96	 99.44
  71.00	  70.43	 8.5761	33.7233	26.1856	 3.68	160.34	0.046	  132.00	 99.44
  72.00	  71.42	 8.5690	33.7298	26.1918	 3.67	159.73	0.046	  132.01	 99.45
  73.00	  72.42	 8.5585	33.7369	26.1990	 3.66	159.23	0.045	  131.98	 99.46
  74.00	  73.41	 8.5529	33.7423	26.2041	 3.64	158.57	0.045	  132.01	 99.46
  75.00	  74.40	 8.5512	33.7447	26.2063	 3.63	158.15	0.045	  132.00	 99.46
  76.00	  75.39	 8.5508	33.7481	26.2090	 3.63	158.00	0.044	  131.99	 99.46
  77.00	  76.38	 8.5516	33.7492	26.2098	 3.62	157.60	0.044	  131.97	 99.46
  78.00	  77.37	 8.5508	33.7530	26.2129	 3.62	157.37	0.044	  131.94	 99.46
  79.00	  78.37	 8.5519	33.7570	26.2158	 3.61	157.29	0.044	  131.98	 99.47
  80.00	  79.36	 8.5522	33.7593	26.2176	 3.61	156.96	0.044	  132.02	 99.47
  81.00	  80.35	 8.5521	33.7620	26.2198	 3.60	156.69	0.044	  132.00	 99.48
  82.00	  81.34	 8.5535	33.7648	26.2218	 3.59	156.14	0.044	  131.92	 99.48
  83.00	  82.33	 8.5537	33.7692	26.2252	 3.58	155.98	0.044	  131.93	 99.48
  84.00	  83.33	 8.5521	33.7759	26.2307	 3.60	156.46	0.043	  131.89	 99.48
  85.00	  84.32	 8.5317	33.7739	26.2323	 3.61	156.88	0.043	  131.96	 99.49
  86.00	  85.31	 8.5092	33.7719	26.2342	 3.62	157.40	0.043	  131.94	 99.49
  87.00	  86.30	 8.4879	33.7697	26.2358	 3.64	158.26	0.043	  131.91	 99.49
  88.00	  87.29	 8.4059	33.7644	26.2440	 3.66	159.10	0.042	  131.95	 99.49
  89.00	  88.28	 8.3500	33.7606	26.2495	 3.68	160.13	0.042	  131.98	 99.48
  90.00	  89.28	 8.2132	33.7559	26.2664	 3.67	159.77	0.040	  131.96	 99.47
  91.00	  90.27	 8.2053	33.7760	26.2834	 3.65	158.74	0.040	  131.99	 99.47
  92.00	  91.26	 8.2117	33.7795	26.2852	 3.63	158.08	0.040	  131.98	 99.46
  93.00	  92.25	 8.2187	33.7826	26.2866	 3.62	157.42	0.040	  131.99	 99.46
  94.00	  93.24	 8.2284	33.7875	26.2891	 3.58	155.60	0.040	  131.95	 99.48
  95.00	  94.23	 8.2534	33.7984	26.2939	 3.53	153.73	0.040	  131.95	 99.49
  96.00	  95.23	 8.2664	33.8058	26.2977	 3.50	152.34	0.040	  131.93	 99.49
  97.00	  96.22	 8.2733	33.8133	26.3026	 3.47	151.19	0.040	  131.98	 99.49
  98.00	  97.21	 8.2779	33.8170	26.3048	 3.43	149.29	0.040	  131.99	 99.49
  99.00	  98.20	 8.2923	33.8280	26.3113	 3.38	147.07	0.040	  131.99	 99.50
 100.00	  99.19	 8.3160	33.8416	26.3184	 3.35	145.63	0.040	  131.94	 99.51
 101.00	 100.18	 8.3257	33.8472	26.3213	 3.32	144.34	0.040	  131.98	 99.51
 102.00	 101.18	 8.3486	33.8572	26.3258	 3.29	143.17	0.040	  131.97	 99.51
 103.00	 102.17	 8.3523	33.8611	26.3282	 3.26	141.69	0.040	  131.98	 99.54
 104.00	 103.16	 8.3426	33.8625	26.3308	 3.20	139.07	0.040	  131.97	 99.54
 105.00	 104.15	 8.3480	33.8785	26.3426	 3.14	136.84	0.040	  131.99	 99.54
 106.00	 105.14	 8.3787	33.8923	26.3488	 3.12	135.80	0.040	  132.08	 99.54
 107.00	 106.13	 8.3826	33.8970	26.3519	 3.10	134.93	0.040	  132.05	 99.55
 108.00	 107.13	 8.3874	33.9017	26.3549	 3.07	133.39	0.040	  132.06	 99.56
 109.00	 108.12	 8.3772	33.9065	26.3602	 3.04	132.40	0.040	  132.01	 99.57
 110.00	 109.11	 8.3157	33.9033	26.3670	 3.05	132.71	0.040	  132.03	 99.58
 111.00	 110.10	 8.2453	33.9008	26.3756	 3.05	132.58	0.040	  132.02	 99.58
 112.00	 111.09	 8.2391	33.9040	26.3791	 3.04	132.26	0.040	  132.07	 99.58
 113.00	 112.08	 8.2421	33.9052	26.3797	 3.04	132.06	0.040	  132.03	 99.58
 114.00	 113.08	 8.2386	33.9050	26.3800	 3.02	131.54	0.040	  132.01	 99.58
 115.00	 114.07	 8.2414	33.9075	26.3816	 2.99	129.92	0.040	  131.99	 99.58
 116.00	 115.06	 8.2765	33.9179	26.3845	 2.96	128.76	0.040	  131.97	 99.59
 117.00	 116.05	 8.2838	33.9197	26.3848	 2.95	128.19	0.040	  132.01	 99.59
 118.00	 117.04	 8.2923	33.9228	26.3860	 2.92	127.11	0.040	  132.00	 99.60
 119.00	 118.03	 8.3103	33.9288	26.3880	 2.90	126.19	0.040	  132.01	 99.61
 120.00	 119.03	 8.3088	33.9305	26.3896	 2.89	125.62	0.040	  132.01	 99.61
 121.00	 120.02	 8.2985	33.9344	26.3942	 2.87	125.02	0.040	  132.03	 99.61
 122.00	 121.01	 8.2938	33.9359	26.3960	 2.85	124.08	0.040	  132.02	 99.62
 123.00	 122.00	 8.2670	33.9400	26.4033	 2.83	123.10	0.040	  132.03	 99.62
 124.00	 122.99	 8.2540	33.9412	26.4063	 2.82	122.50	0.040	  132.05	 99.63
 125.00	 123.98	 8.2267	33.9428	26.4117	 2.81	122.12	0.040	  132.03	 99.63
 126.00	 124.97	 8.2067	33.9444	26.4159	 2.80	121.79	0.040	  132.03	 99.63
 127.00	 125.97	 8.1799	33.9458	26.4211	 2.79	121.29	0.040	  132.05	 99.63
 128.00	 126.96	 8.1456	33.9488	26.4285	 2.77	120.46	0.040	  132.04	 99.63
 129.00	 127.95	 8.1555	33.9554	26.4322	 2.74	119.21	0.040	  132.07	 99.63
 130.00	 128.94	 8.1665	33.9639	26.4373	 2.71	117.83	0.040	  132.03	 99.63
 131.00	 129.93	 8.1755	33.9712	26.4417	 2.68	116.74	0.040	  132.06	 99.64
 132.00	 130.92	 8.1682	33.9721	26.4435	 2.66	115.87	0.040	  132.02	 99.65
 133.00	 131.92	 8.1356	33.9716	26.4480	 2.63	114.56	0.040	  132.07	 99.66
 134.00	 132.91	 8.1031	33.9729	26.4539	 2.60	112.99	0.040	  132.06	 99.66
 135.00	 133.90	 8.0542	33.9748	26.4626	 2.57	111.91	0.040	  132.08	 99.66
 136.00	 134.89	 8.0333	33.9774	26.4678	 2.55	111.01	0.040	  132.09	 99.66
 137.00	 135.88	 8.0316	33.9780	26.4685	 2.54	110.47	0.040	  132.07	 99.68
 138.00	 136.87	 8.0323	33.9789	26.4691	 2.53	110.02	0.040	  132.06	 99.68
 139.00	 137.86	 8.0345	33.9808	26.4704	 2.52	109.76	0.040	  132.09	 99.68
 140.00	 138.86	 8.0387	33.9826	26.4711	 2.51	109.02	0.040	  132.06	 99.68
 141.00	 139.85	 8.0410	33.9833	26.4714	 2.48	107.98	0.040	  132.03	 99.68
 142.00	 140.84	 8.0418	33.9879	26.4749	 2.46	107.24	0.040	  132.08	 99.68
 143.00	 141.83	 8.0034	33.9942	26.4855	 2.45	106.58	0.040	  132.11	 99.69
 144.00	 142.82	 7.9858	33.9960	26.4896	 2.42	105.49	0.040	  132.08	 99.70
 145.00	 143.81	 7.9789	33.9966	26.4910	 2.42	105.21	0.040	  132.15	 99.71
 146.00	 144.81	 7.9749	33.9965	26.4916	 2.41	104.85	0.040	  132.10	 99.71
 147.00	 145.80	 7.9657	33.9968	26.4932	 2.40	104.57	0.040	  132.13	 99.71
 148.00	 146.79	 7.9631	33.9966	26.4934	 2.39	104.07	0.040	  132.15	 99.71
 149.00	 147.78	 7.9476	33.9966	26.4957	 2.37	103.30	0.040	  132.08	 99.71
 150.00	 148.77	 7.9275	33.9967	26.4987	 2.36	102.74	0.040	  132.13	 99.71
 151.00	 149.76	 7.9169	33.9969	26.5005	 2.35	102.28	0.040	  132.07	 99.72
 152.00	 150.75	 7.9125	33.9970	26.5012	 2.34	101.96	0.040	  132.15	 99.72
 153.00	 151.75	 7.9072	33.9970	26.5020	 2.34	101.71	0.040	  132.09	 99.73
 154.00	 152.74	 7.9013	33.9973	26.5031	 2.33	101.40	0.040	  132.09	 99.73
 155.00	 153.73	 7.8693	33.9983	26.5086	 2.32	101.02	0.040	  132.10	 99.73
 156.00	 154.72	 7.8429	34.0000	26.5138	 2.31	100.53	0.040	  132.05	 99.73
 157.00	 155.71	 7.8385	34.0012	26.5155	 2.30	100.03	0.040	  132.09	 99.73
 158.00	 156.70	 7.8375	34.0024	26.5166	 2.29	 99.68	0.040	  132.12	 99.73
 159.00	 157.69	 7.8392	34.0037	26.5173	 2.28	 99.36	0.040	  132.15	 99.73
 160.00	 158.69	 7.8372	34.0053	26.5189	 2.28	 99.08	0.040	  132.13	 99.73
 161.00	 159.68	 7.8375	34.0052	26.5188	 2.27	 98.71	0.040	  132.14	 99.73
 162.00	 160.67	 7.8374	34.0058	26.5193	 2.26	 98.19	0.040	  132.16	 99.73
 163.00	 161.66	 7.8334	34.0071	26.5209	 2.24	 97.53	0.040	  132.10	 99.73
 164.00	 162.65	 7.8192	34.0091	26.5245	 2.23	 97.08	0.040	  132.10	 99.74
 165.00	 163.64	 7.8089	34.0106	26.5273	 2.22	 96.61	0.040	  132.10	 99.74
 166.00	 164.63	 7.8045	34.0111	26.5283	 2.21	 96.20	0.040	  132.13	 99.74
 167.00	 165.62	 7.7999	34.0120	26.5297	 2.20	 95.77	0.040	  132.13	 99.75
 168.00	 166.62	 7.7985	34.0125	26.5303	 2.19	 95.33	0.040	  132.14	 99.76
 169.00	 167.61	 7.7970	34.0136	26.5314	 2.18	 94.87	0.040	  132.14	 99.76
 170.00	 168.60	 7.7965	34.0141	26.5318	 2.18	 94.80	0.040	  132.13	 99.76
 171.00	 169.59	 7.7928	34.0138	26.5322	 2.18	 94.74	0.040	  132.11	 99.76
 172.00	 170.58	 7.7863	34.0134	26.5329	 2.17	 94.32	0.040	  132.13	 99.76
 173.00	 171.57	 7.7818	34.0138	26.5338	 2.13	 92.69	0.040	  132.12	 99.76
 174.00	 172.56	 7.7642	34.0161	26.5382	 2.05	 89.28	0.040	  132.09	 99.76
 175.00	 173.56	 7.7454	34.0327	26.5540	 1.98	 86.09	0.040	  132.12	 99.76
 176.00	 174.55	 7.7543	34.0379	26.5568	 1.90	 82.77	0.040	  132.17	 99.77
 177.00	 175.54	 7.7762	34.0468	26.5606	 1.86	 80.78	0.040	  132.21	 99.78
 178.00	 176.53	 7.7784	34.0478	26.5611	 1.85	 80.44	0.040	  132.18	 99.79
 179.00	 177.52	 7.7782	34.0480	26.5613	 1.84	 80.20	0.040	  132.09	 99.80
 180.00	 178.51	 7.7781	34.0478	26.5612	 1.84	 79.99	0.040	  132.17	 99.80
 181.00	 179.50	 7.7784	34.0477	26.5611	 1.83	 79.81	0.040	  132.14	 99.80
 182.00	 180.49	 7.7787	34.0483	26.5615	 1.83	 79.52	0.041	  132.15	 99.81
 183.00	 181.49	 7.7788	34.0484	26.5616	 1.82	 79.11	0.040	  132.09	 99.82
 184.00	 182.48	 7.7802	34.0498	26.5625	 1.80	 78.50	0.040	  132.14	 99.81
 185.00	 183.47	 7.7819	34.0519	26.5639	 1.79	 78.01	0.040	  132.12	 99.82
 186.00	 184.46	 7.7739	34.0542	26.5669	 1.79	 77.69	0.040	  132.15	 99.82
 187.00	 185.45	 7.7639	34.0552	26.5691	 1.78	 77.31	0.040	  132.12	 99.82
 188.00	 186.44	 7.7569	34.0556	26.5705	 1.77	 77.00	0.040	  132.16	 99.83
 189.00	 187.43	 7.7488	34.0562	26.5722	 1.77	 76.88	0.040	  132.13	 99.83
 190.00	 188.42	 7.7435	34.0563	26.5730	 1.76	 76.54	0.040	  132.13	 99.83
 191.00	 189.42	 7.7293	34.0573	26.5759	 1.75	 76.22	0.040	  132.12	 99.83
 192.00	 190.41	 7.7163	34.0590	26.5791	 1.74	 75.67	0.040	  132.18	 99.83
 193.00	 191.40	 7.7086	34.0601	26.5811	 1.73	 75.09	0.040	  132.16	 99.83
 194.00	 192.39	 7.7036	34.0612	26.5827	 1.71	 74.58	0.040	  132.17	 99.83
 195.00	 193.38	 7.6933	34.0633	26.5858	 1.71	 74.18	0.040	  132.19	 99.83
 196.00	 194.37	 7.6748	34.0633	26.5885	 1.70	 73.94	0.040	  132.17	 99.83
 197.00	 195.36	 7.6483	34.0645	26.5933	 1.70	 73.82	0.040	  132.20	 99.83
 198.00	 196.35	 7.6394	34.0650	26.5950	 1.69	 73.55	0.040	  132.18	 99.83
 199.00	 197.35	 7.6376	34.0647	26.5951	 1.68	 73.25	0.040	  132.13	 99.83
 200.00	 198.34	 7.6341	34.0655	26.5962	 1.68	 72.99	0.040	  132.11	 99.83
 201.00	 199.33	 7.6341	34.0671	26.5975	 1.67	 72.71	0.040	  132.14	 99.83
 202.00	 200.32	 7.6356	34.0679	26.5979	 1.66	 72.27	0.040	  132.14	 99.84
 203.00	 201.31	 7.6356	34.0692	26.5989	 1.65	 71.86	0.040	  132.15	 99.84
 204.00	 202.30	 7.6266	34.0691	26.6001	 1.65	 71.73	0.040	  132.22	 99.84
 205.00	 203.29	 7.6124	34.0698	26.6028	 1.64	 71.53	0.040	  132.17	 99.84
 206.00	 204.28	 7.5941	34.0704	26.6059	 1.64	 71.20	0.040	  132.08	 99.84
 207.00	 205.28	 7.5824	34.0713	26.6082	 1.63	 70.87	0.040	  132.16	 99.85
 208.00	 206.27	 7.5624	34.0722	26.6118	 1.62	 70.46	0.040	  132.16	 99.85
 209.00	 207.26	 7.5551	34.0728	26.6134	 1.61	 70.11	0.040	  132.19	 99.85
 210.00	 208.25	 7.5455	34.0733	26.6151	 1.61	 69.86	0.040	  132.16	 99.85
 211.00	 209.24	 7.5119	34.0726	26.6194	 1.61	 69.86	0.040	  132.13	 99.85
 212.00	 210.23	 7.4744	34.0734	26.6254	 1.60	 69.75	0.040	  132.22	 99.85
 213.00	 211.22	 7.4623	34.0730	26.6268	 1.60	 69.57	0.040	  132.14	 99.85
 214.00	 212.21	 7.4583	34.0733	26.6276	 1.59	 69.29	0.041	  132.20	 99.85
 215.00	 213.20	 7.4486	34.0738	26.6294	 1.59	 69.10	0.041	  132.20	 99.85
 216.00	 214.20	 7.4457	34.0741	26.6301	 1.59	 69.01	0.040	  132.21	 99.85
 217.00	 215.19	 7.4363	34.0738	26.6312	 1.58	 68.93	0.041	  132.22	 99.85
 218.00	 216.18	 7.4251	34.0740	26.6329	 1.58	 68.79	0.041	  132.17	 99.85
 219.00	 217.17	 7.4126	34.0739	26.6346	 1.58	 68.67	0.040	  132.19	 99.85
 220.00	 218.16	 7.4100	34.0740	26.6351	 1.57	 68.44	0.040	  132.22	 99.85
 221.00	 219.15	 7.4052	34.0740	26.6358	 1.57	 68.46	0.040	  132.22	 99.85
 222.00	 220.14	 7.3992	34.0736	26.6363	 1.57	 68.39	0.040	  132.25	 99.85
 223.00	 221.13	 7.3837	34.0738	26.6387	 1.57	 68.30	0.040	  132.22	 99.85
 224.00	 222.12	 7.3784	34.0739	26.6395	 1.56	 68.01	0.040	  132.19	 99.85
 225.00	 223.12	 7.3554	34.0742	26.6430	 1.55	 67.62	0.040	  132.22	 99.85
 226.00	 224.11	 7.3365	34.0749	26.6462	 1.55	 67.48	0.040	  132.21	 99.85
 227.00	 225.10	 7.3207	34.0756	26.6490	 1.55	 67.33	0.040	  132.22	 99.85
 228.00	 226.09	 7.3104	34.0759	26.6507	 1.54	 67.08	0.040	  132.27	 99.85
 229.00	 227.08	 7.3011	34.0764	26.6524	 1.54	 66.95	0.040	  132.26	 99.85
 230.00	 228.07	 7.2968	34.0766	26.6532	 1.54	 66.94	0.040	  132.27	 99.85
 231.00	 229.06	 7.2927	34.0769	26.6540	 1.53	 66.74	0.040	  132.19	 99.86
 232.00	 230.05	 7.2910	34.0771	26.6544	 1.53	 66.38	0.040	  132.21	 99.87
 233.00	 231.04	 7.2883	34.0772	26.6549	 1.52	 66.21	0.040	  132.28	 99.86
 234.00	 232.04	 7.2801	34.0777	26.6564	 1.52	 66.05	0.040	  132.22	 99.86
 235.00	 233.03	 7.2710	34.0782	26.6581	 1.51	 65.86	0.040	  132.21	 99.87
 236.00	 234.02	 7.2544	34.0786	26.6608	 1.51	 65.66	0.040	  132.20	 99.87
 237.00	 235.01	 7.2431	34.0793	26.6629	 1.50	 65.39	0.040	  132.23	 99.86
 238.00	 236.00	 7.2292	34.0794	26.6650	 1.50	 65.18	0.040	  132.17	 99.87
 239.00	 236.99	 7.2200	34.0805	26.6671	 1.49	 65.01	0.040	  132.20	 99.87
 240.00	 237.98	 7.2161	34.0813	26.6683	 1.49	 64.86	0.040	  132.16	 99.87
 241.00	 238.97	 7.2155	34.0816	26.6686	 1.48	 64.59	0.040	  132.20	 99.88
 242.00	 239.96	 7.2138	34.0823	26.6694	 1.48	 64.33	0.041	  132.20	 99.88
 243.00	 240.95	 7.2132	34.0828	26.6699	 1.47	 64.10	0.040	  132.23	 99.88
 244.00	 241.95	 7.2136	34.0837	26.6706	 1.47	 63.80	0.040	  132.20	 99.88
 245.00	 242.94	 7.2142	34.0850	26.6715	 1.46	 63.61	0.040	  132.20	 99.88
 246.00	 243.93	 7.2092	34.0855	26.6726	 1.46	 63.49	0.040	  132.20	 99.88
 247.00	 244.92	 7.1892	34.0855	26.6754	 1.46	 63.50	0.040	  132.22	 99.88
 248.00	 245.91	 7.1619	34.0833	26.6775	 1.46	 63.34	0.040	  132.20	 99.88
 249.00	 246.90	 7.1466	34.0841	26.6803	 1.45	 62.97	0.040	  132.22	 99.88
 250.00	 247.89	 7.1458	34.0868	26.6825	 1.44	 62.73	0.040	  132.20	 99.88
 251.00	 248.88	 7.1384	34.0868	26.6835	 1.44	 62.56	0.040	  132.22	 99.88
 252.00	 249.87	 7.1303	34.0863	26.6843	 1.43	 62.39	0.040	  132.16	 99.88
 253.00	 250.86	 7.1200	34.0861	26.6856	 1.43	 62.23	0.040	  132.27	 99.88
 254.00	 251.86	 7.1138	34.0872	26.6873	 1.43	 62.01	0.040	  132.28	 99.88
 255.00	 252.85	 7.1095	34.0875	26.6882	 1.42	 61.74	0.040	  132.17	 99.88
 256.00	 253.84	 7.1078	34.0887	26.6894	 1.41	 61.46	0.040	  132.22	 99.88
 257.00	 254.83	 7.0993	34.0893	26.6910	 1.41	 61.27	0.040	  132.19	 99.88
 258.00	 255.82	 7.0941	34.0898	26.6921	 1.40	 60.99	0.040	  132.24	 99.88
 259.00	 256.81	 7.0951	34.0908	26.6928	 1.40	 60.92	0.040	  132.24	 99.88
 260.00	 257.80	 7.0948	34.0908	26.6928	 1.40	 60.96	0.040	  132.20	 99.88
 261.00	 258.79	 7.0849	34.0896	26.6933	 1.40	 60.94	0.040	  132.20	 99.88
 262.00	 259.78	 7.0814	34.0897	26.6938	 1.40	 60.79	0.040	  132.21	 99.89
 263.00	 260.77	 7.0611	34.0882	26.6955	 1.40	 60.68	0.040	  132.21	 99.88
 264.00	 261.76	 7.0474	34.0901	26.6988	 1.39	 60.53	0.040	  132.25	 99.88
 265.00	 262.76	 7.0450	34.0906	26.6996	 1.39	 60.39	0.040	  132.19	 99.88
 266.00	 263.75	 7.0457	34.0907	26.6996	 1.38	 60.17	0.040	  132.17	 99.88
 267.00	 264.74	 7.0396	34.0910	26.7007	 1.38	 60.08	0.040	  132.22	 99.89
 268.00	 265.73	 7.0378	34.0913	26.7012	 1.38	 60.01	0.040	  132.19	 99.88
 269.00	 266.72	 7.0363	34.0912	26.7013	 1.38	 59.92	0.040	  132.18	 99.89
 270.00	 267.71	 7.0326	34.0910	26.7017	 1.38	 59.87	0.040	  132.18	 99.89
 271.00	 268.70	 7.0212	34.0906	26.7029	 1.38	 59.82	0.040	  132.17	 99.89
 272.00	 269.69	 6.9984	34.0907	26.7062	 1.38	 59.83	0.040	  132.22	 99.89
 273.00	 270.68	 6.9876	34.0905	26.7075	 1.37	 59.72	0.040	  132.22	 99.89
 274.00	 271.67	 6.9755	34.0899	26.7087	 1.36	 59.34	0.040	  132.14	 99.89
 275.00	 272.66	 6.9662	34.0906	26.7105	 1.36	 59.02	0.040	  132.22	 99.89
 276.00	 273.65	 6.9644	34.0924	26.7122	 1.35	 58.60	0.040	  132.17	 99.89
 277.00	 274.65	 6.9634	34.0933	26.7131	 1.34	 58.25	0.040	  132.19	 99.89
 278.00	 275.64	 6.9547	34.0945	26.7152	 1.33	 57.92	0.041	  132.17	 99.89
 279.00	 276.63	 6.9472	34.0966	26.7179	 1.32	 57.56	0.042	  132.18	 99.90
 280.00	 277.62	 6.9402	34.0972	26.7193	 1.32	 57.27	0.041	  132.26	 99.89
 281.00	 278.61	 6.9313	34.0977	26.7209	 1.31	 57.05	0.040	  132.24	 99.90
 282.00	 279.60	 6.9201	34.0968	26.7217	 1.31	 56.95	0.040	  132.21	 99.90
 283.00	 280.59	 6.9034	34.0963	26.7236	 1.31	 56.93	0.040	  132.19	 99.90
 284.00	 281.58	 6.8820	34.0941	26.7248	 1.31	 56.97	0.040	  132.23	 99.90
 285.00	 282.57	 6.8582	34.0940	26.7280	 1.31	 57.08	0.040	  132.25	 99.90
 286.00	 283.56	 6.8612	34.0937	26.7274	 1.31	 57.00	0.040	  132.22	 99.90
 287.00	 284.55	 6.8555	34.0933	26.7278	 1.31	 57.05	0.040	  132.18	 99.90
 288.00	 285.54	 6.8558	34.0928	26.7274	 1.31	 57.19	0.040	  132.16	 99.90
 289.00	 286.54	 6.8483	34.0914	26.7273	 1.32	 57.40	0.040	  132.18	 99.90
 290.00	 287.53	 6.8349	34.0893	26.7274	 1.32	 57.59	0.040	  132.21	 99.90
 291.00	 288.52	 6.8195	34.0887	26.7290	 1.33	 57.85	0.040	  132.18	 99.90
 292.00	 289.51	 6.8043	34.0852	26.7284	 1.33	 57.91	0.040	  132.16	 99.90
 293.00	 290.50	 6.7988	34.0846	26.7286	 1.32	 57.59	0.040	  132.24	 99.90
 294.00	 291.49	 6.8082	34.0885	26.7305	 1.31	 56.78	0.040	  132.20	 99.90
 295.00	 292.48	 6.8291	34.0945	26.7324	 1.29	 56.10	0.040	  132.14	 99.90
 296.00	 293.47	 6.8473	34.0994	26.7338	 1.28	 55.62	0.040	  132.16	 99.90
 297.00	 294.46	 6.8542	34.1017	26.7347	 1.27	 55.22	0.040	  132.18	 99.90
 298.00	 295.45	 6.8527	34.1028	26.7358	 1.26	 54.94	0.040	  132.17	 99.90
 299.00	 296.44	 6.8473	34.1030	26.7367	 1.27	 55.12	0.040	  132.21	 99.90
 300.00	 297.43	 6.8386	34.1016	26.7368	 1.27	 55.30	0.040	  132.21	 99.90
 301.00	 298.42	 6.8108	34.0980	26.7377	 1.28	 55.51	0.040	  132.26	 99.90
 302.00	 299.42	 6.7944	34.0967	26.7389	 1.28	 55.69	0.040	  132.15	 99.90
 303.00	 300.41	 6.7729	34.0944	26.7400	 1.28	 55.78	0.040	  132.13	 99.91
 304.00	 301.40	 6.7600	34.0934	26.7410	 1.29	 55.95	0.041	  132.18	 99.90
 305.00	 302.39	 6.7487	34.0926	26.7419	 1.29	 56.12	0.041	  132.17	 99.90
 306.00	 303.38	 6.7381	34.0911	26.7421	 1.29	 56.14	0.040	  132.15	 99.90
 307.00	 304.37	 6.7210	34.0890	26.7427	 1.29	 55.96	0.040	  132.20	 99.90
 308.00	 305.36	 6.7003	34.0892	26.7457	 1.28	 55.68	0.040	  132.21	 99.90
 309.00	 306.35	 6.6971	34.0920	26.7483	 1.28	 55.46	0.040	  132.18	 99.90
 310.00	 307.34	 6.7018	34.0938	26.7491	 1.27	 55.22	0.040	  132.20	 99.90
 311.00	 308.33	 6.7047	34.0949	26.7496	 1.27	 55.04	0.040	  132.18	 99.90
 312.00	 309.32	 6.7045	34.0952	26.7499	 1.26	 54.88	0.040	  132.16	 99.90
 313.00	 310.31	 6.7066	34.0959	26.7501	 1.26	 54.68	0.040	  132.14	 84.23
 314.00	 311.30	 6.7073	34.0965	26.7505	 1.25	 54.47	0.040	  132.15	100.12
 315.00	 312.29	 6.7085	34.0975	26.7512	 1.24	 54.06	0.040	  132.12	 99.90
 316.00	 313.28	 6.7136	34.0995	26.7521	 1.23	 53.32	0.040	  132.10	 99.90
 317.00	 314.28	 6.7274	34.1061	26.7554	 1.20	 52.37	0.040	  132.10	 99.91
 318.00	 315.27	 6.7452	34.1133	26.7588	 1.18	 51.52	0.040	  132.12	 99.91
 319.00	 316.26	 6.7408	34.1168	26.7621	 1.17	 50.88	0.041	  132.12	 99.91
 320.00	 317.25	 6.7343	34.1199	26.7655	 1.16	 50.42	0.042	  132.10	 99.91
 321.00	 318.24	 6.7342	34.1226	26.7676	 1.15	 50.10	0.040	  132.12	 99.92
 322.00	 319.23	 6.7289	34.1232	26.7688	 1.14	 49.69	0.040	  132.12	 99.93
 323.00	 320.22	 6.7190	34.1241	26.7708	 1.13	 49.15	0.041	  132.13	 99.92
 324.00	 321.21	 6.7108	34.1279	26.7750	 1.12	 48.63	0.041	  132.16	 99.93
 325.00	 322.20	 6.7012	34.1272	26.7757	 1.11	 48.24	0.040	  132.09	 99.93
 326.00	 323.19	 6.6766	34.1314	26.7823	 1.10	 47.96	0.040	  132.20	 99.93
 327.00	 324.18	 6.6749	34.1325	26.7834	 1.10	 47.64	0.040	  132.17	 99.93
 328.00	 325.17	 6.6746	34.1329	26.7837	 1.09	 47.38	0.040	  132.14	 99.93
 329.00	 326.16	 6.6721	34.1340	26.7850	 1.08	 47.03	0.040	  132.16	 99.93
 330.00	 327.15	 6.6675	34.1350	26.7864	 1.07	 46.70	0.040	  132.20	 99.93
 331.00	 328.14	 6.6559	34.1357	26.7885	 1.06	 46.31	0.040	  132.20	 99.93
 332.00	 329.13	 6.6385	34.1375	26.7923	 1.06	 45.92	0.040	  132.16	 99.93
 333.00	 330.13	 6.6221	34.1402	26.7966	 1.05	 45.56	0.040	  132.18	 99.93
 334.00	 331.12	 6.6159	34.1409	26.7980	 1.04	 45.37	0.040	  132.20	 99.93
 335.00	 332.11	 6.6094	34.1412	26.7991	 1.04	 45.21	0.040	  132.13	 99.94
 336.00	 333.10	 6.6001	34.1423	26.8012	 1.04	 45.04	0.041	  132.16	 99.94
 337.00	 334.09	 6.5982	34.1426	26.8017	 1.03	 44.91	0.041	  132.18	 69.53
 338.00	 335.08	 6.5953	34.1428	26.8022	 1.03	 44.78	0.040	  132.08	 99.72
 339.00	 336.07	 6.5887	34.1431	26.8033	 1.03	 44.68	0.041	  132.13	 99.94
 340.00	 337.06	 6.5637	34.1416	26.8055	 1.02	 44.56	0.041	  132.16	 99.94
 341.00	 338.05	 6.5486	34.1406	26.8067	 1.02	 44.46	0.040	  132.16	 99.94
 342.00	 339.04	 6.5416	34.1400	26.8072	 1.02	 44.33	0.041	  132.11	 99.94
 343.00	 340.03	 6.5385	34.1396	26.8072	 1.02	 44.27	0.041	  132.19	 99.94
 344.00	 341.02	 6.5213	34.1372	26.8076	 1.02	 44.21	0.040	  132.15	 99.94
 345.00	 342.01	 6.4797	34.1332	26.8099	 1.02	 44.25	0.040	  132.19	 99.94
 346.00	 343.00	 6.4417	34.1328	26.8146	 1.02	 44.18	0.040	  132.20	 99.94
 347.00	 343.99	 6.4183	34.1323	26.8173	 1.01	 44.07	0.040	  132.14	 99.95
 348.00	 344.98	 6.4134	34.1324	26.8180	 1.01	 43.96	0.040	  132.18	 99.95
 349.00	 345.97	 6.4087	34.1321	26.8184	 1.01	 43.83	0.040	  132.08	 99.95
 350.00	 346.96	 6.4023	34.1322	26.8193	 1.00	 43.68	0.040	  132.15	 99.95
 351.00	 347.95	 6.3973	34.1325	26.8202	 1.00	 43.61	0.040	  132.21	 99.95
 352.00	 348.95	 6.3927	34.1322	26.8206	 1.00	 43.53	0.040	  132.18	 99.94
 353.00	 349.94	 6.3858	34.1321	26.8214	 1.00	 43.47	0.040	  132.19	 99.95
 354.00	 350.93	 6.3835	34.1324	26.8219	 1.00	 43.41	0.040	  132.15	 99.95
 355.00	 351.92	 6.3807	34.1323	26.8222	 1.00	 43.36	0.040	  132.16	 99.95
 356.00	 352.91	 6.3499	34.1306	26.8249	 1.00	 43.39	0.040	  132.19	 99.95
 357.00	 353.90	 6.3270	34.1312	26.8283	 1.00	 43.30	0.040	  132.18	 99.95
 358.00	 354.89	 6.3186	34.1320	26.8301	 0.99	 43.21	0.040	  132.12	 99.95
 359.00	 355.88	 6.3116	34.1326	26.8315	 0.99	 43.17	0.040	  132.17	 99.95
 360.00	 356.87	 6.3102	34.1328	26.8319	 0.99	 43.00	0.040	  132.16	 99.95
 361.00	 357.86	 6.3082	34.1330	26.8323	 0.98	 42.75	0.040	  132.15	 99.95
 362.00	 358.85	 6.3043	34.1350	26.8344	 0.97	 42.36	0.041	  132.16	 99.95
 363.00	 359.84	 6.3064	34.1367	26.8355	 0.97	 42.17	0.041	  132.14	 99.95
 364.00	 360.83	 6.3084	34.1375	26.8358	 0.96	 41.95	0.040	  132.14	 99.95
 365.00	 361.82	 6.3120	34.1393	26.8368	 0.96	 41.69	0.040	  132.18	 99.95
 366.00	 362.81	 6.3112	34.1399	26.8373	 0.95	 41.46	0.040	  132.18	 99.95
 367.00	 363.80	 6.3088	34.1413	26.8388	 0.95	 41.39	0.040	  132.19	 99.95
 368.00	 364.79	 6.3091	34.1419	26.8393	 0.95	 41.24	0.041	  132.18	 99.95
 369.00	 365.78	 6.3089	34.1423	26.8396	 0.94	 41.09	0.040	  132.14	 99.95
 370.00	 366.77	 6.3046	34.1426	26.8404	 0.94	 40.94	0.040	  132.13	 99.95
 371.00	 367.76	 6.2976	34.1434	26.8420	 0.94	 40.80	0.041	  132.20	 99.95
 372.00	 368.75	 6.2941	34.1437	26.8426	 0.94	 40.71	0.041	  132.16	 99.95
 373.00	 369.74	 6.2923	34.1440	26.8431	 0.94	 40.68	0.040	  132.16	 99.95
 374.00	 370.73	 6.2914	34.1439	26.8432	 0.93	 40.64	0.040	  132.15	 99.95
 375.00	 371.73	 6.2873	34.1442	26.8439	 0.93	 40.47	0.040	  132.18	 99.95
 376.00	 372.72	 6.2832	34.1444	26.8446	 0.93	 40.42	0.040	  132.16	 99.95
 377.00	 373.71	 6.2813	34.1444	26.8449	 0.93	 40.30	0.041	  132.12	 99.95
 378.00	 374.70	 6.2729	34.1449	26.8464	 0.92	 40.20	0.041	  132.14	 99.95
 379.00	 375.69	 6.2718	34.1451	26.8467	 0.92	 40.15	0.040	  132.13	 99.95
 380.00	 376.68	 6.2700	34.1451	26.8469	 0.92	 39.99	0.040	  132.13	 99.95
 381.00	 377.67	 6.2650	34.1451	26.8476	 0.92	 39.90	0.041	  132.11	 99.95
 382.00	 378.66	 6.2583	34.1462	26.8493	 0.92	 39.82	0.042	  132.13	 99.95
 383.00	 379.65	 6.2570	34.1461	26.8494	 0.91	 39.75	0.041	  132.18	 99.95
 384.00	 380.64	 6.2543	34.1464	26.8501	 0.91	 39.71	0.040	  132.14	 99.95
 385.00	 381.63	 6.2535	34.1465	26.8503	 0.91	 39.66	0.041	  132.15	 99.95
 386.00	 382.62	 6.2523	34.1467	26.8506	 0.91	 39.57	0.040	  132.10	 99.96
 387.00	 383.61	 6.2525	34.1468	26.8506	 0.91	 39.48	0.040	  132.16	 99.96
 388.00	 384.60	 6.2515	34.1468	26.8508	 0.91	 39.44	0.040	  132.16	 99.95
 389.00	 385.59	 6.2491	34.1471	26.8513	 0.90	 39.31	0.040	  132.14	 99.96
 390.00	 386.58	 6.2450	34.1473	26.8520	 0.90	 39.25	0.040	  132.08	 99.96
 391.00	 387.57	 6.2352	34.1485	26.8542	 0.90	 39.04	0.040	  132.14	 99.96
 392.00	 388.56	 6.2318	34.1487	26.8548	 0.90	 38.95	0.040	  132.11	 99.96
 393.00	 389.55	 6.2289	34.1488	26.8553	 0.90	 38.99	0.040	  132.06	 99.96
 394.00	 390.54	 6.2268	34.1490	26.8557	 0.89	 38.82	0.040	  132.17	 99.96
 395.00	 391.53	 6.2246	34.1493	26.8563	 0.89	 38.80	0.040	  132.10	 99.96
 396.00	 392.52	 6.2230	34.1496	26.8567	 0.89	 38.69	0.040	  132.11	 99.97
 397.00	 393.51	 6.2204	34.1500	26.8574	 0.89	 38.52	0.040	  132.14	 99.96
 398.00	 394.50	 6.2159	34.1509	26.8587	 0.88	 38.38	0.041	  132.10	 99.96
 399.00	 395.49	 6.2137	34.1513	26.8593	 0.88	 38.33	0.040	  132.09	 99.96
 400.00	 396.48	 6.2125	34.1514	26.8595	 0.88	 38.26	0.040	  132.14	 99.96
 401.00	 397.47	 6.2104	34.1518	26.8601	 0.88	 38.18	0.040	  132.10	 99.96
 402.00	 398.46	 6.2083	34.1521	26.8606	 0.88	 38.07	0.040	  132.13	 99.96
 403.00	 399.45	 6.2046	34.1523	26.8613	 0.87	 38.01	0.040	  132.08	 99.96
 404.00	 400.44	 6.1982	34.1529	26.8626	 0.87	 37.98	0.042	  132.10	 99.96
 405.00	 401.43	 6.1964	34.1530	26.8629	 0.87	 37.99	0.040	  132.06	 99.97
 406.00	 402.42	 6.1882	34.1524	26.8635	 0.87	 37.93	0.040	  132.08	 99.97
 407.00	 403.41	 6.1775	34.1519	26.8645	 0.87	 37.86	0.040	  132.05	 99.97
 408.00	 404.40	 6.1758	34.1521	26.8649	 0.87	 37.85	0.040	  132.09	 99.97
 409.00	 405.39	 6.1759	34.1522	26.8649	 0.87	 37.88	0.040	  132.03	 99.97
 410.00	 406.39	 6.1748	34.1521	26.8650	 0.87	 37.88	0.040	  132.03	 99.97
 411.00	 407.38	 6.1693	34.1515	26.8652	 0.87	 37.89	0.040	  132.09	 99.97
 412.00	 408.37	 6.1671	34.1514	26.8654	 0.87	 37.89	0.041	  132.02	 99.97
 413.00	 409.36	 6.1653	34.1510	26.8654	 0.87	 37.87	0.042	  132.15	 99.97
 414.00	 410.35	 6.1581	34.1500	26.8655	 0.87	 37.82	0.041	  132.03	 99.97
 415.00	 411.34	 6.1464	34.1498	26.8668	 0.87	 37.74	0.040	  132.03	 99.97
 416.00	 412.33	 6.1398	34.1503	26.8681	 0.87	 37.71	0.040	  132.03	 99.97
 417.00	 413.32	 6.1372	34.1507	26.8688	 0.86	 37.61	0.041	  132.04	 99.97
 418.00	 414.31	 6.1360	34.1513	26.8694	 0.86	 37.52	0.040	  132.02	 99.97
 419.00	 415.30	 6.1355	34.1515	26.8696	 0.86	 37.47	0.040	  132.02	 99.97
 420.00	 416.29	 6.1279	34.1511	26.8703	 0.86	 37.37	0.040	  132.08	 99.97
 421.00	 417.28	 6.1149	34.1518	26.8725	 0.86	 37.29	0.040	  132.03	 99.97
 422.00	 418.27	 6.1108	34.1521	26.8733	 0.86	 37.19	0.040	  132.03	 99.97
 423.00	 419.26	 6.1081	34.1524	26.8739	 0.86	 37.24	0.040	  132.08	 99.98
 424.00	 420.25	 6.1059	34.1525	26.8742	 0.85	 37.14	0.041	  132.03	 99.97
 425.00	 421.24	 6.1048	34.1527	26.8745	 0.85	 37.03	0.041	  132.03	 99.97
 426.00	 422.23	 6.1036	34.1530	26.8750	 0.85	 36.97	0.040	  132.03	 99.97
 427.00	 423.22	 6.1032	34.1533	26.8752	 0.85	 36.85	0.040	  132.07	 99.97
 428.00	 424.21	 6.1029	34.1535	26.8754	 0.85	 36.84	0.042	  132.00	 99.98
 429.00	 425.20	 6.1024	34.1541	26.8760	 0.84	 36.67	0.041	  132.04	 99.98
 430.00	 426.19	 6.1019	34.1554	26.8771	 0.84	 36.64	0.040	  132.03	 99.98
 431.00	 427.18	 6.1025	34.1558	26.8773	 0.84	 36.61	0.040	  132.03	 99.97
 432.00	 428.17	 6.1027	34.1560	26.8775	 0.84	 36.56	0.040	  132.03	 99.98
 433.00	 429.16	 6.1014	34.1557	26.8775	 0.84	 36.67	0.041	  132.05	 99.98
 434.00	 430.15	 6.0910	34.1554	26.8785	 0.84	 36.74	0.041	  131.97	 99.98
 435.00	 431.14	 6.0826	34.1551	26.8793	 0.85	 36.75	0.040	  131.99	 99.97
 436.00	 432.13	 6.0775	34.1549	26.8798	 0.85	 36.77	0.040	  132.01	 99.98
 437.00	 433.12	 6.0758	34.1548	26.8800	 0.85	 36.84	0.040	  132.02	 99.98
 438.00	 434.11	 6.0724	34.1547	26.8803	 0.85	 36.82	0.042	  131.95	 99.98
 439.00	 435.10	 6.0708	34.1545	26.8804	 0.85	 36.84	0.041	  131.92	 99.98
 440.00	 436.09	 6.0641	34.1555	26.8820	 0.84	 36.70	0.040	  132.00	 99.98
 441.00	 437.08	 6.0626	34.1560	26.8827	 0.84	 36.57	0.040	  131.97	 99.98
 442.00	 438.07	 6.0624	34.1564	26.8830	 0.84	 36.59	0.040	  132.04	 99.97
 443.00	 439.06	 6.0625	34.1564	26.8830	 0.84	 36.52	0.040	  132.08	 99.98
 444.00	 440.05	 6.0622	34.1567	26.8833	 0.84	 36.40	0.040	  132.08	 99.98
 445.00	 441.04	 6.0606	34.1569	26.8837	 0.83	 36.21	0.041	  132.06	 99.98
 446.00	 442.03	 6.0575	34.1574	26.8844	 0.83	 36.12	0.041	  132.07	 99.98
 447.00	 443.02	 6.0551	34.1575	26.8849	 0.83	 35.95	0.040	  132.06	 99.98
 448.00	 444.01	 6.0376	34.1569	26.8866	 0.82	 35.83	0.041	  132.08	 99.98
 449.00	 445.00	 6.0254	34.1565	26.8878	 0.82	 35.76	0.041	  132.09	 99.98
 450.00	 445.99	 6.0189	34.1566	26.8887	 0.82	 35.81	0.042	  132.05	 99.98
 451.00	 446.98	 6.0122	34.1563	26.8894	 0.82	 35.75	0.040	  132.08	 99.98
 452.00	 447.97	 6.0026	34.1561	26.8904	 0.82	 35.74	0.040	  132.08	 99.98
 453.00	 448.96	 5.9978	34.1561	26.8910	 0.82	 35.71	0.040	  132.02	 99.98
 454.00	 449.95	 5.9823	34.1555	26.8925	 0.82	 35.66	0.041	  132.06	 99.98
 455.00	 450.94	 5.9716	34.1554	26.8938	 0.82	 35.59	0.041	  132.05	 99.98
 456.00	 451.93	 5.9637	34.1548	26.8943	 0.82	 35.59	0.040	  132.01	 99.98
 457.00	 452.92	 5.9454	34.1539	26.8959	 0.82	 35.61	0.040	  132.06	 99.98
 458.00	 453.91	 5.9385	34.1537	26.8965	 0.82	 35.60	0.040	  132.05	 99.98
 459.00	 454.90	 5.9326	34.1530	26.8968	 0.82	 35.48	0.040	  132.06	 99.98
 460.00	 455.89	 5.9258	34.1527	26.8974	 0.81	 35.34	0.040	  132.01	 99.98
 461.00	 456.88	 5.9179	34.1537	26.8992	 0.81	 35.25	0.040	  132.03	 99.98
 462.00	 457.87	 5.9213	34.1556	26.9003	 0.81	 35.18	0.040	  132.07	 99.98
 463.00	 458.86	 5.9225	34.1560	26.9004	 0.81	 35.08	0.041	  132.00	 99.98
 464.00	 459.85	 5.9204	34.1559	26.9006	 0.80	 34.98	0.041	  132.03	 99.98
 465.00	 460.84	 5.9188	34.1562	26.9010	 0.80	 34.83	0.041	  132.06	 99.98
 466.00	 461.83	 5.9166	34.1561	26.9013	 0.80	 34.59	0.041	  132.04	 99.98
 467.00	 462.82	 5.9023	34.1556	26.9027	 0.79	 34.41	0.040	  132.06	 99.98
 468.00	 463.81	 5.8861	34.1560	26.9050	 0.79	 34.15	0.040	  132.05	 99.98
 469.00	 464.80	 5.8795	34.1563	26.9060	 0.78	 33.99	0.040	  132.07	 99.98
 470.00	 465.79	 5.8698	34.1565	26.9075	 0.78	 33.90	0.040	  131.99	 99.98
 471.00	 466.78	 5.8641	34.1567	26.9083	 0.78	 33.73	0.040	  132.01	 99.98
 472.00	 467.77	 5.8626	34.1567	26.9085	 0.77	 33.56	0.041	  132.07	 99.98
 473.00	 468.76	 5.8518	34.1564	26.9096	 0.77	 33.46	0.040	  132.05	 99.98
 474.00	 469.75	 5.8463	34.1567	26.9105	 0.77	 33.36	0.040	  132.05	 99.98
 475.00	 470.74	 5.8436	34.1566	26.9108	 0.77	 33.28	0.040	  131.98	 99.98
 476.00	 471.73	 5.8433	34.1569	26.9111	 0.76	 33.26	0.040	  131.99	 99.98
 477.00	 472.72	 5.8410	34.1563	26.9109	 0.76	 33.19	0.040	  132.04	 99.98
 478.00	 473.71	 5.8330	34.1560	26.9117	 0.76	 33.05	0.040	  131.96	 99.98
 479.00	 474.70	 5.8245	34.1560	26.9127	 0.76	 32.92	0.040	  131.97	 99.98
 480.00	 475.69	 5.8216	34.1559	26.9131	 0.75	 32.78	0.040	  131.99	 99.98
 481.00	 476.68	 5.8169	34.1555	26.9133	 0.75	 32.60	0.040	  131.95	 99.98
 482.00	 477.67	 5.8039	34.1572	26.9163	 0.74	 32.35	0.040	  132.03	 99.98
 483.00	 478.66	 5.8039	34.1572	26.9163	 0.74	 32.30	0.040	  132.10	 99.98
 484.00	 479.65	 5.8040	34.1574	26.9165	 0.74	 32.02	0.040	  132.03	 99.98
 485.00	 480.64	 5.8017	34.1582	26.9173	 0.73	 31.60	0.040	  131.93	 99.98
 486.00	 481.63	 5.7887	34.1628	26.9226	 0.72	 31.32	0.040	  131.97	 99.98
 487.00	 482.62	 5.7818	34.1638	26.9242	 0.72	 31.11	0.040	  131.98	 99.99
 488.00	 483.61	 5.7722	34.1645	26.9260	 0.71	 30.97	0.040	  132.02	 99.98
 489.00	 484.60	 5.7637	34.1648	26.9273	 0.71	 30.80	0.040	  131.99	 99.98
 490.00	 485.59	 5.7585	34.1649	26.9280	 0.71	 30.68	0.040	  132.05	 99.98
 491.00	 486.58	 5.7439	34.1652	26.9300	 0.70	 30.60	0.040	  132.01	 99.99
 492.00	 487.57	 5.7324	34.1661	26.9321	 0.70	 30.65	0.040	  131.98	 99.99
 493.00	 488.56	 5.7202	34.1667	26.9341	 0.70	 30.63	0.040	  131.99	 99.99
 494.00	 489.55	 5.7115	34.1673	26.9357	 0.70	 30.48	0.041	  132.03	 99.99
 495.00	 490.54	 5.7062	34.1675	26.9365	 0.70	 30.51	0.041	  131.95	100.00
 496.00	 491.53	 5.7025	34.1676	26.9370	 0.70	 30.48	0.040	  131.98	 99.99
 497.00	 492.51	 5.6993	34.1677	26.9375	 0.70	 30.37	0.040	  132.01	 99.99
 498.00	 493.50	 5.6934	34.1681	26.9385	 0.70	 30.30	0.040	  132.01	 99.99
 499.00	 494.49	 5.6875	34.1698	26.9407	 0.70	 30.28	0.040	  131.94	100.00
 500.00	 495.48	 5.6843	34.1710	26.9420	 0.69	 30.19	0.040	  131.96	 99.99
 501.00	 496.47	 5.6843	34.1722	26.9430	 0.69	 30.09	0.041	  131.96	 99.99
 502.00	 497.46	 5.6845	34.1731	26.9437	 0.69	 30.03	0.041	  131.95	 99.99
 503.00	 498.45	 5.6845	34.1734	26.9439	 0.69	 29.92	0.040	  131.96	100.00
 504.00	 499.44	 5.6854	34.1741	26.9444	 0.69	 29.81	0.041	  131.93	 99.99
 505.00	 500.43	 5.6874	34.1762	26.9458	 0.68	 29.74	0.041	  131.97	 99.99
 506.00	 501.42	 5.6899	34.1772	26.9463	 0.68	 29.51	0.040	  131.97	 99.99
 507.00	 502.41	 5.6923	34.1797	26.9480	 0.68	 29.42	0.040	  131.89	 99.99
 508.00	 503.40	 5.6947	34.1818	26.9494	 0.67	 29.25	0.040	  131.98	100.00
 509.00	 504.39	 5.6960	34.1836	26.9507	 0.67	 29.15	0.041	  131.90	 99.99
 510.00	 505.38	 5.6976	34.1858	26.9522	 0.67	 29.12	0.041	  131.99	 99.99
 511.00	 506.37	 5.6978	34.1866	26.9528	 0.67	 28.93	0.040	  131.97	 99.99
 512.00	 507.36	 5.6971	34.1869	26.9531	 0.66	 28.84	0.041	  132.00	100.00
 513.00	 508.35	 5.6972	34.1869	26.9532	 0.66	 28.90	0.041	  132.00	100.00
 514.00	 509.34	 5.6976	34.1870	26.9532	 0.66	 28.90	0.040	  131.97	100.00
 515.00	 510.33	 5.6973	34.1870	26.9532	 0.66	 28.91	0.040	  131.95	100.00
 516.00	 511.32	 5.6970	34.1870	26.9533	 0.66	 28.90	0.040	  131.96	100.00
 517.00	 512.31	 5.6967	34.1873	26.9535	 0.66	 28.84	0.041	  132.00	 99.99
 518.00	 513.30	 5.6968	34.1872	26.9535	 0.66	 28.65	0.042	  131.96	100.00
 519.00	 514.29	 5.6925	34.1882	26.9549	 0.65	 28.24	0.042	  131.91	100.00
 520.00	 515.28	 5.6892	34.1903	26.9569	 0.63	 27.53	0.040	  131.92	100.00
 521.00	 516.27	 5.6979	34.2006	26.9640	 0.62	 27.01	0.040	  131.97	100.00
 522.00	 517.26	 5.7034	34.2036	26.9657	 0.62	 26.90	0.040	  131.90	100.00
 523.00	 518.25	 5.7008	34.2024	26.9651	 0.61	 26.70	0.041	  131.94	100.00
 524.00	 519.24	 5.6990	34.2028	26.9656	 0.61	 26.38	0.041	  131.98	100.00
 525.00	 520.23	 5.7012	34.2058	26.9677	 0.60	 26.05	0.040	  131.89	100.00
 526.00	 521.22	 5.7013	34.2068	26.9685	 0.60	 25.96	0.041	  131.89	100.00
 527.00	 522.21	 5.6863	34.2062	26.9699	 0.60	 25.92	0.041	  131.91	100.00
 528.00	 523.20	 5.6595	34.2030	26.9706	 0.60	 26.09	0.040	  131.88	100.00
 529.00	 524.19	 5.6156	34.1976	26.9717	 0.61	 26.34	0.040	  131.94	100.00
 530.00	 525.18	 5.5393	34.1914	26.9760	 0.61	 26.48	0.040	  131.97	100.00
 531.00	 526.16	 5.5250	34.1903	26.9769	 0.61	 26.56	0.040	  131.91	100.00
 532.00	 527.15	 5.4847	34.1827	26.9757	 0.61	 26.47	0.040	  131.97	100.00
 533.00	 528.14	 5.4187	34.1825	26.9833	 0.61	 26.39	0.042	  132.03	100.00
 534.00	 529.13	 5.4174	34.1826	26.9836	 0.61	 26.39	0.041	  132.04	100.00
 535.00	 530.12	 5.4180	34.1830	26.9838	 0.60	 26.20	0.041	  132.00	100.00
 536.00	 531.11	 5.4174	34.1830	26.9840	 0.60	 26.10	0.042	  131.95	100.00
 537.00	 532.10	 5.4164	34.1834	26.9844	 0.60	 26.00	0.041	  131.98	100.00
 538.00	 533.09	 5.4161	34.1839	26.9848	 0.60	 25.92	0.040	  131.98	100.00
 539.00	 534.08	 5.4167	34.1843	26.9851	 0.59	 25.76	0.040	  131.93	100.00
 540.00	 535.07	 5.4175	34.1853	26.9858	 0.59	 25.58	0.040	  131.93	100.00
 541.00	 536.06	 5.4186	34.1864	26.9865	 0.58	 25.38	0.041	  131.99	100.00
 542.00	 537.05	 5.4289	34.1895	26.9877	 0.57	 24.99	0.041	  131.93	100.00
 543.00	 538.04	 5.4325	34.1914	26.9889	 0.57	 24.79	0.041	  131.94	100.00
 544.00	 539.03	 5.4456	34.1940	26.9894	 0.57	 24.72	0.041	  131.97	100.00
 545.00	 540.02	 5.4468	34.1942	26.9894	 0.57	 24.59	0.041	  131.95	100.00
 546.00	 541.01	 5.4442	34.1936	26.9893	 0.56	 24.47	0.041	  131.91	100.00
 547.00	 542.00	 5.4450	34.1940	26.9894	 0.56	 24.26	0.040	  131.94	100.00
 548.00	 542.99	 5.4494	34.1963	26.9907	 0.55	 23.95	0.040	  131.99	100.00
 549.00	 543.98	 5.4619	34.2011	26.9931	 0.55	 23.74	0.040	  131.98	100.00
 550.00	 544.97	 5.4639	34.2036	26.9949	 0.54	 23.50	0.040	  131.92	100.00
 551.00	 545.96	 5.4531	34.2035	26.9961	 0.54	 23.40	0.040	  131.93	100.00
 552.00	 546.95	 5.4421	34.2032	26.9972	 0.54	 23.31	0.040	  131.92	100.00
 553.00	 547.94	 5.4266	34.2039	26.9995	 0.53	 23.25	0.040	  131.94	100.00
 554.00	 548.93	 5.4078	34.2025	27.0006	 0.53	 23.17	0.040	  131.92	100.00
 555.00	 549.91	 5.3978	34.2027	27.0020	 0.53	 22.98	0.040	  131.93	100.00
 556.00	 550.90	 5.3944	34.2058	27.0049	 0.52	 22.72	0.040	  131.94	100.00
 557.00	 551.89	 5.4013	34.2096	27.0071	 0.52	 22.49	0.040	  131.89	100.00
 558.00	 552.88	 5.4040	34.2108	27.0077	 0.51	 22.34	0.040	  131.91	100.00
 559.00	 553.87	 5.4086	34.2126	27.0086	 0.51	 22.23	0.040	  131.92	100.00
 560.00	 554.86	 5.4118	34.2140	27.0094	 0.51	 22.07	0.040	  131.92	100.00
 561.00	 555.85	 5.4209	34.2178	27.0113	 0.51	 21.97	0.040	  131.88	100.00
 562.00	 556.84	 5.4323	34.2206	27.0122	 0.51	 21.97	0.040	  131.89	100.00
 563.00	 557.83	 5.4212	34.2199	27.0130	 0.50	 21.94	0.040	  131.90	100.00
 564.00	 558.82	 5.4103	34.2190	27.0136	 0.50	 21.89	0.040	  131.87	100.00
 565.00	 559.81	 5.4176	34.2217	27.0149	 0.50	 21.74	0.040	  131.86	100.00
 566.00	 560.80	 5.4123	34.2205	27.0145	 0.50	 21.68	0.041	  131.87	100.00
 567.00	 561.79	 5.4047	34.2222	27.0168	 0.50	 21.71	0.042	  131.89	100.00
 568.00	 562.78	 5.3783	34.2189	27.0173	 0.50	 21.72	0.040	  131.92	100.00
 569.00	 563.77	 5.3519	34.2156	27.0178	 0.50	 21.71	0.040	  131.87	100.00
 570.00	 564.76	 5.3365	34.2147	27.0190	 0.50	 21.69	0.040	  131.87	100.00
 571.00	 565.75	 5.3163	34.2127	27.0197	 0.50	 21.64	0.040	  131.88	100.00
 572.00	 566.74	 5.2965	34.2128	27.0221	 0.50	 21.53	0.041	  131.91	100.00
 573.00	 567.73	 5.2971	34.2132	27.0224	 0.49	 21.39	0.041	  131.94	100.00
 574.00	 568.71	 5.2981	34.2155	27.0241	 0.49	 21.28	0.041	  131.85	100.00
 575.00	 569.70	 5.2965	34.2169	27.0254	 0.49	 21.17	0.041	  131.90	100.00
 576.00	 570.69	 5.2868	34.2173	27.0269	 0.49	 21.16	0.040	  131.91	100.00
 577.00	 571.68	 5.2782	34.2169	27.0276	 0.48	 21.06	0.040	  131.92	100.00
 578.00	 572.67	 5.2657	34.2159	27.0283	 0.48	 20.91	0.040	  131.86	100.00
 579.00	 573.66	 5.2572	34.2160	27.0293	 0.48	 20.88	0.040	  131.91	100.00
 580.00	 574.65	 5.2509	34.2162	27.0303	 0.48	 20.90	0.040	  131.91	100.00
 581.00	 575.64	 5.2443	34.2161	27.0309	 0.48	 20.88	0.040	  131.88	100.00
 582.00	 576.63	 5.2397	34.2159	27.0313	 0.48	 20.86	0.040	  131.89	100.00
 583.00	 577.62	 5.2305	34.2167	27.0331	 0.47	 20.65	0.041	  131.89	100.00
 584.00	 578.61	 5.2241	34.2206	27.0369	 0.47	 20.46	0.042	  131.86	100.00
 585.00	 579.60	 5.2239	34.2215	27.0376	 0.47	 20.37	0.041	  131.88	100.00
 586.00	 580.59	 5.2260	34.2232	27.0387	 0.47	 20.25	0.040	  131.85	100.00
 587.00	 581.58	 5.2293	34.2246	27.0395	 0.46	 20.17	0.041	  131.81	100.00
 588.00	 582.57	 5.2297	34.2246	27.0395	 0.46	 20.07	0.041	  131.90	100.00
 589.00	 583.56	 5.2298	34.2248	27.0396	 0.46	 20.02	0.040	  131.82	100.00
 590.00	 584.54	 5.2305	34.2251	27.0398	 0.46	 19.90	0.040	  131.82	100.00
 591.00	 585.53	 5.2318	34.2260	27.0404	 0.45	 19.78	0.040	  131.80	100.00
 592.00	 586.52	 5.2340	34.2273	27.0411	 0.45	 19.65	0.041	  131.90	100.00
 593.00	 587.51	 5.2369	34.2293	27.0424	 0.45	 19.57	0.042	  131.89	100.00
 594.00	 588.50	 5.2423	34.2326	27.0444	 0.45	 19.54	0.042	  131.82	100.00
 595.00	 589.49	 5.2427	34.2334	27.0450	 0.45	 19.38	0.040	  131.83	100.00
 596.00	 590.48	 5.2422	34.2340	27.0455	 0.44	 19.30	0.041	  131.84	100.00
 597.00	 591.47	 5.2412	34.2346	27.0461	 0.44	 19.23	0.041	  131.80	100.00
 598.00	 592.46	 5.2416	34.2348	27.0463	 0.44	 19.20	0.040	  131.84	 97.50
 599.00	 593.45	 5.2424	34.2353	27.0466	 0.44	 19.19	0.041	  131.86	 80.53
 600.00	 594.44	 5.2435	34.2359	27.0469	 0.44	 19.10	0.041	  131.80	100.17
 601.00	 595.43	 5.2464	34.2371	27.0475	 0.44	 19.05	0.040	  131.79	100.00
 602.00	 596.42	 5.2480	34.2377	27.0478	 0.44	 19.01	0.040	  131.87	100.00
 603.00	 597.41	 5.2488	34.2381	27.0481	 0.44	 18.98	0.042	  131.81	100.00
 604.00	 598.40	 5.2486	34.2386	27.0485	 0.44	 19.02	0.042	  131.79	 99.51
 605.00	 599.38	 5.2485	34.2388	27.0486	 0.44	 18.97	0.041	  131.83	 98.59
 606.00	 600.37	 5.2485	34.2389	27.0487	 0.44	 18.93	0.040	  131.84	 97.78
 607.00	 601.36	 5.2490	34.2388	27.0487	 0.43	 18.90	0.040	  131.81	 96.71
 608.00	 602.35	 5.2479	34.2398	27.0496	 0.43	 18.88	0.041	  131.78	 95.92
 609.00	 603.34	 5.2466	34.2409	27.0506	 0.43	 18.90	0.041	  131.85	 95.03
 610.00	 604.33	 5.2460	34.2411	27.0508	 0.43	 18.80	0.040	  131.75	 94.01
 611.00	 605.32	 5.2456	34.2415	27.0512	 0.43	 18.81	0.040	  131.72	 92.93
 612.00	 606.31	 5.2448	34.2420	27.0517	 0.43	 18.72	0.040	  131.71	 91.96
 613.00	 607.30	 5.2445	34.2423	27.0520	 0.43	 18.65	0.040	  131.64	 90.83
 614.00	 608.29	 5.2444	34.2424	27.0521	 0.43	 18.70	0.040	  131.58	 89.70
 615.00	 609.28	 5.2444	34.2425	27.0522	 0.43	 18.68	0.040	  131.69	 88.69
 616.00	 610.27	 5.2429	34.2433	27.0530	 0.43	 18.64	0.040	  131.58	 87.84
 617.00	 611.26	 5.2405	34.2443	27.0541	 0.43	 18.61	0.040	  131.59	 86.84
 618.00	 612.24	 5.2405	34.2441	27.0540	 0.43	 18.55	0.041	  131.58	 85.87
 619.00	 613.23	 5.2403	34.2444	27.0542	 0.43	 18.50	0.042	  131.56	 84.84
 620.00	 614.22	 5.2393	34.2456	27.0553	 0.42	 18.34	0.042	  131.50	 83.83
 621.00	 615.21	 5.2402	34.2476	27.0568	 0.42	 18.35	0.041	  131.58	 82.91
 622.00	 616.20	 5.2414	34.2485	27.0574	 0.42	 18.24	0.040	  131.57	 81.84
 623.00	 617.19	 5.2416	34.2490	27.0577	 0.42	 18.18	0.040	  131.56	 80.76
 624.00	 618.18	 5.2457	34.2527	27.0602	 0.42	 18.11	0.040	  131.64	 79.70
 625.00	 619.17	 5.2479	34.2537	27.0607	 0.41	 18.00	0.040	  131.64	 78.62
 626.00	 620.16	 5.2483	34.2543	27.0612	 0.41	 17.90	0.040	  131.58	 77.88
 627.00	 621.15	 5.2485	34.2549	27.0616	 0.41	 17.87	0.040	  131.57	 76.89
 628.00	 622.14	 5.2490	34.2556	27.0622	 0.41	 17.79	0.040	  131.64	 75.92
 629.00	 623.13	 5.2497	34.2586	27.0645	 0.41	 17.66	0.040	  131.61	 74.92
 630.00	 624.12	 5.2499	34.2586	27.0645	 0.41	 17.69	0.041	  131.57	 73.83
 631.00	 625.10	 5.2500	34.2586	27.0645	 0.41	 17.69	0.041	  131.59	 72.64
 632.00	 626.09	 5.2500	34.2601	27.0657	 0.41	 17.65	0.040	  131.70	 71.53
 633.00	 627.08	 5.2501	34.2605	27.0660	 0.40	 17.60	0.040	  131.58	 70.85
 634.00	 628.07	 5.2501	34.2605	27.0660	 0.40	 17.56	0.040	  131.58	 69.91
 635.00	 629.06	 5.2501	34.2613	27.0666	 0.40	 17.54	0.040	  131.64	 68.92
 636.00	 630.05	 5.2503	34.2623	27.0674	 0.40	 17.51	0.040	  131.49	 67.87
 637.00	 631.04	 5.2505	34.2637	27.0685	 0.40	 17.48	0.040	  131.57	 66.88
 638.00	 632.03	 5.2509	34.2641	27.0688	 0.40	 17.34	0.041	  131.57	 65.74
 639.00	 633.02	 5.2497	34.2666	27.0709	 0.40	 17.19	0.041	  131.57	 64.67
 640.00	 634.01	 5.2451	34.2688	27.0732	 0.39	 17.06	0.040	  131.58	 63.78
 641.00	 635.00	 5.2392	34.2715	27.0760	 0.39	 17.02	0.040	  131.57	 62.72
 642.00	 635.98	 5.2295	34.2727	27.0781	 0.39	 16.83	0.041	  131.61	 61.83
 643.00	 636.97	 5.2189	34.2747	27.0810	 0.38	 16.74	0.041	  131.52	 60.61
 644.00	 637.96	 5.2229	34.2781	27.0832	 0.38	 16.60	0.041	  131.51	 59.61
 645.00	 638.95	 5.2327	34.2808	27.0842	 0.38	 16.45	0.041	  131.44	 58.88
 646.00	 639.94	 5.2349	34.2822	27.0851	 0.37	 16.30	0.041	  131.50	 57.81
 647.00	 640.93	 5.2271	34.2832	27.0868	 0.38	 16.32	0.042	  131.48	 56.89
 648.00	 641.92	 5.2077	34.2843	27.0900	 0.37	 16.27	0.041	  131.46	 55.78
 649.00	 642.91	 5.1987	34.2860	27.0923	 0.37	 16.17	0.041	  131.52	 54.68
 650.00	 643.90	 5.1968	34.2861	27.0926	 0.37	 16.17	0.042	  131.48	 53.61
 651.00	 644.89	 5.1947	34.2863	27.0931	 0.37	 16.14	0.042	  131.47	 52.87
 652.00	 645.88	 5.1897	34.2865	27.0938	 0.37	 16.03	0.041	  131.49	 51.86
 653.00	 646.86	 5.1805	34.2873	27.0955	 0.37	 15.97	0.041	  131.39	 50.78
 654.00	 647.85	 5.1691	34.2882	27.0975	 0.37	 15.98	0.042	  131.47	 49.63
 655.00	 648.84	 5.1620	34.2885	27.0986	 0.36	 15.85	0.041	  131.44	 48.48
 656.00	 649.83	 5.1569	34.2887	27.0994	 0.36	 15.83	0.041	  131.47	 47.58
 657.00	 650.82	 5.1558	34.2888	27.0996	 0.36	 15.79	0.040	  131.44	 46.43
 658.00	 651.81	 5.1537	34.2889	27.0999	 0.36	 15.75	0.040	  131.41	 45.48
 659.00	 652.80	 5.1526	34.2889	27.1001	 0.36	 15.76	0.041	  131.43	 44.43
 660.00	 653.79	 5.1511	34.2889	27.1002	 0.36	 15.72	0.041	  131.39	 43.44
 661.00	 654.78	 5.1475	34.2889	27.1007	 0.36	 15.69	0.041	  131.40	 42.48
 662.00	 655.77	 5.1439	34.2891	27.1013	 0.36	 15.69	0.041	  131.43	 41.55
 663.00	 656.75	 5.1427	34.2892	27.1015	 0.36	 15.69	0.040	  131.39	 40.45
 664.00	 657.74	 5.1414	34.2891	27.1016	 0.36	 15.67	0.040	  131.39	 39.35
 665.00	 658.73	 5.1410	34.2893	27.1017	 0.36	 15.72	0.040	  131.38	 38.46
 666.00	 659.72	 5.1371	34.2892	27.1021	 0.36	 15.63	0.040	  131.37	 37.60
 667.00	 660.71	 5.1264	34.2893	27.1035	 0.36	 15.62	0.040	  131.39	 36.57
 668.00	 661.70	 5.0964	34.2903	27.1077	 0.36	 15.60	0.041	  131.42	 35.44
 669.00	 662.69	 5.0877	34.2909	27.1093	 0.36	 15.49	0.040	  131.38	 34.27
 670.00	 663.68	 5.0757	34.2910	27.1107	 0.36	 15.59	0.041	  131.35	 33.60
 671.00	 664.67	 5.0592	34.2914	27.1129	 0.36	 15.47	0.041	  131.41	 32.64
 672.00	 665.66	 5.0252	34.2916	27.1170	 0.35	 15.43	0.041	  131.39	 31.48
 673.00	 666.64	 5.0108	34.2924	27.1193	 0.35	 15.36	0.041	  131.39	 30.27
 674.00	 667.63	 5.0014	34.2932	27.1210	 0.35	 15.32	0.040	  131.39	 29.38
 675.00	 668.62	 4.9889	34.2950	27.1238	 0.35	 15.22	0.040	  131.38	 28.51
 676.00	 669.61	 4.9804	34.2966	27.1260	 0.35	 15.04	0.041	  131.40	 27.43
 677.00	 670.60	 4.9720	34.2991	27.1290	 0.34	 14.87	0.042	  131.37	 26.28
 678.00	 671.59	 4.9695	34.2999	27.1299	 0.34	 14.72	0.041	  131.39	 25.27
 679.00	 672.58	 4.9690	34.3003	27.1303	 0.34	 14.74	0.041	  131.36	 24.47
 680.00	 673.57	 4.9688	34.3005	27.1305	 0.34	 14.65	0.041	  131.36	 23.49
 681.00	 674.56	 4.9668	34.3011	27.1312	 0.34	 14.61	0.041	  131.32	 22.40
 682.00	 675.55	 4.9653	34.3014	27.1316	 0.34	 14.58	0.041	  131.33	 21.26
 683.00	 676.53	 4.9634	34.3018	27.1322	 0.33	 14.54	0.041	  131.32	 20.23
 684.00	 677.52	 4.9621	34.3024	27.1328	 0.33	 14.46	0.042	  131.33	 19.38
 685.00	 678.51	 4.9592	34.3030	27.1336	 0.33	 14.33	0.041	  131.29	 18.31
 686.00	 679.50	 4.9530	34.3038	27.1349	 0.33	 14.24	0.041	  131.23	 17.19
 687.00	 680.49	 4.9452	34.3044	27.1363	 0.33	 14.19	0.041	  131.14	 16.21
 688.00	 681.48	 4.9382	34.3051	27.1377	 0.33	 14.17	0.041	  131.15	 15.25
 689.00	 682.47	 4.9332	34.3057	27.1387	 0.32	 14.07	0.040	  131.10	 14.28
 690.00	 683.46	 4.9292	34.3063	27.1396	 0.32	 14.00	0.041	  130.98	 13.12
 691.00	 684.45	 4.9280	34.3065	27.1400	 0.32	 13.94	0.041	  130.95	 12.13
 692.00	 685.43	 4.9279	34.3064	27.1399	 0.32	 13.93	0.041	  130.83	 11.04
 693.00	 686.42	 4.9277	34.3064	27.1400	 0.32	 13.89	0.041	  130.69	 10.03
 694.00	 687.41	 4.9267	34.3065	27.1401	 0.32	 13.81	0.041	  129.59	  8.78
