* Sea-Bird SBE 9 Data:
* Software Version Seasave V 7.26.7.107
* Vessel: NOAA Ship Ronald H. Brown
* Cruise: RB2102, West Coast Ocean Acidification (WCOA) 2021
* Dates: 20210622 to 20210723
* Region: NE Pacific, USA West Coast
* Ports: San Diego, CA to Port Angeles, WA to San Diego, CA
* Chief Scientists: R. Feely, NOAA PMEL; D. Greeley, NOAA PMEL; B. Carter, NOAA PMEL / UW CICOES
* Contacts: R. Feely, richard.a.feely@noaa.gov; D. Greeley, dana.greeley@noaa.gov; B. Carter, brendan.carter@noaa.gov
* Station: 009
* Cast: 1
* Cast Date-Time [GMT]: 27-Jun-2021 19:17:33
* Longitude: -126.2267 W
* Latitude: 48.4326 N
* Water Depth [m]: 596.2
**********
* Column  1: Pressure [decibar]
* Column  2: Depth [m]
* Column  3: Temperature ITS-90 [degree C]
* Column  4: Salinity PSS-78 [psu]
* Column  5: Sigma-theta EOS-80 [kg/m^3 - 1000]
* Column  6: Oxygen [ml/L]
* Column  7: Oxygen [umol/kg]
* Column  8: Fluorescence [volts]
* Column  9: Oxygen Reduction Potential [mV]
* Column 10: Altimeter [m]
**********
*END*
   4.00	   3.97	14.5604	31.7534	23.5635	 6.54	285.19	0.050	  124.87	 99.86
   5.00	   4.96	14.6616	31.7576	23.5456	 6.57	286.48	0.050	  124.77	 99.87
   6.00	   5.95	14.5885	31.7568	23.5604	 6.57	286.67	0.050	  124.77	 99.88
   7.00	   6.94	14.2656	31.7527	23.6245	 6.61	288.53	0.049	  124.83	 99.88
   8.00	   7.93	14.0747	31.7351	23.6503	 6.63	289.06	0.049	  124.86	 99.88
   9.00	   8.92	13.9241	31.7342	23.6804	 6.60	288.13	0.049	  124.87	 99.88
  10.00	   9.92	13.7280	31.7391	23.7239	 6.60	287.91	0.050	  124.91	 99.88
  11.00	  10.91	13.4436	31.7527	23.7914	 6.62	288.69	0.050	  124.95	 99.86
  12.00	  11.90	13.3304	31.7567	23.8170	 6.59	287.50	0.052	  125.04	 99.85
  13.00	  12.89	13.2125	31.7601	23.8430	 6.57	286.40	0.052	  124.96	 99.85
  14.00	  13.88	13.0946	31.7635	23.8687	 6.60	288.10	0.054	  125.02	 99.84
  15.00	  14.87	13.0532	31.7688	23.8809	 6.60	288.03	0.056	  125.05	 99.85
  16.00	  15.86	12.9226	31.7906	23.9233	 6.63	289.00	0.057	  125.05	 99.84
  17.00	  16.86	12.8278	31.8138	23.9596	 6.63	289.11	0.058	  125.09	 99.84
  18.00	  17.85	12.7912	31.8203	23.9716	 6.63	289.24	0.061	  125.11	 99.84
  19.00	  18.84	12.7015	31.8372	24.0020	 6.64	289.47	0.060	  125.11	 99.84
  20.00	  19.83	12.5925	31.8476	24.0309	 6.67	290.99	0.060	  125.15	 99.84
  21.00	  20.82	12.4022	31.8671	24.0823	 6.74	293.73	0.071	  125.21	 99.84
  22.00	  21.81	12.1762	31.8885	24.1413	 6.81	297.02	0.079	  125.24	 99.84
  23.00	  22.80	11.8051	31.9237	24.2373	 6.97	303.73	0.112	  125.31	 99.85
  24.00	  23.80	11.2126	31.9648	24.3759	 7.17	312.57	0.123	  125.40	 99.86
  25.00	  24.79	10.5639	31.9995	24.5158	 7.30	318.37	0.147	  125.54	 99.88
  26.00	  25.78	 9.9730	32.0260	24.6355	 7.40	322.46	0.200	  125.69	 99.89
  27.00	  26.77	 9.4300	32.0559	24.7467	 7.33	319.38	0.313	  125.77	 99.90
  28.00	  27.76	 9.2056	32.0829	24.8032	 7.13	310.59	0.341	  125.86	 99.90
  29.00	  28.75	 9.1226	32.0980	24.8279	 7.00	305.18	0.207	  125.91	 99.87
  30.00	  29.74	 8.9997	32.1061	24.8533	 6.94	302.30	0.156	  125.99	 99.84
  31.00	  30.74	 8.8994	32.1258	24.8842	 6.90	300.56	0.142	  125.99	 99.82
  32.00	  31.73	 8.8521	32.1301	24.8948	 6.83	297.78	0.109	  126.01	 99.80
  33.00	  32.72	 8.7744	32.1376	24.9125	 6.75	294.01	0.121	  126.02	 99.79
  34.00	  33.71	 8.6230	32.1612	24.9539	 6.65	289.94	0.162	  126.11	 99.76
  35.00	  34.70	 8.4275	32.1735	24.9928	 6.64	289.24	0.090	  126.17	 99.73
  36.00	  35.69	 8.4121	32.1810	25.0009	 6.62	288.22	0.069	  126.16	 99.71
  37.00	  36.68	 8.3938	32.1852	25.0070	 6.61	287.92	0.069	  126.23	 99.71
  38.00	  37.68	 8.3928	32.1858	25.0076	 6.60	287.71	0.068	  126.24	 99.69
  39.00	  38.67	 8.3857	32.1853	25.0083	 6.58	286.88	0.073	  126.20	 99.68
  40.00	  39.66	 8.3786	32.1848	25.0090	 6.59	286.95	0.069	  126.15	 98.40
  41.00	  40.65	 8.3215	32.1950	25.0253	 6.59	287.33	0.065	  126.20	 98.51
  42.00	  41.64	 8.2868	32.2030	25.0367	 6.60	287.47	0.068	  126.19	 99.56
  43.00	  42.63	 8.2704	32.2063	25.0418	 6.59	287.04	0.068	  126.20	 99.68
  44.00	  43.62	 8.2540	32.2097	25.0469	 6.58	286.66	0.062	  126.17	 99.68
  45.00	  44.62	 8.2408	32.2118	25.0504	 6.57	286.16	0.064	  126.22	 95.25
  46.00	  45.61	 8.2257	32.2138	25.0543	 6.55	285.15	0.062	  126.17	 99.55
  47.00	  46.60	 8.1989	32.2282	25.0694	 6.55	285.31	0.069	  126.14	 99.67
  48.00	  47.59	 8.2008	32.2347	25.0743	 6.58	286.49	0.064	  126.12	 99.66
  49.00	  48.58	 8.1807	32.2403	25.0816	 6.61	288.02	0.061	  126.09	 99.66
  50.00	  49.57	 8.1799	32.2461	25.0863	 6.63	288.69	0.060	  126.07	 99.67
  51.00	  50.56	 8.1590	32.2501	25.0925	 6.60	287.75	0.063	  126.01	 99.68
  52.00	  51.56	 8.0520	32.2479	25.1063	 6.55	285.38	0.060	  126.03	 99.68
  53.00	  52.55	 8.0337	32.2566	25.1158	 6.52	284.24	0.055	  126.06	 99.68
  54.00	  53.54	 8.0232	32.2644	25.1235	 6.51	283.53	0.053	  125.99	 99.67
  55.00	  54.53	 8.0100	32.2683	25.1284	 6.51	283.41	0.053	  126.05	 99.66
  56.00	  55.52	 7.9940	32.2739	25.1351	 6.50	283.13	0.053	  126.04	 99.64
  57.00	  56.51	 7.9789	32.2786	25.1410	 6.47	281.89	0.055	  125.98	 99.63
  58.00	  57.50	 7.9701	32.2830	25.1457	 6.46	281.25	0.053	  125.95	 98.00
  59.00	  58.49	 7.9603	32.2892	25.1520	 6.45	280.79	0.051	  125.95	 99.62
  60.00	  59.49	 7.9477	32.2991	25.1616	 6.44	280.41	0.050	  126.00	 99.63
  61.00	  60.48	 7.9334	32.3007	25.1649	 6.43	279.90	0.049	  125.93	 99.63
  62.00	  61.47	 7.9143	32.3053	25.1712	 6.41	279.10	0.051	  125.96	 99.62
  63.00	  62.46	 7.8830	32.3236	25.1901	 6.37	277.28	0.050	  125.92	 99.61
  64.00	  63.45	 7.8733	32.3339	25.1996	 6.31	274.98	0.049	  125.94	 99.61
  65.00	  64.44	 7.8555	32.3527	25.2169	 6.28	273.50	0.049	  125.89	 99.60
  66.00	  65.43	 7.8513	32.3632	25.2257	 6.25	272.27	0.048	  125.92	 99.58
  67.00	  66.42	 7.8492	32.3722	25.2331	 6.21	270.46	0.047	  125.85	 99.57
  68.00	  67.42	 7.8591	32.3924	25.2476	 6.13	266.87	0.048	  125.88	 99.56
  69.00	  68.41	 7.8561	32.4237	25.2727	 6.06	263.97	0.046	  125.89	 99.55
  70.00	  69.40	 7.8108	32.4280	25.2824	 6.04	262.89	0.045	  125.87	 99.53
  71.00	  70.39	 7.8019	32.4331	25.2877	 5.95	259.37	0.046	  125.86	 99.51
  72.00	  71.38	 7.8195	32.4648	25.3101	 5.85	254.88	0.044	  125.90	 99.50
  73.00	  72.37	 7.8057	32.5002	25.3399	 5.75	250.49	0.043	  125.89	 99.49
  74.00	  73.36	 7.7961	32.5693	25.3956	 5.66	246.66	0.043	  125.93	 99.48
  75.00	  74.35	 7.7981	32.5964	25.4166	 5.56	242.12	0.043	  125.92	 99.44
  76.00	  75.35	 7.7883	32.6268	25.4418	 5.45	237.31	0.044	  125.94	 99.39
  77.00	  76.34	 7.7692	32.6704	25.4788	 5.40	235.29	0.043	  126.03	 99.38
  78.00	  77.33	 7.7334	32.7063	25.5121	 5.37	233.95	0.042	  125.96	 99.37
  79.00	  78.32	 7.7155	32.7299	25.5332	 5.32	231.54	0.042	  125.94	 99.37
  80.00	  79.31	 7.7107	32.7500	25.5497	 5.22	227.52	0.043	  125.92	 99.35
  81.00	  80.30	 7.7016	32.8068	25.5956	 5.13	223.21	0.042	  125.96	 99.34
  82.00	  81.29	 7.6986	32.8298	25.6141	 5.07	220.79	0.042	  126.00	 99.34
  83.00	  82.28	 7.6966	32.8366	25.6198	 5.02	218.66	0.042	  125.98	 99.32
  84.00	  83.27	 7.6931	32.8426	25.6250	 4.96	216.03	0.042	  125.95	 99.32
  85.00	  84.27	 7.6948	32.8621	25.6401	 4.88	212.48	0.042	  126.01	 99.31
  86.00	  85.26	 7.6923	32.8999	25.6702	 4.81	209.62	0.042	  125.98	 99.30
  87.00	  86.25	 7.6929	32.9325	25.6957	 4.75	206.98	0.041	  125.97	 99.31
  88.00	  87.24	 7.7006	32.9562	25.7132	 4.70	204.44	0.041	  125.98	 99.30
  89.00	  88.23	 7.7032	32.9632	25.7184	 4.66	202.69	0.041	  125.89	 99.29
  90.00	  89.22	 7.7047	32.9664	25.7207	 4.63	201.57	0.041	  125.91	 99.30
  91.00	  90.21	 7.7099	32.9791	25.7299	 4.61	200.53	0.041	  125.96	 99.30
  92.00	  91.20	 7.7187	32.9948	25.7411	 4.57	199.07	0.041	  125.88	 99.31
  93.00	  92.20	 7.7351	33.0065	25.7479	 4.50	196.02	0.041	  125.80	 99.31
  94.00	  93.19	 7.7308	33.0520	25.7843	 4.41	191.91	0.041	  125.90	 99.32
  95.00	  94.18	 7.7205	33.1253	25.8434	 4.32	187.90	0.042	  125.93	 99.32
  96.00	  95.17	 7.7590	33.2019	25.8980	 4.23	183.97	0.041	  125.97	 99.32
  97.00	  96.16	 7.7764	33.2228	25.9120	 4.13	179.61	0.041	  125.98	 99.32
  98.00	  97.15	 7.7980	33.2533	25.9329	 4.02	175.17	0.041	  125.98	 99.34
  99.00	  98.14	 7.8236	33.2836	25.9530	 3.95	172.08	0.041	  125.99	 99.34
 100.00	  99.13	 7.8124	33.3059	25.9722	 3.90	169.93	0.041	  126.01	 99.36
 101.00	 100.12	 7.8158	33.3238	25.9857	 3.86	168.19	0.041	  125.97	 99.37
 102.00	 101.12	 7.8130	33.3379	25.9973	 3.82	166.48	0.041	  126.01	 99.38
 103.00	 102.11	 7.7902	33.3550	26.0139	 3.80	165.35	0.041	  125.95	 83.25
 104.00	 103.10	 7.7054	33.3953	26.0578	 3.77	164.15	0.041	  126.00	 99.14
 105.00	 104.09	 7.6787	33.4184	26.0798	 3.72	162.01	0.041	  125.98	 99.40
 106.00	 105.08	 7.6823	33.4540	26.1072	 3.66	159.27	0.041	  126.01	 99.41
 107.00	 106.07	 7.6780	33.4947	26.1399	 3.62	157.69	0.041	  126.05	 99.41
 108.00	 107.06	 7.6754	33.5012	26.1454	 3.59	156.44	0.041	  126.05	 99.41
 109.00	 108.05	 7.6743	33.5047	26.1483	 3.57	155.31	0.041	  126.04	 99.41
 110.00	 109.04	 7.6753	33.5153	26.1565	 3.53	153.69	0.041	  125.99	 99.43
 111.00	 110.03	 7.6892	33.5295	26.1657	 3.49	151.80	0.041	  126.03	 99.44
 112.00	 111.03	 7.6808	33.5500	26.1830	 3.44	149.76	0.041	  125.98	 99.44
 113.00	 112.02	 7.6908	33.5705	26.1977	 3.40	147.76	0.041	  125.98	 99.46
 114.00	 113.01	 7.7039	33.5831	26.2057	 3.37	146.49	0.041	  126.01	 99.46
 115.00	 114.00	 7.7039	33.5877	26.2094	 3.33	144.81	0.041	  125.98	 99.46
 116.00	 114.99	 7.7118	33.6146	26.2294	 3.28	142.70	0.041	  125.94	 99.48
 117.00	 115.98	 7.7186	33.6370	26.2461	 3.25	141.22	0.041	  126.01	 99.49
 118.00	 116.97	 7.7181	33.6442	26.2518	 3.21	139.65	0.041	  125.99	 99.49
 119.00	 117.96	 7.7426	33.6581	26.2592	 3.17	137.81	0.041	  125.99	 99.50
 120.00	 118.95	 7.7519	33.6760	26.2720	 3.14	136.55	0.041	  126.00	 99.51
 121.00	 119.94	 7.7536	33.6794	26.2744	 3.12	135.65	0.041	  125.97	 99.51
 122.00	 120.94	 7.7541	33.6833	26.2774	 3.09	134.66	0.041	  125.98	 99.51
 123.00	 121.93	 7.7611	33.6910	26.2824	 3.08	133.89	0.041	  126.00	 99.53
 124.00	 122.92	 7.7643	33.6931	26.2837	 3.06	133.30	0.042	  125.99	 99.53
 125.00	 123.91	 7.7725	33.6954	26.2843	 3.06	132.99	0.041	  125.97	 99.54
 126.00	 124.90	 7.7693	33.6955	26.2848	 3.05	132.81	0.042	  125.93	 99.54
 127.00	 125.89	 7.7600	33.6978	26.2880	 3.04	132.50	0.041	  125.95	 99.54
 128.00	 126.88	 7.7138	33.7085	26.3031	 3.06	133.08	0.041	  125.97	 99.54
 129.00	 127.87	 7.6724	33.7247	26.3218	 3.05	132.54	0.041	  125.98	 99.54
 130.00	 128.86	 7.6892	33.7307	26.3241	 3.02	131.52	0.041	  125.96	 99.54
 131.00	 129.85	 7.7008	33.7368	26.3273	 3.01	130.87	0.041	  125.96	 99.54
 132.00	 130.85	 7.7024	33.7405	26.3299	 3.00	130.41	0.042	  125.92	 99.54
 133.00	 131.84	 7.6987	33.7442	26.3334	 2.99	129.90	0.042	  125.92	 99.55
 134.00	 132.83	 7.6973	33.7478	26.3364	 2.97	129.08	0.041	  125.93	 99.55
 135.00	 133.82	 7.7003	33.7546	26.3414	 2.95	128.17	0.042	  125.92	 99.55
 136.00	 134.81	 7.7044	33.7608	26.3456	 2.91	126.73	0.042	  125.92	 99.56
 137.00	 135.80	 7.7244	33.7754	26.3543	 2.88	125.18	0.041	  125.91	 99.56
 138.00	 136.79	 7.7387	33.7814	26.3569	 2.85	124.17	0.042	  125.91	 99.56
 139.00	 137.78	 7.7402	33.7824	26.3575	 2.83	123.28	0.041	  125.96	 99.56
 140.00	 138.77	 7.7539	33.7895	26.3611	 2.81	122.29	0.041	  125.90	 99.58
 141.00	 139.76	 7.7573	33.7919	26.3626	 2.78	121.13	0.042	  125.88	 99.58
 142.00	 140.75	 7.7627	33.8014	26.3693	 2.75	119.63	0.041	  125.92	 99.58
 143.00	 141.75	 7.7579	33.8186	26.3835	 2.73	118.78	0.041	  125.93	 99.58
 144.00	 142.74	 7.7523	33.8216	26.3866	 2.72	118.26	0.042	  125.95	 99.58
 145.00	 143.73	 7.7489	33.8226	26.3879	 2.71	117.81	0.042	  125.92	 99.59
 146.00	 144.72	 7.7461	33.8241	26.3895	 2.71	117.70	0.041	  125.95	 99.61
 147.00	 145.71	 7.7402	33.8244	26.3906	 2.70	117.61	0.042	  125.89	 99.61
 148.00	 146.70	 7.7297	33.8261	26.3935	 2.70	117.34	0.041	  125.92	 99.61
 149.00	 147.69	 7.7258	33.8289	26.3962	 2.69	117.17	0.042	  125.88	 99.61
 150.00	 148.68	 7.7242	33.8315	26.3985	 2.69	116.87	0.041	  125.89	 99.61
 151.00	 149.67	 7.7210	33.8350	26.4018	 2.67	116.21	0.041	  125.85	 99.61
 152.00	 150.66	 7.7056	33.8410	26.4087	 2.65	115.31	0.041	  125.89	 99.61
 153.00	 151.65	 7.6828	33.8474	26.4170	 2.63	114.33	0.041	  125.89	 99.61
 154.00	 152.64	 7.6602	33.8564	26.4274	 2.61	113.46	0.041	  125.87	 99.61
 155.00	 153.64	 7.6489	33.8617	26.4332	 2.59	112.76	0.041	  125.93	 99.62
 156.00	 154.63	 7.6464	33.8633	26.4348	 2.58	112.09	0.041	  125.87	 99.63
 157.00	 155.62	 7.6446	33.8651	26.4365	 2.56	111.37	0.041	  125.88	 99.63
 158.00	 156.61	 7.6370	33.8717	26.4428	 2.54	110.50	0.041	  125.86	 99.63
 159.00	 157.60	 7.6286	33.8807	26.4511	 2.52	109.79	0.041	  125.87	 99.63
 160.00	 158.59	 7.6135	33.8900	26.4606	 2.51	109.31	0.041	  125.84	 99.63
 161.00	 159.58	 7.5748	33.8926	26.4682	 2.51	109.05	0.041	  125.91	 99.63
 162.00	 160.57	 7.5455	33.8966	26.4755	 2.51	109.00	0.041	  125.91	 99.64
 163.00	 161.56	 7.5485	33.8972	26.4756	 2.50	108.56	0.041	  125.85	 99.65
 164.00	 162.55	 7.5305	33.8992	26.4797	 2.49	108.29	0.041	  126.01	 99.65
 165.00	 163.54	 7.5043	33.8989	26.4832	 2.48	108.10	0.041	  125.86	 99.66
 166.00	 164.53	 7.4678	33.9040	26.4924	 2.48	107.93	0.041	  125.87	 99.66
 167.00	 165.53	 7.4567	33.9074	26.4967	 2.47	107.62	0.041	  125.90	 99.66
 168.00	 166.52	 7.4502	33.9099	26.4996	 2.47	107.30	0.041	  125.91	 99.66
 169.00	 167.51	 7.4480	33.9109	26.5007	 2.46	106.85	0.041	  125.90	 99.66
 170.00	 168.50	 7.4413	33.9113	26.5020	 2.46	107.11	0.041	  125.90	 99.66
 171.00	 169.49	 7.4177	33.9116	26.5055	 2.47	107.64	0.041	  125.88	 99.66
 172.00	 170.48	 7.4092	33.9119	26.5070	 2.48	107.88	0.041	  125.85	 99.66
 173.00	 171.47	 7.4029	33.9119	26.5079	 2.48	108.01	0.041	  125.94	 99.66
 174.00	 172.46	 7.3960	33.9133	26.5100	 2.48	107.84	0.041	  125.87	 99.66
 175.00	 173.45	 7.3949	33.9136	26.5104	 2.46	107.03	0.041	  125.85	 99.66
 176.00	 174.44	 7.3640	33.9191	26.5191	 2.45	106.42	0.041	  125.86	 99.66
 177.00	 175.43	 7.3371	33.9232	26.5261	 2.44	106.06	0.041	  125.83	 99.66
 178.00	 176.42	 7.3336	33.9235	26.5269	 2.43	105.87	0.041	  125.85	 99.66
 179.00	 177.41	 7.3249	33.9239	26.5284	 2.43	105.73	0.041	  125.85	 99.66
 180.00	 178.40	 7.3081	33.9247	26.5314	 2.43	105.54	0.041	  125.81	 99.67
 181.00	 179.40	 7.2868	33.9276	26.5367	 2.41	105.04	0.041	  125.83	 99.67
 182.00	 180.39	 7.2604	33.9291	26.5416	 2.40	104.39	0.041	  125.84	 99.67
 183.00	 181.38	 7.2374	33.9313	26.5465	 2.38	103.59	0.041	  125.80	 99.67
 184.00	 182.37	 7.2345	33.9319	26.5474	 2.36	102.69	0.041	  125.89	 99.68
 185.00	 183.36	 7.2340	33.9324	26.5479	 2.35	102.34	0.041	  125.81	 99.68
 186.00	 184.35	 7.2294	33.9337	26.5496	 2.35	102.19	0.041	  125.87	 99.68
 187.00	 185.34	 7.2254	33.9340	26.5504	 2.34	101.93	0.041	  125.81	 99.68
 188.00	 186.33	 7.2199	33.9342	26.5513	 2.34	101.79	0.041	  125.86	 99.68
 189.00	 187.32	 7.2171	33.9343	26.5517	 2.34	101.80	0.041	  125.82	 99.68
 190.00	 188.31	 7.2017	33.9330	26.5529	 2.34	101.93	0.041	  125.84	 99.68
 191.00	 189.30	 7.1809	33.9326	26.5554	 2.34	101.86	0.041	  125.80	 99.68
 192.00	 190.29	 7.1836	33.9358	26.5576	 2.33	101.53	0.041	  125.79	 99.68
 193.00	 191.28	 7.1755	33.9379	26.5604	 2.33	101.19	0.041	  125.76	 99.68
 194.00	 192.27	 7.1713	33.9386	26.5615	 2.32	100.99	0.041	  125.85	 99.68
 195.00	 193.26	 7.1701	33.9386	26.5618	 2.32	100.84	0.041	  125.83	 99.68
 196.00	 194.26	 7.1705	33.9388	26.5618	 2.31	100.68	0.041	  125.80	 99.68
 197.00	 195.25	 7.1693	33.9390	26.5622	 2.31	100.56	0.041	  125.76	 99.69
 198.00	 196.24	 7.1658	33.9386	26.5624	 2.31	100.34	0.042	  125.76	 99.69
 199.00	 197.23	 7.1534	33.9384	26.5640	 2.30	100.08	0.041	  125.84	 99.69
 200.00	 198.22	 7.1450	33.9382	26.5650	 2.29	 99.58	0.041	  125.79	 99.69
 201.00	 199.21	 7.1029	33.9400	26.5722	 2.28	 99.23	0.041	  125.77	 99.69
 202.00	 200.20	 7.0757	33.9438	26.5789	 2.27	 98.90	0.041	  125.80	 99.70
 203.00	 201.19	 7.0694	33.9445	26.5804	 2.27	 98.54	0.041	  125.75	 99.70
 204.00	 202.18	 7.0691	33.9452	26.5809	 2.26	 98.25	0.041	  125.78	 99.71
 205.00	 203.17	 7.0714	33.9451	26.5806	 2.25	 98.00	0.041	  125.76	 99.71
 206.00	 204.16	 7.0715	33.9456	26.5810	 2.25	 97.68	0.042	  125.73	 99.71
 207.00	 205.15	 7.0708	33.9468	26.5820	 2.24	 97.46	0.042	  125.81	 99.71
 208.00	 206.14	 7.0701	33.9479	26.5830	 2.24	 97.35	0.041	  125.77	 99.71
 209.00	 207.13	 7.0700	33.9479	26.5830	 2.24	 97.39	0.041	  125.77	 99.71
 210.00	 208.12	 7.0703	33.9478	26.5829	 2.24	 97.28	0.041	  125.81	 99.71
 211.00	 209.11	 7.0707	33.9478	26.5829	 2.24	 97.33	0.041	  125.80	 99.71
 212.00	 210.10	 7.0711	33.9482	26.5831	 2.23	 97.15	0.041	  125.76	 99.71
 213.00	 211.10	 7.0714	33.9478	26.5828	 2.23	 97.07	0.041	  125.83	 99.71
 214.00	 212.09	 7.0709	33.9478	26.5829	 2.23	 97.07	0.042	  125.78	 99.71
 215.00	 213.08	 7.0679	33.9481	26.5836	 2.23	 97.08	0.042	  125.75	 99.71
 216.00	 214.07	 7.0677	33.9482	26.5837	 2.23	 97.02	0.041	  125.77	 99.71
 217.00	 215.06	 7.0599	33.9487	26.5851	 2.23	 96.91	0.041	  125.74	 99.71
 218.00	 216.05	 7.0542	33.9489	26.5861	 2.22	 96.66	0.041	  125.76	 99.71
 219.00	 217.04	 7.0493	33.9491	26.5869	 2.22	 96.39	0.041	  125.77	 99.71
 220.00	 218.03	 7.0382	33.9497	26.5889	 2.21	 96.29	0.041	  125.80	 99.71
 221.00	 219.02	 7.0319	33.9501	26.5902	 2.21	 96.20	0.041	  125.77	 99.71
 222.00	 220.01	 7.0306	33.9504	26.5906	 2.21	 96.05	0.041	  125.72	 99.71
 223.00	 221.00	 7.0344	33.9503	26.5900	 2.20	 95.91	0.041	  125.74	 99.71
 224.00	 221.99	 7.0224	33.9503	26.5916	 2.20	 95.84	0.041	  125.75	 99.72
 225.00	 222.98	 7.0117	33.9516	26.5941	 2.20	 95.53	0.041	  125.81	 99.71
 226.00	 223.97	 7.0005	33.9513	26.5955	 2.19	 95.27	0.041	  125.72	 99.72
 227.00	 224.96	 6.9729	33.9520	26.5998	 2.18	 94.93	0.041	  125.76	 99.72
 228.00	 225.95	 6.9519	33.9529	26.6033	 2.18	 94.81	0.041	  125.74	 99.72
 229.00	 226.94	 6.9247	33.9522	26.6065	 2.18	 94.66	0.041	  125.76	 99.72
 230.00	 227.93	 6.8917	33.9524	26.6111	 2.17	 94.44	0.041	  125.75	 99.72
 231.00	 228.92	 6.8589	33.9525	26.6157	 2.16	 94.11	0.041	  125.79	 99.72
 232.00	 229.91	 6.8371	33.9523	26.6184	 2.14	 93.21	0.041	  125.70	 99.72
 233.00	 230.91	 6.7822	33.9551	26.6280	 2.12	 92.22	0.041	  125.76	 99.73
 234.00	 231.90	 6.7580	33.9583	26.6339	 2.10	 91.48	0.041	  125.80	 99.73
 235.00	 232.89	 6.7490	33.9591	26.6357	 2.09	 90.85	0.041	  125.79	 99.73
 236.00	 233.88	 6.7424	33.9595	26.6369	 2.08	 90.41	0.041	  125.75	 99.73
 237.00	 234.87	 6.7358	33.9600	26.6382	 2.07	 89.86	0.041	  125.78	 99.73
 238.00	 235.86	 6.7187	33.9594	26.6399	 2.05	 89.23	0.041	  125.80	 99.73
 239.00	 236.85	 6.6824	33.9600	26.6453	 2.04	 88.68	0.041	  125.78	 99.73
 240.00	 237.84	 6.6275	33.9609	26.6533	 2.02	 88.08	0.041	  125.79	 99.74
 241.00	 238.83	 6.5979	33.9621	26.6582	 2.01	 87.47	0.041	  125.81	 99.74
 242.00	 239.82	 6.5867	33.9628	26.6602	 1.99	 86.74	0.041	  125.81	 99.75
 243.00	 240.81	 6.5787	33.9627	26.6612	 1.97	 85.86	0.041	  125.71	 99.75
 244.00	 241.80	 6.5651	33.9617	26.6622	 1.95	 84.91	0.041	  125.81	 99.76
 245.00	 242.79	 6.5250	33.9617	26.6675	 1.94	 84.22	0.041	  125.79	 99.76
 246.00	 243.78	 6.4919	33.9655	26.6749	 1.92	 83.60	0.041	  125.81	 99.76
 247.00	 244.77	 6.4865	33.9658	26.6758	 1.91	 83.12	0.041	  125.78	 99.76
 248.00	 245.76	 6.4848	33.9660	26.6762	 1.89	 82.33	0.041	  125.73	 99.76
 249.00	 246.75	 6.4729	33.9673	26.6787	 1.87	 81.42	0.041	  125.84	 99.77
 250.00	 247.74	 6.4595	33.9689	26.6818	 1.85	 80.66	0.041	  125.81	 99.77
 251.00	 248.73	 6.4501	33.9712	26.6849	 1.84	 80.20	0.041	  125.79	 99.78
 252.00	 249.72	 6.4495	33.9715	26.6852	 1.84	 79.90	0.041	  125.73	 99.78
 253.00	 250.71	 6.4487	33.9719	26.6856	 1.83	 79.73	0.041	  125.76	 99.78
 254.00	 251.70	 6.4476	33.9722	26.6860	 1.83	 79.56	0.041	  125.75	 99.78
 255.00	 252.69	 6.4469	33.9723	26.6862	 1.82	 79.35	0.041	  125.80	 99.78
 256.00	 253.68	 6.4464	33.9725	26.6864	 1.82	 79.14	0.041	  125.79	 99.78
 257.00	 254.67	 6.4443	33.9730	26.6871	 1.81	 78.87	0.041	  125.74	 99.78
 258.00	 255.67	 6.4396	33.9741	26.6886	 1.80	 78.49	0.041	  125.78	 99.78
 259.00	 256.66	 6.4323	33.9749	26.6902	 1.79	 78.08	0.042	  125.76	 99.78
 260.00	 257.65	 6.4211	33.9775	26.6937	 1.79	 77.68	0.041	  125.79	 99.78
 261.00	 258.64	 6.4134	33.9779	26.6951	 1.78	 77.34	0.041	  125.79	 99.79
 262.00	 259.63	 6.3930	33.9778	26.6976	 1.77	 76.87	0.041	  125.77	 99.78
 263.00	 260.62	 6.3823	33.9777	26.6990	 1.76	 76.39	0.041	  125.79	 99.78
 264.00	 261.61	 6.3595	33.9764	26.7009	 1.75	 75.94	0.041	  125.75	 99.78
 265.00	 262.60	 6.3058	33.9789	26.7098	 1.74	 75.51	0.041	  125.75	 99.79
 266.00	 263.59	 6.2818	33.9813	26.7147	 1.73	 75.18	0.041	  125.80	 99.79
 267.00	 264.58	 6.2769	33.9816	26.7156	 1.72	 74.72	0.041	  125.78	 99.79
 268.00	 265.57	 6.2731	33.9815	26.7161	 1.71	 74.49	0.042	  125.80	 99.80
 269.00	 266.56	 6.2644	33.9819	26.7175	 1.71	 74.29	0.041	  125.78	 99.80
 270.00	 267.55	 6.2603	33.9819	26.7180	 1.71	 74.28	0.041	  125.78	 99.80
 271.00	 268.54	 6.2591	33.9819	26.7182	 1.71	 74.22	0.041	  125.77	 99.80
 272.00	 269.53	 6.2585	33.9819	26.7183	 1.71	 74.18	0.042	  125.79	 99.80
 273.00	 270.52	 6.2566	33.9820	26.7186	 1.70	 74.06	0.042	  125.81	 99.80
 274.00	 271.51	 6.2544	33.9820	26.7189	 1.70	 73.92	0.041	  125.78	 99.80
 275.00	 272.50	 6.2461	33.9820	26.7200	 1.69	 73.67	0.041	  125.77	 99.80
 276.00	 273.49	 6.2255	33.9822	26.7228	 1.69	 73.46	0.041	  125.81	 99.80
 277.00	 274.48	 6.2099	33.9831	26.7255	 1.68	 73.28	0.041	  125.80	 99.80
 278.00	 275.47	 6.2076	33.9833	26.7259	 1.68	 73.18	0.042	  125.82	 99.80
 279.00	 276.46	 6.2047	33.9832	26.7263	 1.68	 72.90	0.042	  125.71	 99.80
 280.00	 277.45	 6.1956	33.9835	26.7277	 1.67	 72.69	0.041	  125.77	 99.81
 281.00	 278.44	 6.1865	33.9841	26.7294	 1.67	 72.59	0.041	  125.79	 99.81
 282.00	 279.43	 6.1841	33.9842	26.7297	 1.67	 72.43	0.041	  125.80	 99.80
 283.00	 280.42	 6.1796	33.9844	26.7304	 1.66	 72.29	0.041	  125.76	 99.81
 284.00	 281.41	 6.1781	33.9844	26.7306	 1.66	 72.16	0.041	  125.78	 99.81
 285.00	 282.40	 6.1734	33.9846	26.7315	 1.65	 71.82	0.042	  125.75	 99.81
 286.00	 283.39	 6.1687	33.9855	26.7327	 1.64	 71.43	0.041	  125.73	 99.82
 287.00	 284.38	 6.1658	33.9863	26.7338	 1.63	 70.88	0.041	  125.81	 99.81
 288.00	 285.37	 6.1572	33.9884	26.7365	 1.62	 70.30	0.041	  125.73	 99.81
 289.00	 286.36	 6.1484	33.9904	26.7392	 1.60	 69.72	0.041	  125.75	 99.82
 290.00	 287.35	 6.1404	33.9918	26.7413	 1.59	 69.17	0.041	  125.77	 99.82
 291.00	 288.34	 6.1350	33.9924	26.7426	 1.58	 68.70	0.041	  125.77	 99.83
 292.00	 289.33	 6.1179	33.9939	26.7459	 1.57	 68.22	0.041	  125.74	 99.83
 293.00	 290.32	 6.1055	33.9953	26.7486	 1.56	 67.89	0.041	  125.77	 99.83
 294.00	 291.31	 6.1000	33.9957	26.7496	 1.56	 67.67	0.041	  125.73	 99.83
 295.00	 292.30	 6.0978	33.9957	26.7499	 1.55	 67.45	0.042	  125.74	 99.83
 296.00	 293.29	 6.0916	33.9959	26.7508	 1.55	 67.22	0.042	  125.73	 99.83
 297.00	 294.28	 6.0886	33.9962	26.7515	 1.54	 67.08	0.041	  125.72	 99.83
 298.00	 295.27	 6.0881	33.9963	26.7516	 1.54	 66.99	0.041	  125.73	 99.83
 299.00	 296.26	 6.0867	33.9964	26.7519	 1.54	 66.89	0.041	  125.77	 99.83
 300.00	 297.25	 6.0839	33.9966	26.7524	 1.53	 66.70	0.041	  125.78	 99.83
 301.00	 298.25	 6.0808	33.9957	26.7522	 1.53	 66.48	0.041	  125.72	 99.83
 302.00	 299.24	 6.0481	33.9974	26.7576	 1.52	 66.23	0.041	  125.77	 99.83
 303.00	 300.23	 6.0417	33.9975	26.7585	 1.52	 66.07	0.041	  125.74	 99.83
 304.00	 301.22	 6.0255	33.9984	26.7612	 1.52	 65.93	0.041	  125.77	 99.83
 305.00	 302.21	 6.0204	33.9990	26.7624	 1.51	 65.83	0.041	  125.76	 99.83
 306.00	 303.20	 6.0169	33.9993	26.7631	 1.51	 65.63	0.041	  125.76	 99.84
 307.00	 304.19	 6.0132	33.9994	26.7636	 1.51	 65.52	0.041	  125.78	 99.83
 308.00	 305.18	 6.0037	34.0016	26.7665	 1.50	 65.28	0.042	  125.76	 99.84
 309.00	 306.17	 5.9994	34.0023	26.7677	 1.50	 65.14	0.042	  125.75	 99.84
 310.00	 307.16	 5.9938	34.0033	26.7692	 1.49	 64.96	0.041	  125.74	 99.84
 311.00	 308.15	 5.9918	34.0035	26.7696	 1.49	 64.80	0.041	  125.71	 99.84
 312.00	 309.14	 5.9905	34.0037	26.7699	 1.48	 64.58	0.041	  125.77	 99.84
 313.00	 310.13	 5.9895	34.0039	26.7702	 1.48	 64.48	0.041	  125.73	 99.84
 314.00	 311.12	 5.9888	34.0040	26.7704	 1.48	 64.32	0.041	  125.80	 99.84
 315.00	 312.11	 5.9874	34.0044	26.7709	 1.48	 64.28	0.041	  125.69	 99.85
 316.00	 313.10	 5.9857	34.0046	26.7713	 1.48	 64.24	0.041	  125.75	 99.84
 317.00	 314.09	 5.9835	34.0051	26.7719	 1.48	 64.18	0.041	  125.69	 99.84
 318.00	 315.08	 5.9814	34.0052	26.7723	 1.47	 63.91	0.041	  125.70	 99.85
 319.00	 316.07	 5.9741	34.0053	26.7733	 1.47	 63.76	0.041	  125.67	 99.85
 320.00	 317.06	 5.9669	34.0058	26.7746	 1.46	 63.58	0.042	  125.75	 99.85
 321.00	 318.05	 5.9658	34.0061	26.7750	 1.46	 63.55	0.042	  125.69	 99.85
 322.00	 319.04	 5.9618	34.0063	26.7756	 1.46	 63.41	0.041	  125.72	 99.85
 323.00	 320.03	 5.9590	34.0065	26.7761	 1.45	 63.28	0.041	  125.70	 99.85
 324.00	 321.02	 5.9564	34.0067	26.7766	 1.45	 63.17	0.041	  125.71	 99.85
 325.00	 322.01	 5.9525	34.0070	26.7774	 1.45	 62.95	0.041	  125.68	 99.85
 326.00	 323.00	 5.9493	34.0071	26.7779	 1.44	 62.81	0.041	  125.74	 99.85
 327.00	 323.99	 5.9435	34.0073	26.7788	 1.44	 62.65	0.042	  125.67	 99.85
 328.00	 324.98	 5.9343	34.0082	26.7806	 1.44	 62.55	0.041	  125.73	 99.85
 329.00	 325.97	 5.9320	34.0084	26.7811	 1.44	 62.45	0.041	  125.71	 99.85
 330.00	 326.96	 5.9277	34.0085	26.7817	 1.43	 62.36	0.041	  125.63	 99.85
 331.00	 327.95	 5.9257	34.0087	26.7821	 1.43	 62.23	0.041	  125.64	 99.85
 332.00	 328.94	 5.9228	34.0085	26.7823	 1.43	 62.10	0.041	  125.62	 99.85
 333.00	 329.93	 5.9179	34.0086	26.7831	 1.42	 61.79	0.041	  125.67	 99.85
 334.00	 330.92	 5.8979	34.0091	26.7859	 1.41	 61.53	0.041	  125.67	 99.85
 335.00	 331.91	 5.8843	34.0104	26.7887	 1.41	 61.17	0.042	  125.67	 99.85
 336.00	 332.90	 5.8778	34.0108	26.7898	 1.40	 60.91	0.041	  125.66	 99.85
 337.00	 333.89	 5.8716	34.0112	26.7908	 1.39	 60.60	0.041	  125.68	 99.85
 338.00	 334.88	 5.8659	34.0118	26.7921	 1.39	 60.39	0.041	  125.64	 99.85
 339.00	 335.87	 5.8585	34.0121	26.7933	 1.38	 60.14	0.041	  125.71	 99.85
 340.00	 336.86	 5.8521	34.0127	26.7945	 1.38	 59.91	0.042	  125.68	 99.85
 341.00	 337.85	 5.8443	34.0135	26.7961	 1.37	 59.61	0.041	  125.67	 99.85
 342.00	 338.84	 5.8403	34.0138	26.7968	 1.37	 59.48	0.041	  125.59	 99.85
 343.00	 339.83	 5.8290	34.0145	26.7988	 1.37	 59.40	0.041	  125.69	 99.87
 344.00	 340.82	 5.8237	34.0140	26.7991	 1.37	 59.41	0.041	  125.62	 99.86
 345.00	 341.81	 5.8164	34.0141	26.8000	 1.36	 59.33	0.042	  125.60	 99.86
 346.00	 342.80	 5.8145	34.0141	26.8003	 1.36	 59.25	0.041	  125.65	 99.86
 347.00	 343.79	 5.8127	34.0143	26.8007	 1.36	 59.18	0.041	  125.62	 99.87
 348.00	 344.78	 5.8124	34.0144	26.8009	 1.36	 59.10	0.041	  125.60	 99.86
 349.00	 345.77	 5.8113	34.0145	26.8011	 1.36	 58.97	0.041	  125.61	 99.87
 350.00	 346.76	 5.8024	34.0141	26.8018	 1.35	 58.83	0.041	  125.64	 99.87
 351.00	 347.75	 5.7866	34.0151	26.8046	 1.35	 58.57	0.041	  125.57	 99.87
 352.00	 348.74	 5.7661	34.0177	26.8092	 1.34	 58.36	0.041	  125.59	 99.87
 353.00	 349.73	 5.7596	34.0185	26.8106	 1.34	 58.17	0.041	  125.53	 99.87
 354.00	 350.72	 5.7580	34.0189	26.8111	 1.33	 57.98	0.041	  125.60	 99.86
 355.00	 351.70	 5.7562	34.0191	26.8115	 1.33	 57.87	0.041	  125.54	 99.87
 356.00	 352.69	 5.7558	34.0192	26.8116	 1.33	 57.76	0.042	  125.54	 99.87
 357.00	 353.68	 5.7552	34.0193	26.8118	 1.32	 57.61	0.041	  125.64	 99.87
 358.00	 354.67	 5.7547	34.0193	26.8119	 1.32	 57.47	0.041	  125.56	 99.87
 359.00	 355.66	 5.7514	34.0196	26.8125	 1.32	 57.39	0.041	  125.55	 99.88
 360.00	 356.65	 5.7500	34.0199	26.8130	 1.32	 57.25	0.041	  125.55	 99.88
 361.00	 357.64	 5.7472	34.0201	26.8135	 1.31	 57.05	0.041	  125.59	 99.88
 362.00	 358.63	 5.7393	34.0210	26.8151	 1.31	 56.82	0.041	  125.54	 99.88
 363.00	 359.62	 5.7317	34.0220	26.8169	 1.30	 56.69	0.041	  125.57	 99.88
 364.00	 360.61	 5.7265	34.0222	26.8177	 1.30	 56.46	0.041	  125.54	 99.88
 365.00	 361.60	 5.7197	34.0231	26.8193	 1.30	 56.35	0.041	  125.55	 99.88
 366.00	 362.59	 5.7157	34.0236	26.8201	 1.29	 56.10	0.041	  125.53	 99.88
 367.00	 363.58	 5.7060	34.0240	26.8217	 1.28	 55.87	0.042	  125.58	 99.88
 368.00	 364.57	 5.6914	34.0239	26.8233	 1.28	 55.62	0.042	  125.54	 99.88
 369.00	 365.56	 5.6767	34.0253	26.8262	 1.28	 55.51	0.041	  125.59	 99.88
 370.00	 366.55	 5.6668	34.0251	26.8273	 1.27	 55.31	0.041	  125.59	 99.88
 371.00	 367.54	 5.6540	34.0262	26.8297	 1.27	 55.03	0.041	  125.52	 99.88
 372.00	 368.53	 5.6490	34.0270	26.8310	 1.25	 54.54	0.041	  125.56	 99.88
 373.00	 369.52	 5.6445	34.0297	26.8337	 1.24	 54.08	0.042	  125.60	 99.88
 374.00	 370.51	 5.6437	34.0305	26.8345	 1.24	 53.74	0.041	  125.51	 99.88
 375.00	 371.50	 5.6387	34.0308	26.8353	 1.23	 53.42	0.040	  125.55	 99.88
 376.00	 372.49	 5.6321	34.0318	26.8369	 1.23	 53.30	0.041	  125.55	 99.88
 377.00	 373.48	 5.6317	34.0320	26.8371	 1.22	 53.15	0.041	  125.50	 99.88
 378.00	 374.47	 5.6304	34.0321	26.8374	 1.22	 53.08	0.041	  125.49	 99.88
 379.00	 375.46	 5.6293	34.0320	26.8374	 1.22	 52.93	0.041	  125.50	 99.88
 380.00	 376.45	 5.6289	34.0321	26.8375	 1.22	 52.88	0.041	  125.50	 99.88
 381.00	 377.44	 5.6284	34.0324	26.8379	 1.21	 52.73	0.041	  125.53	 99.89
 382.00	 378.43	 5.6278	34.0324	26.8380	 1.21	 52.71	0.042	  125.50	 99.89
 383.00	 379.42	 5.6268	34.0326	26.8382	 1.21	 52.48	0.042	  125.51	 99.89
 384.00	 380.41	 5.6226	34.0328	26.8389	 1.20	 52.33	0.042	  125.47	 99.89
 385.00	 381.40	 5.6115	34.0328	26.8403	 1.20	 52.12	0.041	  125.49	 99.89
 386.00	 382.39	 5.5865	34.0347	26.8448	 1.20	 52.01	0.042	  125.48	 99.89
 387.00	 383.38	 5.5764	34.0349	26.8461	 1.19	 51.89	0.041	  125.50	 99.89
 388.00	 384.37	 5.5669	34.0352	26.8475	 1.19	 51.77	0.040	  125.53	 99.89
 389.00	 385.36	 5.5622	34.0354	26.8483	 1.19	 51.61	0.041	  125.50	 99.89
 390.00	 386.35	 5.5598	34.0356	26.8487	 1.19	 51.58	0.041	  125.50	 99.89
 391.00	 387.34	 5.5560	34.0356	26.8492	 1.18	 51.54	0.041	  125.51	 99.89
 392.00	 388.33	 5.5530	34.0357	26.8497	 1.18	 51.50	0.041	  125.51	 99.89
 393.00	 389.32	 5.5495	34.0359	26.8502	 1.18	 51.50	0.042	  125.48	 99.89
 394.00	 390.31	 5.5470	34.0362	26.8508	 1.18	 51.41	0.041	  125.51	 99.90
 395.00	 391.30	 5.5476	34.0362	26.8507	 1.18	 51.31	0.042	  125.51	 99.90
 396.00	 392.29	 5.5431	34.0360	26.8511	 1.17	 51.00	0.041	  125.51	 99.89
 397.00	 393.28	 5.5239	34.0374	26.8545	 1.17	 50.77	0.042	  125.54	 99.90
 398.00	 394.26	 5.5133	34.0386	26.8568	 1.16	 50.51	0.041	  125.53	 99.90
 399.00	 395.25	 5.5075	34.0396	26.8583	 1.16	 50.37	0.041	  125.56	 99.90
 400.00	 396.24	 5.5039	34.0403	26.8593	 1.15	 50.17	0.041	  125.54	 99.90
 401.00	 397.23	 5.4995	34.0408	26.8602	 1.15	 49.96	0.041	  125.52	 99.90
 402.00	 398.22	 5.4952	34.0415	26.8612	 1.14	 49.77	0.041	  125.54	 99.90
 403.00	 399.21	 5.4941	34.0417	26.8616	 1.14	 49.63	0.041	  125.47	 99.90
 404.00	 400.20	 5.4923	34.0418	26.8618	 1.14	 49.43	0.041	  125.55	 99.90
 405.00	 401.19	 5.4839	34.0427	26.8636	 1.14	 49.36	0.041	  125.52	 99.90
 406.00	 402.18	 5.4806	34.0431	26.8643	 1.13	 49.27	0.041	  125.59	 99.90
 407.00	 403.17	 5.4752	34.0431	26.8650	 1.13	 49.29	0.041	  125.47	 99.90
 408.00	 404.16	 5.4598	34.0413	26.8654	 1.13	 49.31	0.041	  125.47	 99.90
 409.00	 405.15	 5.4431	34.0417	26.8677	 1.13	 49.24	0.041	  125.53	 99.90
 410.00	 406.14	 5.4402	34.0417	26.8680	 1.13	 49.18	0.041	  125.50	 99.90
 411.00	 407.13	 5.4384	34.0417	26.8683	 1.13	 49.16	0.041	  125.52	 99.90
 412.00	 408.12	 5.4325	34.0419	26.8692	 1.13	 49.05	0.041	  125.50	 99.90
 413.00	 409.11	 5.4238	34.0421	26.8704	 1.12	 48.91	0.041	  125.50	 99.90
 414.00	 410.10	 5.4139	34.0425	26.8718	 1.12	 48.82	0.042	  125.51	 99.90
 415.00	 411.09	 5.4124	34.0427	26.8722	 1.12	 48.82	0.041	  125.47	 99.90
 416.00	 412.08	 5.4122	34.0429	26.8724	 1.12	 48.71	0.041	  125.54	 99.90
 417.00	 413.07	 5.4118	34.0430	26.8725	 1.12	 48.61	0.041	  125.52	 99.90
 418.00	 414.06	 5.4108	34.0434	26.8730	 1.11	 48.47	0.041	  125.44	 99.90
 419.00	 415.05	 5.4092	34.0442	26.8738	 1.11	 48.29	0.041	  125.47	 99.90
 420.00	 416.04	 5.4059	34.0446	26.8745	 1.11	 48.16	0.041	  125.45	 99.90
 421.00	 417.03	 5.4005	34.0450	26.8754	 1.11	 48.09	0.041	  125.49	 99.90
 422.00	 418.02	 5.3951	34.0454	26.8764	 1.10	 47.94	0.041	  125.46	 99.90
 423.00	 419.01	 5.3874	34.0459	26.8777	 1.10	 47.66	0.041	  125.46	 99.90
 424.00	 419.99	 5.3779	34.0471	26.8799	 1.09	 47.38	0.041	  125.44	 99.91
 425.00	 420.98	 5.3663	34.0479	26.8818	 1.09	 47.22	0.041	  125.50	 99.90
 426.00	 421.97	 5.3565	34.0496	26.8843	 1.08	 46.95	0.041	  125.41	 99.90
 427.00	 422.96	 5.3505	34.0497	26.8851	 1.08	 46.76	0.041	  125.41	 99.90
 428.00	 423.95	 5.3478	34.0503	26.8860	 1.07	 46.55	0.042	  125.40	 99.90
 429.00	 424.94	 5.3459	34.0510	26.8867	 1.07	 46.36	0.041	  125.42	 99.90
 430.00	 425.93	 5.3445	34.0515	26.8873	 1.06	 46.27	0.041	  125.53	 99.91
 431.00	 426.92	 5.3433	34.0516	26.8875	 1.06	 46.14	0.041	  125.45	 99.90
 432.00	 427.91	 5.3413	34.0519	26.8880	 1.06	 46.01	0.041	  125.43	 99.92
 433.00	 428.90	 5.3411	34.0525	26.8886	 1.05	 45.80	0.041	  125.42	 99.92
 434.00	 429.89	 5.3443	34.0540	26.8894	 1.05	 45.58	0.041	  125.45	 99.91
 435.00	 430.88	 5.3498	34.0556	26.8900	 1.04	 45.44	0.041	  125.40	 99.91
 436.00	 431.87	 5.3490	34.0561	26.8905	 1.04	 45.29	0.042	  125.42	 99.92
 437.00	 432.86	 5.3444	34.0563	26.8912	 1.04	 45.16	0.041	  125.35	 99.92
 438.00	 433.85	 5.3395	34.0569	26.8923	 1.04	 45.06	0.041	  125.44	 99.92
 439.00	 434.84	 5.3371	34.0579	26.8933	 1.03	 44.86	0.041	  125.43	 99.92
 440.00	 435.83	 5.3368	34.0581	26.8935	 1.03	 44.67	0.041	  125.38	 99.92
 441.00	 436.82	 5.3359	34.0589	26.8943	 1.02	 44.42	0.041	  125.34	 99.93
 442.00	 437.81	 5.3294	34.0597	26.8957	 1.02	 44.24	0.041	  125.44	 99.92
 443.00	 438.80	 5.3231	34.0607	26.8973	 1.01	 44.06	0.041	  125.34	 99.92
 444.00	 439.78	 5.3217	34.0612	26.8978	 1.01	 43.85	0.042	  125.42	 99.93
 445.00	 440.77	 5.3173	34.0612	26.8984	 1.00	 43.61	0.042	  125.32	 99.93
 446.00	 441.76	 5.3184	34.0641	26.9005	 1.00	 43.28	0.041	  125.37	 99.92
 447.00	 442.75	 5.3151	34.0665	26.9028	 0.99	 43.03	0.041	  125.38	 99.93
 448.00	 443.74	 5.3102	34.0672	26.9040	 0.98	 42.69	0.041	  125.38	 99.93
 449.00	 444.73	 5.3013	34.0678	26.9054	 0.98	 42.55	0.042	  125.34	 99.93
 450.00	 445.72	 5.2953	34.0678	26.9061	 0.98	 42.42	0.041	  125.36	 99.93
 451.00	 446.71	 5.2894	34.0682	26.9072	 0.97	 42.34	0.041	  125.34	 99.93
 452.00	 447.70	 5.2886	34.0682	26.9073	 0.97	 42.29	0.041	  125.30	 99.93
 453.00	 448.69	 5.2871	34.0678	26.9072	 0.97	 42.14	0.041	  125.36	 99.93
 454.00	 449.68	 5.2669	34.0685	26.9101	 0.97	 42.01	0.042	  125.33	 99.93
 455.00	 450.67	 5.2538	34.0685	26.9116	 0.96	 41.82	0.041	  125.34	 99.93
 456.00	 451.66	 5.2481	34.0697	26.9133	 0.96	 41.57	0.041	  125.39	 99.93
 457.00	 452.65	 5.2467	34.0711	26.9145	 0.95	 41.34	0.041	  125.35	 99.93
 458.00	 453.64	 5.2487	34.0719	26.9149	 0.95	 41.16	0.042	  125.33	 99.93
 459.00	 454.63	 5.2520	34.0729	26.9153	 0.94	 40.92	0.041	  125.29	 99.93
 460.00	 455.62	 5.2554	34.0745	26.9162	 0.94	 40.81	0.041	  125.37	 99.93
 461.00	 456.60	 5.2379	34.0732	26.9172	 0.94	 40.85	0.041	  125.32	 99.93
 462.00	 457.59	 5.2289	34.0726	26.9179	 0.94	 40.83	0.041	  125.35	 99.93
 463.00	 458.58	 5.2131	34.0720	26.9192	 0.94	 40.72	0.041	  125.32	 99.93
 464.00	 459.57	 5.2004	34.0717	26.9204	 0.93	 40.54	0.041	  125.34	 99.93
 465.00	 460.56	 5.1995	34.0740	26.9224	 0.93	 40.34	0.041	  125.32	 99.93
 466.00	 461.55	 5.2011	34.0750	26.9230	 0.92	 39.97	0.042	  125.30	 99.93
 467.00	 462.54	 5.2042	34.0767	26.9240	 0.91	 39.57	0.041	  125.32	 99.93
 468.00	 463.53	 5.2292	34.0816	26.9250	 0.90	 38.95	0.041	  125.29	 99.93
 469.00	 464.52	 5.2335	34.0857	26.9278	 0.88	 38.36	0.041	  125.31	 99.93
 470.00	 465.51	 5.2340	34.0872	26.9289	 0.87	 38.00	0.042	  125.32	 99.93
 471.00	 466.50	 5.2349	34.0879	26.9294	 0.87	 37.70	0.041	  125.28	 99.93
 472.00	 467.49	 5.2331	34.0881	26.9298	 0.86	 37.48	0.041	  125.29	 99.94
 473.00	 468.48	 5.2341	34.0894	26.9307	 0.86	 37.27	0.041	  125.27	 99.94
 474.00	 469.47	 5.2345	34.0903	26.9313	 0.86	 37.18	0.041	  125.27	 99.95
 475.00	 470.46	 5.2350	34.0905	26.9314	 0.85	 36.98	0.041	  125.31	 99.94
 476.00	 471.44	 5.2339	34.0904	26.9315	 0.85	 36.91	0.041	  125.30	 99.95
 477.00	 472.43	 5.2305	34.0912	26.9325	 0.85	 36.81	0.041	  125.30	 99.94
 478.00	 473.42	 5.2297	34.0914	26.9328	 0.85	 36.75	0.042	  125.33	 99.95
 479.00	 474.41	 5.2279	34.0915	26.9331	 0.84	 36.61	0.041	  125.30	 99.94
 480.00	 475.40	 5.2277	34.0917	26.9333	 0.84	 36.43	0.041	  125.27	 99.94
 481.00	 476.39	 5.2149	34.0928	26.9357	 0.83	 36.29	0.041	  125.27	 99.95
 482.00	 477.38	 5.2048	34.0948	26.9385	 0.83	 36.06	0.041	  125.31	 99.95
 483.00	 478.37	 5.1951	34.0960	26.9405	 0.82	 35.84	0.041	  125.23	 99.95
 484.00	 479.36	 5.1845	34.0977	26.9431	 0.82	 35.59	0.041	  125.27	 99.95
 485.00	 480.35	 5.1817	34.0979	26.9436	 0.81	 35.38	0.041	  125.29	 99.95
 486.00	 481.34	 5.1793	34.0983	26.9442	 0.81	 35.25	0.042	  125.25	 99.95
 487.00	 482.33	 5.1775	34.0986	26.9446	 0.81	 35.17	0.041	  125.25	 99.95
 488.00	 483.32	 5.1768	34.0987	26.9449	 0.81	 35.13	0.041	  125.31	 99.95
 489.00	 484.30	 5.1737	34.0993	26.9457	 0.80	 34.89	0.041	  125.30	 99.95
 490.00	 485.29	 5.1692	34.1001	26.9468	 0.80	 34.80	0.041	  125.21	 99.95
 491.00	 486.28	 5.1666	34.1006	26.9475	 0.80	 34.75	0.041	  125.31	 99.95
 492.00	 487.27	 5.1651	34.1008	26.9479	 0.80	 34.66	0.041	  125.24	 80.94
 493.00	 488.26	 5.1645	34.1009	26.9481	 0.80	 34.65	0.041	  125.28	 99.99
 494.00	 489.25	 5.1643	34.1010	26.9482	 0.80	 34.61	0.041	  125.23	 99.95
 495.00	 490.24	 5.1622	34.1010	26.9484	 0.79	 34.55	0.041	  125.28	 99.95
 496.00	 491.23	 5.1536	34.1011	26.9494	 0.79	 34.52	0.040	  125.21	 99.95
 497.00	 492.22	 5.1376	34.1012	26.9514	 0.79	 34.55	0.040	  125.23	 70.49
 498.00	 493.21	 5.1266	34.1009	26.9524	 0.79	 34.52	0.041	  125.25	 99.95
 499.00	 494.20	 5.1171	34.1003	26.9531	 0.79	 34.56	0.041	  125.20	 99.95
 500.00	 495.19	 5.1132	34.1006	26.9538	 0.79	 34.55	0.041	  125.24	 99.95
 501.00	 496.18	 5.1132	34.1005	26.9537	 0.79	 34.47	0.041	  125.23	 99.95
 502.00	 497.16	 5.1102	34.1001	26.9537	 0.79	 34.43	0.041	  125.18	 99.95
 503.00	 498.15	 5.0987	34.0988	26.9541	 0.79	 34.43	0.041	  125.22	 99.05
 504.00	 499.14	 5.0915	34.0981	26.9543	 0.79	 34.45	0.041	  125.26	 98.50
 505.00	 500.13	 5.0932	34.0986	26.9545	 0.79	 34.23	0.041	  125.25	 97.68
 506.00	 501.12	 5.0796	34.0977	26.9554	 0.78	 33.99	0.040	  125.27	 96.75
 507.00	 502.11	 5.0454	34.1018	26.9626	 0.78	 33.73	0.041	  125.27	 95.83
 508.00	 503.10	 5.0349	34.1048	26.9661	 0.77	 33.49	0.040	  125.23	 94.79
 509.00	 504.09	 5.0349	34.1044	26.9658	 0.76	 33.24	0.040	  125.23	 93.81
 510.00	 505.08	 5.0333	34.1065	26.9677	 0.76	 32.95	0.040	  125.24	 92.74
 511.00	 506.07	 5.0295	34.1087	26.9698	 0.75	 32.64	0.040	  125.15	 91.58
 512.00	 507.06	 5.0275	34.1096	26.9708	 0.74	 32.37	0.040	  125.16	 90.50
 513.00	 508.05	 5.0267	34.1099	26.9712	 0.74	 32.11	0.040	  125.13	 89.47
 514.00	 509.03	 5.0257	34.1107	26.9719	 0.74	 32.04	0.040	  125.02	 88.50
 515.00	 510.02	 5.0257	34.1107	26.9719	 0.73	 31.93	0.040	  125.08	 87.54
 516.00	 511.01	 5.0249	34.1112	26.9724	 0.73	 31.90	0.040	  125.06	 86.64
 517.00	 512.00	 5.0244	34.1116	26.9728	 0.73	 31.79	0.040	  125.07	 85.67
 518.00	 512.99	 5.0244	34.1118	26.9729	 0.73	 31.75	0.040	  125.06	 84.72
 519.00	 513.98	 5.0240	34.1120	26.9732	 0.73	 31.67	0.040	  125.04	 83.65
 520.00	 514.97	 5.0243	34.1132	26.9741	 0.72	 31.52	0.041	  125.01	 82.53
 521.00	 515.96	 5.0255	34.1135	26.9743	 0.72	 31.45	0.041	  125.02	 81.42
 522.00	 516.95	 5.0281	34.1140	26.9743	 0.72	 31.39	0.040	  125.08	 80.47
 523.00	 517.94	 5.0279	34.1148	26.9750	 0.72	 31.42	0.040	  125.05	 79.56
 524.00	 518.93	 5.0282	34.1146	26.9748	 0.72	 31.28	0.040	  125.08	 78.56
 525.00	 519.91	 5.0279	34.1149	26.9751	 0.72	 31.27	0.042	  125.04	 77.60
 526.00	 520.90	 5.0283	34.1148	26.9750	 0.72	 31.27	0.041	  125.06	 76.59
 527.00	 521.89	 5.0288	34.1154	26.9754	 0.72	 31.19	0.040	  125.04	 75.62
 528.00	 522.88	 5.0290	34.1156	26.9755	 0.72	 31.10	0.040	  125.06	 74.63
 529.00	 523.87	 5.0269	34.1177	26.9775	 0.71	 31.02	0.041	  125.06	 73.53
 530.00	 524.86	 5.0227	34.1194	26.9793	 0.71	 30.85	0.041	  125.02	 72.55
 531.00	 525.85	 5.0203	34.1195	26.9797	 0.71	 30.75	0.040	  125.03	 71.46
 532.00	 526.84	 5.0163	34.1198	26.9804	 0.70	 30.65	0.040	  125.06	 70.49
 533.00	 527.83	 5.0125	34.1201	26.9811	 0.70	 30.52	0.040	  125.09	 69.50
 534.00	 528.82	 5.0084	34.1209	26.9821	 0.70	 30.44	0.040	  125.07	 68.49
 535.00	 529.80	 4.9947	34.1206	26.9835	 0.70	 30.39	0.040	  125.08	 67.45
 536.00	 530.79	 4.9949	34.1206	26.9835	 0.70	 30.41	0.040	  125.05	 66.43
 537.00	 531.78	 4.9945	34.1206	26.9835	 0.70	 30.40	0.040	  125.09	 65.50
 538.00	 532.77	 4.9957	34.1203	26.9832	 0.70	 30.41	0.040	  125.02	 64.53
 539.00	 533.76	 4.9952	34.1204	26.9833	 0.70	 30.34	0.040	  125.04	 63.66
 540.00	 534.75	 4.9943	34.1206	26.9836	 0.70	 30.24	0.040	  125.00	 62.61
 541.00	 535.74	 4.9902	34.1213	26.9846	 0.70	 30.24	0.041	  125.04	 61.56
 542.00	 536.73	 4.9888	34.1218	26.9851	 0.69	 30.20	0.041	  125.04	 60.51
 543.00	 537.72	 4.9884	34.1219	26.9853	 0.69	 30.11	0.040	  125.04	 59.37
 544.00	 538.71	 4.9869	34.1221	26.9857	 0.69	 30.07	0.040	  124.98	 58.30
 545.00	 539.69	 4.9845	34.1226	26.9863	 0.69	 29.89	0.041	  124.96	 57.41
 546.00	 540.68	 4.9739	34.1247	26.9892	 0.69	 29.86	0.040	  125.03	 56.51
 547.00	 541.67	 4.9732	34.1250	26.9895	 0.68	 29.71	0.041	  124.99	 55.58
 548.00	 542.66	 4.9727	34.1251	26.9897	 0.68	 29.70	0.041	  125.01	 54.59
 549.00	 543.65	 4.9706	34.1254	26.9902	 0.68	 29.65	0.040	  125.01	 53.54
 550.00	 544.64	 4.9673	34.1259	26.9909	 0.68	 29.41	0.040	  124.96	 52.35
 551.00	 545.63	 4.9532	34.1269	26.9933	 0.67	 29.14	0.040	  125.02	 51.29
 552.00	 546.62	 4.9417	34.1290	26.9963	 0.66	 28.71	0.040	  124.94	 50.34
 553.00	 547.61	 4.9374	34.1336	27.0005	 0.65	 28.35	0.040	  125.01	 49.40
 554.00	 548.60	 4.9289	34.1372	27.0043	 0.65	 28.08	0.041	  124.98	 48.45
 555.00	 549.58	 4.9259	34.1385	27.0056	 0.64	 27.85	0.041	  124.91	 47.45
 556.00	 550.57	 4.9236	34.1393	27.0066	 0.64	 27.75	0.040	  125.02	 46.47
 557.00	 551.56	 4.9208	34.1401	27.0075	 0.63	 27.56	0.040	  124.99	 45.50
 558.00	 552.55	 4.9165	34.1410	27.0087	 0.63	 27.37	0.040	  124.91	 44.41
 559.00	 553.54	 4.9113	34.1422	27.0102	 0.63	 27.21	0.040	  124.96	 43.39
 560.00	 554.53	 4.9060	34.1435	27.0119	 0.62	 27.02	0.041	  124.95	 42.32
 561.00	 555.52	 4.9023	34.1444	27.0131	 0.62	 26.89	0.040	  124.95	 41.27
 562.00	 556.51	 4.8988	34.1452	27.0141	 0.61	 26.73	0.040	  124.95	 40.25
 563.00	 557.50	 4.8977	34.1456	27.0145	 0.61	 26.65	0.040	  124.92	 39.27
 564.00	 558.48	 4.8965	34.1457	27.0148	 0.61	 26.57	0.040	  124.97	 38.40
 565.00	 559.47	 4.8941	34.1461	27.0154	 0.61	 26.35	0.040	  124.91	 37.51
 566.00	 560.46	 4.8843	34.1478	27.0178	 0.60	 26.24	0.042	  124.94	 36.49
 567.00	 561.45	 4.8768	34.1494	27.0200	 0.60	 26.14	0.041	  125.00	 35.45
 568.00	 562.44	 4.8741	34.1501	27.0208	 0.60	 26.00	0.041	  124.94	 34.19
 569.00	 563.43	 4.8748	34.1502	27.0208	 0.60	 25.93	0.040	  124.88	 33.14
 570.00	 564.42	 4.8720	34.1510	27.0218	 0.59	 25.77	0.040	  124.91	 32.23
 571.00	 565.41	 4.8696	34.1514	27.0224	 0.59	 25.77	0.040	  124.91	 31.34
 572.00	 566.39	 4.8633	34.1526	27.0240	 0.59	 25.65	0.041	  124.92	 30.29
 573.00	 567.38	 4.8584	34.1535	27.0253	 0.59	 25.59	0.041	  124.95	 29.29
 574.00	 568.37	 4.8561	34.1541	27.0260	 0.59	 25.51	0.040	  124.93	 28.33
 575.00	 569.36	 4.8538	34.1543	27.0265	 0.58	 25.39	0.041	  124.91	 27.34
 576.00	 570.35	 4.8481	34.1554	27.0280	 0.58	 25.25	0.041	  124.94	 26.27
 577.00	 571.34	 4.8417	34.1566	27.0296	 0.58	 25.15	0.040	  124.92	 25.24
 578.00	 572.33	 4.8369	34.1574	27.0308	 0.58	 25.06	0.041	  124.97	 24.21
 579.00	 573.32	 4.8279	34.1589	27.0330	 0.57	 24.93	0.040	  124.95	 23.21
 580.00	 574.31	 4.8252	34.1593	27.0337	 0.57	 24.74	0.040	  124.96	 22.27
 581.00	 575.29	 4.8183	34.1603	27.0353	 0.57	 24.64	0.041	  124.97	 21.30
 582.00	 576.28	 4.8101	34.1620	27.0375	 0.56	 24.41	0.042	  124.91	 20.23
 583.00	 577.27	 4.8052	34.1627	27.0386	 0.56	 24.26	0.041	  124.90	 19.12
 584.00	 578.26	 4.8036	34.1631	27.0391	 0.56	 24.13	0.040	  124.92	 18.08
 585.00	 579.25	 4.8033	34.1634	27.0394	 0.55	 24.11	0.041	  124.93	 17.06
 586.00	 580.24	 4.8021	34.1637	27.0398	 0.55	 23.99	0.040	  124.90	 16.16
 587.00	 581.23	 4.8010	34.1638	27.0400	 0.55	 24.03	0.041	  124.98	 15.25
 588.00	 582.22	 4.7997	34.1642	27.0405	 0.55	 24.00	0.041	  124.93	 14.24
 589.00	 583.20	 4.7988	34.1644	27.0408	 0.55	 23.94	0.040	  124.93	 13.18
 590.00	 584.19	 4.7981	34.1646	27.0410	 0.55	 23.99	0.040	  124.99	 12.16
 591.00	 585.18	 4.7984	34.1645	27.0409	 0.55	 23.86	0.040	  124.93	 11.15
 592.00	 586.17	 4.7976	34.1646	27.0410	 0.55	 23.82	0.040	  125.01	 10.09
 593.00	 587.16	 4.7711	34.1695	27.0479	 0.52	 22.60	0.042	  124.47	  9.06
