* Sea-Bird SBE 9 Data:
* Software Version Seasave V 7.26.7.107
* Vessel: NOAA Ship Ronald H. Brown
* Cruise: RB2102, West Coast Ocean Acidification (WCOA) 2021
* Dates: 20210622 to 20210723
* Region: NE Pacific, USA West Coast
* Ports: San Diego, CA to Port Angeles, WA to San Diego, CA
* Chief Scientists: R. Feely, NOAA PMEL; D. Greeley, NOAA PMEL; B. Carter, NOAA PMEL / UW CICOES
* Contacts: R. Feely, richard.a.feely@noaa.gov; D. Greeley, dana.greeley@noaa.gov; B. Carter, brendan.carter@noaa.gov
* Station: 038
* Cast: 1
* Cast Date-Time [GMT]: 02-Jul-2021 11:03:59
* Longitude: -125.0541 W
* Latitude: 47.1157 N
* Water Depth [m]: 1092.8
**********
* Column  1: Pressure [decibar]
* Column  2: Depth [m]
* Column  3: Temperature ITS-90 [degree C]
* Column  4: Salinity PSS-78 [psu]
* Column  5: Sigma-theta EOS-80 [kg/m^3 - 1000]
* Column  6: Oxygen [ml/L]
* Column  7: Oxygen [umol/kg]
* Column  8: Fluorescence [volts]
* Column  9: Oxygen Reduction Potential [mV]
* Column 10: Altimeter [m]
**********
*END*
   3.00	   2.98	16.1127	31.5747	23.0895	 6.45	281.69	0.069	  165.82	 99.79
   4.00	   3.97	16.1322	31.5735	23.0842	 6.47	282.55	0.067	  165.80	 99.79
   5.00	   4.96	16.1352	31.5740	23.0840	 6.51	284.24	0.067	  165.75	 99.80
   6.00	   5.95	16.1389	31.5739	23.0831	 6.53	284.85	0.067	  165.77	 99.80
   7.00	   6.94	16.1381	31.5744	23.0837	 6.53	285.07	0.067	  165.69	 99.81
   8.00	   7.93	16.1371	31.5748	23.0843	 6.53	284.99	0.068	  165.74	 99.81
   9.00	   8.93	16.1307	31.5768	23.0873	 6.55	285.86	0.068	  165.68	 99.81
  10.00	   9.92	16.1240	31.5782	23.0899	 6.56	286.19	0.067	  165.64	 99.81
  11.00	  10.91	16.0876	31.5853	23.1035	 6.58	287.43	0.068	  165.64	 99.82
  12.00	  11.90	15.3193	31.6715	23.3390	 6.86	299.22	0.074	  165.84	 99.81
  13.00	  12.89	13.7385	31.8548	23.8112	 7.09	309.11	0.087	  166.43	 99.83
  14.00	  13.88	13.1477	31.8990	23.9631	 6.93	302.26	0.108	  166.63	 99.85
  15.00	  14.87	12.5868	31.9132	24.0827	 6.93	302.08	0.102	  166.80	 99.83
  16.00	  15.87	12.1987	31.9168	24.1589	 6.81	296.96	0.097	  167.00	 99.82
  17.00	  16.86	11.1887	31.9675	24.3821	 6.57	286.23	0.096	  167.35	 99.78
  18.00	  17.85	10.7041	32.0174	24.5056	 6.40	279.19	0.092	  167.56	 99.73
  19.00	  18.84	10.5423	32.0430	24.5533	 6.06	264.31	0.090	  167.74	 99.61
  20.00	  19.83	10.3352	32.0989	24.6319	 5.78	252.07	0.086	  167.97	 99.56
  21.00	  20.82	10.2807	32.1193	24.6570	 5.68	247.55	0.082	  168.05	 99.51
  22.00	  21.82	10.1627	32.1521	24.7023	 5.25	228.91	0.083	  168.17	 97.93
  23.00	  22.81	10.0299	32.2287	24.7841	 4.93	214.89	0.078	  168.50	 99.39
  24.00	  23.80	 9.8260	32.2592	24.8415	 4.86	211.80	0.071	  168.65	 99.36
  25.00	  24.79	 9.7569	32.2800	24.8691	 4.61	200.67	0.077	  168.80	 99.31
  26.00	  25.78	 9.6882	32.3268	24.9168	 4.41	192.23	0.067	  169.00	 99.31
  27.00	  26.77	 9.5840	32.3679	24.9657	 4.35	189.65	0.061	  169.06	 99.31
  28.00	  27.77	 9.5431	32.3870	24.9873	 4.30	187.18	0.062	  169.09	 99.32
  29.00	  28.76	 9.5403	32.3869	24.9877	 4.18	182.16	0.063	  169.19	 99.34
  30.00	  29.75	 9.3809	32.4438	25.0576	 4.01	174.85	0.059	  169.35	 99.34
  31.00	  30.74	 9.3180	32.4817	25.0973	 3.94	171.50	0.056	  169.48	 99.36
  32.00	  31.73	 9.2865	32.4995	25.1162	 3.92	170.69	0.051	  169.46	 99.37
  33.00	  32.72	 9.2646	32.5049	25.1239	 3.85	167.62	0.052	  169.50	 99.40
  34.00	  33.71	 9.2428	32.5104	25.1316	 3.75	163.45	0.052	  169.60	 99.39
  35.00	  34.71	 9.0602	32.5647	25.2028	 3.72	162.21	0.049	  169.62	 96.43
  36.00	  35.70	 9.0078	32.5847	25.2266	 3.71	161.57	0.047	  169.70	 97.21
  37.00	  36.69	 8.9305	32.6116	25.2597	 3.62	157.48	0.049	  169.59	 99.59
  38.00	  37.68	 8.8532	32.6386	25.2927	 3.48	151.57	0.048	  169.82	 99.44
  39.00	  38.67	 8.7437	32.6917	25.3511	 3.43	149.42	0.045	  169.93	 90.72
  40.00	  39.66	 8.6695	32.7244	25.3881	 3.38	147.27	0.044	  169.92	 94.71
  41.00	  40.66	 8.6673	32.7283	25.3915	 3.27	142.36	0.045	  170.02	 95.96
  42.00	  41.65	 8.5670	32.7835	25.4500	 3.17	138.19	0.044	  170.13	 99.61
  43.00	  42.64	 8.5336	32.7989	25.4672	 3.12	136.04	0.043	  170.18	 99.51
  44.00	  43.63	 8.4462	32.8073	25.4869	 3.11	135.56	0.043	  170.20	 99.51
  45.00	  44.62	 8.4059	32.8188	25.5019	 3.07	133.54	0.044	  170.13	 90.12
  46.00	  45.61	 8.3656	32.8304	25.5170	 3.01	130.94	0.043	  170.25	 87.19
  47.00	  46.60	 8.3066	32.8477	25.5394	 3.00	130.54	0.043	  170.26	 99.46
  48.00	  47.60	 8.2923	32.8476	25.5415	 3.03	132.00	0.043	  170.29	 99.56
  49.00	  48.59	 8.1750	32.8366	25.5502	 3.18	138.29	0.043	  170.24	 99.46
  50.00	  49.58	 8.0577	32.8255	25.5587	 3.57	155.33	0.043	  170.23	 99.58
  51.00	  50.57	 7.9273	32.8288	25.5802	 3.84	167.20	0.042	  170.15	 99.58
  52.00	  51.56	 7.8759	32.8429	25.5987	 4.05	176.31	0.042	  170.01	 95.51
  53.00	  52.55	 7.7840	32.8543	25.6209	 4.26	185.40	0.042	  169.91	 96.71
  54.00	  53.54	 7.7393	32.8629	25.6340	 4.47	194.72	0.043	  169.75	 99.67
  55.00	  54.54	 7.7094	32.8967	25.6648	 4.42	192.37	0.042	  169.73	 99.38
  56.00	  55.53	 7.7144	32.9298	25.6901	 4.37	190.19	0.042	  169.70	 99.37
  57.00	  56.52	 7.7110	32.9736	25.7250	 4.33	188.46	0.042	  169.72	 92.38
  58.00	  57.51	 7.7029	32.9897	25.7388	 4.34	188.77	0.041	  169.69	 99.55
  59.00	  58.50	 7.6960	33.0013	25.7490	 4.36	189.74	0.040	  169.64	 99.37
  60.00	  59.49	 7.6824	33.0245	25.7691	 4.39	190.99	0.041	  169.60	 99.37
  61.00	  60.48	 7.6663	33.0513	25.7925	 4.42	192.46	0.040	  169.55	 96.35
  62.00	  61.48	 7.6478	33.0753	25.8140	 4.44	193.22	0.040	  169.54	 99.41
  63.00	  62.47	 7.6422	33.0817	25.8198	 4.43	192.84	0.040	  169.54	 99.37
  64.00	  63.46	 7.6194	33.1060	25.8422	 4.41	191.99	0.040	  169.47	 99.36
  65.00	  64.45	 7.5986	33.1307	25.8645	 4.39	191.00	0.040	  169.45	 99.35
  66.00	  65.44	 7.5886	33.1417	25.8746	 4.37	190.07	0.040	  169.48	 99.35
  67.00	  66.43	 7.5777	33.1542	25.8860	 4.35	189.27	0.040	  169.50	 99.35
  68.00	  67.42	 7.5719	33.1608	25.8920	 4.33	188.60	0.040	  169.46	 99.36
  69.00	  68.42	 7.5679	33.1652	25.8960	 4.31	187.82	0.040	  169.43	 99.37
  70.00	  69.41	 7.5622	33.1705	25.9010	 4.28	186.30	0.040	  169.43	 99.37
  71.00	  70.40	 7.5518	33.1785	25.9088	 4.22	183.80	0.040	  169.36	 99.37
  72.00	  71.39	 7.5153	33.2051	25.9348	 4.15	180.54	0.040	  169.42	 95.90
  73.00	  72.38	 7.4739	33.2431	25.9706	 4.08	177.60	0.040	  169.50	 99.35
  74.00	  73.37	 7.4202	33.2949	26.0189	 4.03	175.22	0.040	  169.49	 99.38
  75.00	  74.36	 7.4059	33.3094	26.0322	 3.99	173.58	0.040	  169.47	 99.39
  76.00	  75.35	 7.3996	33.3163	26.0386	 3.96	172.31	0.040	  169.46	 99.39
  77.00	  76.35	 7.3943	33.3238	26.0452	 3.92	170.53	0.040	  169.46	 99.41
  78.00	  77.34	 7.3867	33.3359	26.0558	 3.87	168.61	0.040	  169.40	 99.42
  79.00	  78.33	 7.3802	33.3461	26.0648	 3.83	166.76	0.040	  169.49	 99.43
  80.00	  79.32	 7.3764	33.3509	26.0691	 3.80	165.33	0.040	  169.41	 99.44
  81.00	  80.31	 7.3690	33.3741	26.0884	 3.78	164.42	0.040	  169.39	 99.44
  82.00	  81.30	 7.3650	33.3847	26.0973	 3.76	163.85	0.040	  169.40	 99.44
  83.00	  82.29	 7.3629	33.3919	26.1033	 3.74	162.93	0.040	  169.36	 99.45
  84.00	  83.28	 7.3662	33.4013	26.1102	 3.72	161.87	0.040	  169.39	 99.46
  85.00	  84.28	 7.3703	33.4237	26.1272	 3.68	160.08	0.040	  169.33	 99.46
  86.00	  85.27	 7.4145	33.4733	26.1601	 3.63	158.13	0.040	  169.27	 99.46
  87.00	  86.26	 7.5403	33.5302	26.1871	 3.60	156.62	0.040	  169.37	 99.46
  88.00	  87.25	 7.5597	33.5374	26.1901	 3.58	155.78	0.040	  169.35	 99.46
  89.00	  88.24	 7.5551	33.5406	26.1933	 3.57	155.25	0.040	  169.33	 99.46
  90.00	  89.23	 7.5499	33.5424	26.1954	 3.54	154.25	0.040	  169.33	 99.48
  91.00	  90.22	 7.5453	33.5458	26.1987	 3.52	153.31	0.040	  169.27	 99.49
  92.00	  91.22	 7.5554	33.5516	26.2019	 3.48	151.51	0.040	  169.29	 99.49
  93.00	  92.21	 7.5834	33.5640	26.2077	 3.43	149.28	0.040	  169.26	 99.49
  94.00	  93.20	 7.6763	33.6104	26.2309	 3.39	147.38	0.040	  169.21	 99.50
  95.00	  94.19	 7.6927	33.6201	26.2362	 3.34	145.22	0.040	  169.27	 99.50
  96.00	  95.18	 7.7091	33.6298	26.2415	 3.28	142.79	0.040	  169.21	 99.51
  97.00	  96.17	 7.7054	33.6683	26.2723	 3.20	139.20	0.040	  169.24	 99.52
  98.00	  97.16	 7.6383	33.6907	26.2995	 3.14	136.51	0.040	  169.34	 99.54
  99.00	  98.15	 7.5796	33.6967	26.3126	 3.13	136.26	0.040	  169.30	 99.55
 100.00	  99.14	 7.5637	33.6979	26.3159	 3.13	136.00	0.041	  169.20	 99.56
 101.00	 100.14	 7.5560	33.6989	26.3177	 3.12	135.82	0.041	  169.32	 99.56
 102.00	 101.13	 7.5505	33.6990	26.3186	 3.11	135.34	0.041	  169.34	 99.56
 103.00	 102.12	 7.5428	33.6996	26.3202	 3.10	134.73	0.040	  169.28	 99.57
 104.00	 103.11	 7.5334	33.7001	26.3219	 3.08	134.04	0.041	  169.29	 99.57
 105.00	 104.10	 7.5251	33.7020	26.3246	 3.03	131.81	0.041	  169.30	 99.58
 106.00	 105.09	 7.5126	33.7074	26.3307	 2.89	125.81	0.040	  169.32	 99.58
 107.00	 106.08	 7.4944	33.7411	26.3597	 2.78	121.08	0.041	  169.38	 99.58
 108.00	 107.07	 7.4839	33.7615	26.3773	 2.74	119.35	0.041	  169.38	 99.58
 109.00	 108.07	 7.4856	33.7678	26.3820	 2.72	118.14	0.041	  169.37	 99.58
 110.00	 109.06	 7.4869	33.7729	26.3858	 2.68	116.61	0.041	  169.41	 99.62
 111.00	 110.05	 7.4875	33.7769	26.3889	 2.65	115.16	0.041	  169.41	 99.64
 112.00	 111.04	 7.4886	33.7789	26.3903	 2.64	114.73	0.041	  169.41	 99.65
 113.00	 112.03	 7.4918	33.7810	26.3916	 2.63	114.25	0.041	  169.34	 99.66
 114.00	 113.02	 7.4939	33.7839	26.3936	 2.61	113.58	0.041	  169.35	 99.66
 115.00	 114.01	 7.4965	33.7916	26.3993	 2.60	113.15	0.041	  169.38	 99.66
 116.00	 115.00	 7.4911	33.8022	26.4084	 2.59	112.83	0.041	  169.44	 99.66
 117.00	 115.99	 7.4904	33.8075	26.4127	 2.58	112.37	0.041	  169.36	 99.67
 118.00	 116.99	 7.4884	33.8127	26.4171	 2.58	112.08	0.041	  169.31	 99.67
 119.00	 117.98	 7.4906	33.8167	26.4199	 2.57	111.99	0.041	  169.37	 99.68
 120.00	 118.97	 7.4803	33.8345	26.4354	 2.56	111.49	0.041	  169.35	 99.67
 121.00	 119.96	 7.4696	33.8473	26.4470	 2.56	111.18	0.041	  169.30	 99.68
 122.00	 120.95	 7.4634	33.8503	26.4503	 2.55	110.81	0.041	  169.32	 99.68
 123.00	 121.94	 7.4612	33.8511	26.4512	 2.52	109.64	0.041	  169.31	 99.68
 124.00	 122.93	 7.4590	33.8530	26.4530	 2.48	108.02	0.041	  169.23	 99.68
 125.00	 123.92	 7.4800	33.8681	26.4619	 2.48	107.87	0.041	  169.32	 99.68
 126.00	 124.91	 7.5409	33.8869	26.4681	 2.48	107.85	0.041	  169.32	 99.68
 127.00	 125.91	 7.5805	33.8992	26.4721	 2.47	107.63	0.041	  169.29	 99.68
 128.00	 126.90	 7.6187	33.9082	26.4737	 2.47	107.46	0.041	  169.19	 99.68
 129.00	 127.89	 7.6227	33.9118	26.4760	 2.46	107.22	0.041	  169.21	 99.69
 130.00	 128.88	 7.6155	33.9140	26.4787	 2.46	106.93	0.041	  169.19	 99.69
 131.00	 129.87	 7.6050	33.9135	26.4799	 2.46	107.10	0.041	  169.22	 99.69
 132.00	 130.86	 7.5910	33.9144	26.4826	 2.45	106.79	0.041	  169.20	 99.70
 133.00	 131.85	 7.5804	33.9146	26.4843	 2.44	106.14	0.041	  169.21	 99.70
 134.00	 132.84	 7.5490	33.9181	26.4915	 2.43	105.69	0.041	  169.27	 99.69
 135.00	 133.83	 7.5316	33.9219	26.4970	 2.42	105.27	0.041	  169.18	 99.70
 136.00	 134.83	 7.5283	33.9222	26.4978	 2.41	104.91	0.041	  169.27	 99.70
 137.00	 135.82	 7.5255	33.9225	26.4984	 2.41	104.75	0.041	  169.11	 99.71
 138.00	 136.81	 7.5229	33.9225	26.4988	 2.40	104.35	0.040	  169.18	 99.71
 139.00	 137.80	 7.5163	33.9230	26.5002	 2.39	104.04	0.041	  169.20	 99.71
 140.00	 138.79	 7.4986	33.9241	26.5035	 2.39	103.91	0.041	  169.23	 99.71
 141.00	 139.78	 7.4769	33.9266	26.5086	 2.39	103.88	0.041	  169.14	 99.71
 142.00	 140.77	 7.4717	33.9275	26.5100	 2.38	103.70	0.041	  169.20	 99.71
 143.00	 141.76	 7.4694	33.9276	26.5104	 2.38	103.55	0.041	  169.15	 99.71
 144.00	 142.75	 7.4459	33.9278	26.5139	 2.38	103.67	0.041	  169.21	 99.71
 145.00	 143.74	 7.4231	33.9299	26.5188	 2.39	104.07	0.041	  169.13	 99.71
 146.00	 144.74	 7.4030	33.9309	26.5225	 2.40	104.22	0.041	  169.11	 99.71
 147.00	 145.73	 7.3820	33.9319	26.5263	 2.39	104.10	0.041	  169.11	 99.71
 148.00	 146.72	 7.3580	33.9345	26.5316	 2.39	103.98	0.041	  169.14	 99.71
 149.00	 147.71	 7.3478	33.9359	26.5342	 2.39	103.86	0.041	  169.10	 99.71
 150.00	 148.70	 7.3404	33.9364	26.5357	 2.38	103.41	0.041	  169.16	 99.71
 151.00	 149.69	 7.3332	33.9371	26.5372	 2.37	102.97	0.041	  169.14	 99.71
 152.00	 150.68	 7.3290	33.9373	26.5380	 2.36	102.69	0.041	  169.11	 99.71
 153.00	 151.67	 7.3240	33.9378	26.5391	 2.35	102.43	0.041	  169.07	 99.71
 154.00	 152.66	 7.3175	33.9386	26.5407	 2.35	102.14	0.041	  169.09	 99.72
 155.00	 153.65	 7.3129	33.9390	26.5417	 2.34	101.97	0.041	  169.08	 99.72
 156.00	 154.65	 7.3118	33.9393	26.5421	 2.34	101.68	0.041	  169.06	 99.72
 157.00	 155.64	 7.3102	33.9395	26.5424	 2.33	101.21	0.041	  168.97	 99.72
 158.00	 156.63	 7.3012	33.9394	26.5437	 2.32	100.82	0.041	  169.05	 99.73
 159.00	 157.62	 7.2885	33.9413	26.5469	 2.32	100.73	0.041	  169.08	 99.72
 160.00	 158.61	 7.2876	33.9412	26.5469	 2.31	100.57	0.041	  169.03	 99.73
 161.00	 159.60	 7.2861	33.9413	26.5473	 2.31	100.57	0.041	  169.04	 99.73
 162.00	 160.59	 7.2841	33.9416	26.5478	 2.32	100.84	0.041	  169.03	 99.73
 163.00	 161.58	 7.2819	33.9417	26.5482	 2.33	101.18	0.041	  169.02	 99.73
 164.00	 162.57	 7.2664	33.9420	26.5506	 2.33	101.21	0.041	  168.99	 99.73
 165.00	 163.56	 7.2519	33.9439	26.5541	 2.32	100.98	0.041	  169.03	 99.73
 166.00	 164.55	 7.2414	33.9448	26.5563	 2.30	100.22	0.041	  168.98	 99.73
 167.00	 165.55	 7.2263	33.9455	26.5590	 2.27	 98.89	0.041	  169.00	 99.73
 168.00	 166.54	 7.2179	33.9457	26.5604	 2.24	 97.32	0.041	  169.02	 99.73
 169.00	 167.53	 7.2038	33.9456	26.5622	 2.20	 95.78	0.041	  168.98	 99.73
 170.00	 168.52	 7.1734	33.9465	26.5672	 2.19	 95.33	0.041	  169.03	 99.73
 171.00	 169.51	 7.1651	33.9486	26.5700	 2.19	 95.25	0.041	  168.96	 99.73
 172.00	 170.50	 7.1604	33.9495	26.5714	 2.19	 95.35	0.041	  169.08	 99.74
 173.00	 171.49	 7.1534	33.9509	26.5734	 2.19	 95.38	0.041	  169.02	 99.76
 174.00	 172.48	 7.1467	33.9512	26.5746	 2.18	 94.82	0.041	  169.05	 99.75
 175.00	 173.47	 7.1398	33.9520	26.5762	 2.16	 93.98	0.041	  169.02	 99.75
 176.00	 174.46	 7.1343	33.9519	26.5769	 2.14	 93.10	0.041	  169.03	 99.75
 177.00	 175.45	 7.1302	33.9515	26.5772	 2.11	 91.96	0.041	  169.00	 99.75
 178.00	 176.44	 7.1226	33.9512	26.5780	 2.08	 90.55	0.041	  169.02	 99.76
 179.00	 177.44	 7.1170	33.9512	26.5788	 2.05	 89.31	0.041	  169.07	 99.76
 180.00	 178.43	 7.1167	33.9514	26.5790	 2.04	 88.88	0.042	  169.02	 99.76
 181.00	 179.42	 7.1155	33.9514	26.5791	 2.04	 88.58	0.042	  168.99	 99.77
 182.00	 180.41	 7.1129	33.9512	26.5794	 2.03	 88.52	0.041	  169.09	 99.77
 183.00	 181.40	 7.1047	33.9521	26.5813	 2.04	 88.90	0.041	  169.07	 99.77
 184.00	 182.39	 7.0882	33.9549	26.5857	 2.05	 89.24	0.041	  169.07	 99.77
 185.00	 183.38	 7.0801	33.9565	26.5881	 2.06	 89.53	0.041	  169.03	 99.78
 186.00	 184.37	 7.0749	33.9574	26.5895	 2.07	 89.91	0.041	  169.01	 99.78
 187.00	 185.36	 7.0723	33.9580	26.5904	 2.07	 90.02	0.041	  169.01	 99.78
 188.00	 186.35	 7.0714	33.9580	26.5905	 2.07	 89.98	0.041	  168.96	 99.78
 189.00	 187.34	 7.0677	33.9585	26.5914	 2.07	 89.99	0.041	  168.98	 99.78
 190.00	 188.33	 7.0659	33.9587	26.5918	 2.07	 89.92	0.041	  169.01	 99.78
 191.00	 189.32	 7.0650	33.9589	26.5921	 2.07	 89.89	0.041	  168.97	 99.77
 192.00	 190.32	 7.0638	33.9590	26.5924	 2.06	 89.57	0.041	  168.95	 99.77
 193.00	 191.31	 7.0557	33.9589	26.5934	 2.05	 89.39	0.041	  168.96	 99.78
 194.00	 192.30	 7.0331	33.9594	26.5969	 2.06	 89.51	0.041	  168.94	 99.78
 195.00	 193.29	 7.0065	33.9613	26.6021	 2.06	 89.56	0.041	  168.99	 99.77
 196.00	 194.28	 6.9940	33.9622	26.6046	 2.06	 89.53	0.041	  168.98	 99.78
 197.00	 195.27	 6.9858	33.9626	26.6060	 2.05	 89.39	0.042	  168.98	 99.78
 198.00	 196.26	 6.9768	33.9632	26.6077	 2.05	 89.22	0.041	  168.94	 99.78
 199.00	 197.25	 6.9705	33.9641	26.6093	 2.05	 89.16	0.041	  168.96	 99.77
 200.00	 198.24	 6.9675	33.9640	26.6097	 2.04	 88.91	0.041	  168.98	 99.78
 201.00	 199.23	 6.9581	33.9649	26.6116	 2.04	 88.58	0.041	  168.93	 99.78
 202.00	 200.22	 6.9412	33.9662	26.6149	 2.03	 88.33	0.041	  168.92	 99.78
 203.00	 201.21	 6.9352	33.9670	26.6164	 2.03	 88.15	0.041	  168.91	 99.78
 204.00	 202.20	 6.9312	33.9670	26.6169	 2.02	 87.91	0.041	  168.98	 99.78
 205.00	 203.20	 6.9241	33.9674	26.6182	 2.02	 87.74	0.041	  169.04	 99.78
 206.00	 204.19	 6.9216	33.9675	26.6187	 2.02	 87.72	0.041	  169.00	 99.78
 207.00	 205.18	 6.9162	33.9679	26.6198	 2.02	 87.83	0.041	  168.90	 99.78
 208.00	 206.17	 6.9152	33.9681	26.6200	 2.02	 87.84	0.041	  168.90	 99.78
 209.00	 207.16	 6.9115	33.9685	26.6209	 2.02	 87.84	0.041	  168.98	 99.78
 210.00	 208.15	 6.9084	33.9688	26.6215	 2.02	 87.71	0.041	  168.85	 99.78
 211.00	 209.14	 6.9035	33.9686	26.6221	 2.01	 87.64	0.041	  168.85	 99.78
 212.00	 210.13	 6.8991	33.9690	26.6230	 2.01	 87.55	0.041	  168.88	 99.78
 213.00	 211.12	 6.8954	33.9694	26.6238	 2.01	 87.38	0.041	  168.85	 99.78
 214.00	 212.11	 6.8888	33.9692	26.6245	 2.01	 87.32	0.041	  168.89	 99.78
 215.00	 213.10	 6.8719	33.9706	26.6279	 2.00	 87.16	0.041	  168.86	 99.78
 216.00	 214.09	 6.8637	33.9711	26.6295	 2.00	 86.83	0.041	  168.86	 99.78
 217.00	 215.08	 6.8593	33.9714	26.6303	 1.99	 86.64	0.041	  168.88	 99.78
 218.00	 216.07	 6.8574	33.9714	26.6306	 1.99	 86.50	0.041	  168.86	 99.78
 219.00	 217.06	 6.8538	33.9717	26.6313	 1.99	 86.56	0.041	  168.84	 99.78
 220.00	 218.06	 6.8504	33.9720	26.6320	 1.99	 86.42	0.041	  168.80	 99.78
 221.00	 219.05	 6.8484	33.9722	26.6325	 1.98	 86.17	0.041	  168.84	 99.78
 222.00	 220.04	 6.8424	33.9724	26.6335	 1.97	 85.83	0.041	  168.86	 99.78
 223.00	 221.03	 6.8302	33.9730	26.6356	 1.97	 85.51	0.041	  168.85	 99.78
 224.00	 222.02	 6.8246	33.9738	26.6370	 1.96	 85.21	0.041	  168.88	 99.78
 225.00	 223.01	 6.8211	33.9738	26.6375	 1.95	 84.82	0.041	  168.84	 99.78
 226.00	 224.00	 6.8153	33.9740	26.6384	 1.94	 84.33	0.041	  168.84	 99.78
 227.00	 224.99	 6.8024	33.9760	26.6417	 1.93	 83.74	0.041	  168.80	 99.79
 228.00	 225.98	 6.7923	33.9776	26.6444	 1.91	 83.29	0.041	  168.82	 99.79
 229.00	 226.97	 6.7889	33.9777	26.6449	 1.91	 83.10	0.041	  168.87	 99.79
 230.00	 227.96	 6.7857	33.9780	26.6456	 1.91	 82.95	0.041	  168.86	 99.79
 231.00	 228.95	 6.7814	33.9779	26.6461	 1.90	 82.63	0.041	  168.85	 99.80
 232.00	 229.94	 6.7783	33.9784	26.6469	 1.89	 82.29	0.041	  168.86	 99.79
 233.00	 230.93	 6.7720	33.9788	26.6481	 1.88	 81.98	0.041	  168.82	 99.79
 234.00	 231.92	 6.7536	33.9805	26.6519	 1.88	 81.71	0.041	  168.80	 99.80
 235.00	 232.91	 6.7462	33.9814	26.6537	 1.87	 81.33	0.041	  168.80	 99.80
 236.00	 233.91	 6.7404	33.9817	26.6547	 1.86	 81.01	0.041	  168.81	 99.80
 237.00	 234.90	 6.7336	33.9824	26.6561	 1.86	 80.83	0.041	  168.85	 99.80
 238.00	 235.89	 6.7313	33.9824	26.6564	 1.85	 80.64	0.041	  168.81	 99.80
 239.00	 236.88	 6.7241	33.9822	26.6572	 1.85	 80.51	0.041	  168.75	 99.80
 240.00	 237.87	 6.7139	33.9829	26.6592	 1.85	 80.49	0.041	  168.79	 99.80
 241.00	 238.86	 6.7111	33.9830	26.6597	 1.85	 80.31	0.041	  168.71	 99.80
 242.00	 239.85	 6.7056	33.9834	26.6607	 1.84	 80.17	0.041	  168.74	 99.81
 243.00	 240.84	 6.7031	33.9837	26.6613	 1.84	 80.10	0.041	  168.79	 99.80
 244.00	 241.83	 6.6998	33.9838	26.6618	 1.84	 79.90	0.041	  168.73	 99.80
 245.00	 242.82	 6.6960	33.9840	26.6625	 1.83	 79.67	0.041	  168.77	 99.81
 246.00	 243.81	 6.6875	33.9844	26.6640	 1.83	 79.41	0.041	  168.76	 99.81
 247.00	 244.80	 6.6828	33.9844	26.6646	 1.82	 79.23	0.041	  168.69	 99.82
 248.00	 245.79	 6.6745	33.9823	26.6641	 1.82	 79.10	0.041	  168.82	 99.81
 249.00	 246.78	 6.6415	33.9846	26.6703	 1.82	 78.98	0.041	  168.79	 99.82
 250.00	 247.77	 6.6394	33.9857	26.6714	 1.81	 78.86	0.041	  168.75	 99.82
 251.00	 248.76	 6.6389	33.9854	26.6712	 1.81	 78.69	0.042	  168.79	 99.82
 252.00	 249.75	 6.6377	33.9852	26.6713	 1.81	 78.59	0.042	  168.78	 99.82
 253.00	 250.74	 6.6332	33.9848	26.6716	 1.81	 78.52	0.041	  168.78	 99.82
 254.00	 251.73	 6.6281	33.9852	26.6725	 1.80	 78.44	0.041	  168.73	 99.82
 255.00	 252.72	 6.6171	33.9843	26.6734	 1.80	 78.22	0.041	  168.75	 99.82
 256.00	 253.72	 6.6109	33.9846	26.6744	 1.79	 77.77	0.041	  168.74	 99.82
 257.00	 254.71	 6.6048	33.9847	26.6753	 1.79	 77.67	0.040	  168.86	 99.83
 258.00	 255.70	 6.6006	33.9847	26.6759	 1.78	 77.52	0.041	  168.81	 99.83
 259.00	 256.69	 6.5940	33.9846	26.6766	 1.78	 77.26	0.041	  168.80	 99.82
 260.00	 257.68	 6.5866	33.9852	26.6781	 1.77	 76.95	0.041	  168.83	 99.83
 261.00	 258.67	 6.5821	33.9853	26.6788	 1.76	 76.68	0.041	  168.81	 99.83
 262.00	 259.66	 6.5755	33.9855	26.6798	 1.76	 76.42	0.041	  168.71	 99.83
 263.00	 260.65	 6.5688	33.9858	26.6810	 1.75	 76.09	0.041	  168.75	 99.83
 264.00	 261.64	 6.5636	33.9861	26.6819	 1.74	 75.78	0.041	  168.78	 99.83
 265.00	 262.63	 6.5536	33.9867	26.6837	 1.74	 75.50	0.041	  168.76	 99.83
 266.00	 263.62	 6.5490	33.9871	26.6846	 1.73	 75.23	0.042	  168.80	 99.83
 267.00	 264.61	 6.5467	33.9873	26.6851	 1.73	 75.07	0.041	  168.76	 99.83
 268.00	 265.60	 6.5461	33.9873	26.6852	 1.72	 74.90	0.041	  168.80	 99.83
 269.00	 266.59	 6.5440	33.9873	26.6855	 1.72	 74.69	0.041	  168.80	 99.83
 270.00	 267.58	 6.5382	33.9875	26.6864	 1.71	 74.39	0.041	  168.76	 99.83
 271.00	 268.57	 6.5364	33.9877	26.6869	 1.71	 74.24	0.041	  168.79	 99.83
 272.00	 269.56	 6.5299	33.9879	26.6878	 1.70	 74.11	0.042	  168.80	 99.83
 273.00	 270.55	 6.5260	33.9883	26.6887	 1.70	 73.98	0.042	  168.75	 99.83
 274.00	 271.54	 6.5219	33.9881	26.6891	 1.70	 73.86	0.041	  168.77	 99.83
 275.00	 272.53	 6.5167	33.9885	26.6901	 1.69	 73.71	0.041	  168.70	 99.83
 276.00	 273.52	 6.5166	33.9886	26.6902	 1.70	 73.74	0.041	  168.74	 99.83
 277.00	 274.51	 6.5132	33.9886	26.6906	 1.70	 73.75	0.041	  168.74	 99.83
 278.00	 275.50	 6.5013	33.9884	26.6920	 1.69	 73.68	0.041	  168.72	 99.83
 279.00	 276.49	 6.4914	33.9901	26.6947	 1.69	 73.60	0.041	  168.69	 99.84
 280.00	 277.48	 6.4783	33.9903	26.6966	 1.69	 73.61	0.041	  168.71	 99.83
 281.00	 278.48	 6.4667	33.9912	26.6988	 1.69	 73.57	0.041	  168.74	 99.84
 282.00	 279.47	 6.4601	33.9909	26.6995	 1.69	 73.32	0.041	  168.75	 99.83
 283.00	 280.46	 6.4508	33.9911	26.7008	 1.68	 73.15	0.041	  168.72	 99.83
 284.00	 281.45	 6.4474	33.9920	26.7020	 1.68	 73.01	0.041	  168.69	 99.83
 285.00	 282.44	 6.4428	33.9927	26.7032	 1.68	 72.90	0.041	  168.70	 99.83
 286.00	 283.43	 6.4405	33.9931	26.7038	 1.67	 72.81	0.041	  168.71	 99.84
 287.00	 284.42	 6.4406	33.9930	26.7037	 1.67	 72.76	0.041	  168.73	 99.84
 288.00	 285.41	 6.4366	33.9929	26.7041	 1.67	 72.57	0.041	  168.74	 99.84
 289.00	 286.40	 6.4213	33.9936	26.7067	 1.67	 72.44	0.041	  168.70	 99.84
 290.00	 287.39	 6.4080	33.9949	26.7095	 1.67	 72.43	0.041	  168.73	 99.84
 291.00	 288.38	 6.4069	33.9949	26.7097	 1.66	 72.28	0.041	  168.71	 99.85
 292.00	 289.37	 6.4063	33.9947	26.7096	 1.66	 72.27	0.041	  168.63	 99.84
 293.00	 290.36	 6.4043	33.9945	26.7097	 1.66	 72.24	0.041	  168.70	 99.84
 294.00	 291.35	 6.4020	33.9943	26.7099	 1.66	 72.29	0.041	  168.70	 99.84
 295.00	 292.34	 6.4011	33.9943	26.7100	 1.66	 72.29	0.041	  168.73	 99.84
 296.00	 293.33	 6.3983	33.9942	26.7102	 1.66	 72.09	0.041	  168.64	 99.84
 297.00	 294.32	 6.3954	33.9946	26.7110	 1.65	 71.79	0.041	  168.73	 99.84
 298.00	 295.31	 6.3799	33.9948	26.7131	 1.65	 71.64	0.041	  168.72	 99.85
 299.00	 296.30	 6.3554	33.9960	26.7172	 1.64	 71.49	0.041	  168.71	 99.85
 300.00	 297.29	 6.3426	33.9969	26.7196	 1.64	 71.39	0.041	  168.61	 99.85
 301.00	 298.28	 6.3403	33.9972	26.7202	 1.64	 71.19	0.041	  168.65	 99.85
 302.00	 299.27	 6.3391	33.9976	26.7206	 1.63	 70.87	0.041	  168.65	 99.85
 303.00	 300.26	 6.3322	33.9986	26.7223	 1.63	 70.73	0.041	  168.66	 99.85
 304.00	 301.25	 6.3226	33.9983	26.7233	 1.62	 70.61	0.041	  168.64	 99.85
 305.00	 302.24	 6.3073	33.9983	26.7254	 1.62	 70.50	0.041	  168.66	 99.85
 306.00	 303.23	 6.2999	33.9986	26.7266	 1.62	 70.35	0.042	  168.69	 99.85
 307.00	 304.22	 6.2900	33.9995	26.7286	 1.61	 70.18	0.041	  168.72	 99.85
 308.00	 305.21	 6.2801	34.0002	26.7304	 1.61	 70.03	0.041	  168.74	 99.85
 309.00	 306.20	 6.2755	34.0001	26.7309	 1.61	 69.92	0.041	  168.68	 99.85
 310.00	 307.19	 6.2676	34.0002	26.7320	 1.60	 69.72	0.042	  168.71	 99.85
 311.00	 308.18	 6.2624	34.0008	26.7331	 1.60	 69.58	0.041	  168.69	 99.85
 312.00	 309.17	 6.2612	34.0009	26.7334	 1.60	 69.49	0.041	  168.65	 99.85
 313.00	 310.16	 6.2602	34.0014	26.7340	 1.60	 69.41	0.041	  168.65	 99.85
 314.00	 311.15	 6.2618	34.0015	26.7338	 1.59	 69.26	0.041	  168.65	 99.85
 315.00	 312.14	 6.2612	34.0018	26.7341	 1.59	 69.10	0.041	  168.71	 99.85
 316.00	 313.13	 6.2611	34.0019	26.7342	 1.59	 69.07	0.041	  168.70	 99.85
 317.00	 314.12	 6.2582	34.0018	26.7346	 1.59	 69.08	0.041	  168.68	 99.85
 318.00	 315.11	 6.2506	34.0015	26.7353	 1.59	 69.02	0.041	  168.65	 99.85
 319.00	 316.10	 6.2483	34.0023	26.7362	 1.58	 68.75	0.041	  168.55	 99.85
 320.00	 317.09	 6.2466	34.0022	26.7364	 1.57	 68.39	0.041	  168.60	 99.85
 321.00	 318.09	 6.2360	34.0036	26.7389	 1.56	 68.04	0.041	  168.62	 99.85
 322.00	 319.08	 6.2137	34.0043	26.7423	 1.56	 67.79	0.041	  168.63	 99.85
 323.00	 320.07	 6.2026	34.0055	26.7447	 1.55	 67.54	0.042	  168.61	 99.85
 324.00	 321.06	 6.1982	34.0059	26.7456	 1.55	 67.34	0.041	  168.62	 99.85
 325.00	 322.05	 6.1927	34.0068	26.7470	 1.54	 67.14	0.041	  168.64	 99.85
 326.00	 323.04	 6.1902	34.0074	26.7478	 1.54	 66.94	0.041	  168.63	 99.85
 327.00	 324.03	 6.1896	34.0078	26.7482	 1.53	 66.68	0.041	  168.65	 99.86
 328.00	 325.02	 6.1876	34.0084	26.7489	 1.53	 66.37	0.041	  168.69	 99.86
 329.00	 326.01	 6.1850	34.0087	26.7495	 1.52	 65.93	0.040	  168.72	 99.85
 330.00	 327.00	 6.1742	34.0099	26.7519	 1.51	 65.77	0.041	  168.60	 99.86
 331.00	 327.99	 6.1604	34.0106	26.7541	 1.51	 65.67	0.042	  168.69	 99.86
 332.00	 328.98	 6.1510	34.0112	26.7558	 1.50	 65.45	0.041	  168.60	 99.86
 333.00	 329.97	 6.1476	34.0117	26.7567	 1.50	 65.25	0.041	  168.60	 99.86
 334.00	 330.96	 6.1460	34.0126	26.7576	 1.50	 65.06	0.041	  168.62	 99.87
 335.00	 331.95	 6.1444	34.0130	26.7582	 1.49	 64.89	0.041	  168.62	 99.87
 336.00	 332.94	 6.1421	34.0126	26.7581	 1.49	 64.85	0.041	  168.62	 99.88
 337.00	 333.93	 6.1415	34.0127	26.7583	 1.49	 64.71	0.041	  168.59	 99.88
 338.00	 334.92	 6.1274	34.0120	26.7595	 1.49	 64.66	0.041	  168.57	 99.87
 339.00	 335.91	 6.1235	34.0132	26.7609	 1.48	 64.59	0.041	  168.54	 99.87
 340.00	 336.90	 6.1238	34.0136	26.7613	 1.49	 64.68	0.041	  168.56	 99.88
 341.00	 337.89	 6.1246	34.0135	26.7611	 1.48	 64.57	0.041	  168.56	 99.87
 342.00	 338.88	 6.1245	34.0135	26.7611	 1.48	 64.42	0.041	  168.54	 99.88
 343.00	 339.87	 6.1265	34.0142	26.7614	 1.48	 64.25	0.041	  168.62	 99.88
 344.00	 340.86	 6.1282	34.0145	26.7615	 1.48	 64.30	0.041	  168.61	 99.88
 345.00	 341.85	 6.1164	34.0135	26.7622	 1.48	 64.33	0.041	  168.57	 99.88
 346.00	 342.84	 6.1096	34.0137	26.7632	 1.48	 64.30	0.040	  168.64	 99.88
 347.00	 343.83	 6.1072	34.0134	26.7633	 1.48	 64.18	0.041	  168.55	 99.88
 348.00	 344.82	 6.1040	34.0135	26.7638	 1.47	 64.15	0.041	  168.56	 99.88
 349.00	 345.81	 6.0962	34.0123	26.7638	 1.48	 64.19	0.041	  168.55	 99.88
 350.00	 346.80	 6.0906	34.0131	26.7652	 1.48	 64.17	0.041	  168.51	 99.88
 351.00	 347.79	 6.0894	34.0134	26.7656	 1.47	 64.14	0.041	  168.48	 99.88
 352.00	 348.78	 6.0832	34.0125	26.7657	 1.47	 64.13	0.041	  168.53	 99.88
 353.00	 349.77	 6.0775	34.0125	26.7664	 1.47	 64.04	0.041	  168.59	 99.88
 354.00	 350.76	 6.0727	34.0124	26.7670	 1.47	 64.02	0.041	  168.55	 99.88
 355.00	 351.75	 6.0675	34.0126	26.7677	 1.47	 63.88	0.040	  168.54	 99.88
 356.00	 352.74	 6.0650	34.0130	26.7684	 1.47	 63.78	0.041	  168.58	 99.88
 357.00	 353.73	 6.0642	34.0129	26.7684	 1.46	 63.68	0.041	  168.58	 99.88
 358.00	 354.72	 6.0629	34.0131	26.7687	 1.46	 63.57	0.041	  168.57	 99.88
 359.00	 355.71	 6.0624	34.0131	26.7689	 1.46	 63.46	0.041	  168.54	 99.88
 360.00	 356.70	 6.0580	34.0131	26.7694	 1.46	 63.34	0.041	  168.50	 99.88
 361.00	 357.69	 6.0479	34.0145	26.7717	 1.45	 63.23	0.041	  168.51	 99.88
 362.00	 358.68	 6.0444	34.0151	26.7727	 1.45	 63.06	0.041	  168.54	 99.88
 363.00	 359.67	 6.0413	34.0155	26.7734	 1.45	 62.96	0.041	  168.48	 99.88
 364.00	 360.66	 6.0396	34.0157	26.7738	 1.45	 62.89	0.040	  168.47	 99.88
 365.00	 361.65	 6.0376	34.0158	26.7742	 1.45	 62.88	0.040	  168.48	 99.88
 366.00	 362.64	 6.0371	34.0159	26.7743	 1.44	 62.84	0.040	  168.51	 99.88
 367.00	 363.63	 6.0365	34.0162	26.7746	 1.44	 62.76	0.041	  168.51	 99.88
 368.00	 364.62	 6.0346	34.0163	26.7749	 1.44	 62.76	0.040	  168.48	 99.88
 369.00	 365.61	 6.0337	34.0163	26.7751	 1.44	 62.74	0.041	  168.42	 99.88
 370.00	 366.60	 6.0330	34.0166	26.7754	 1.44	 62.73	0.041	  168.44	 99.88
 371.00	 367.59	 6.0318	34.0163	26.7754	 1.44	 62.47	0.041	  168.45	 99.88
 372.00	 368.58	 6.0290	34.0166	26.7760	 1.43	 62.36	0.040	  168.42	 99.88
 373.00	 369.57	 6.0259	34.0173	26.7769	 1.43	 62.25	0.041	  168.46	 99.88
 374.00	 370.56	 6.0213	34.0172	26.7774	 1.43	 62.24	0.041	  168.46	 99.88
 375.00	 371.55	 6.0119	34.0170	26.7784	 1.43	 62.10	0.041	  168.45	 99.88
 376.00	 372.54	 6.0053	34.0172	26.7795	 1.43	 62.00	0.041	  168.48	 99.88
 377.00	 373.53	 5.9947	34.0176	26.7811	 1.42	 61.77	0.040	  168.49	 99.88
 378.00	 374.52	 5.9908	34.0179	26.7818	 1.42	 61.55	0.041	  168.51	 99.88
 379.00	 375.51	 5.9804	34.0174	26.7828	 1.41	 61.49	0.041	  168.51	 99.88
 380.00	 376.50	 5.9708	34.0185	26.7848	 1.41	 61.37	0.041	  168.49	 99.88
 381.00	 377.49	 5.9683	34.0188	26.7854	 1.41	 61.21	0.041	  168.48	 99.88
 382.00	 378.48	 5.9668	34.0193	26.7860	 1.41	 61.15	0.042	  168.46	 99.88
 383.00	 379.47	 5.9667	34.0195	26.7861	 1.41	 61.17	0.040	  168.45	 99.88
 384.00	 380.46	 5.9672	34.0200	26.7865	 1.40	 61.10	0.041	  168.42	 99.88
 385.00	 381.45	 5.9669	34.0201	26.7866	 1.40	 61.01	0.040	  168.45	 99.89
 386.00	 382.43	 5.9632	34.0195	26.7866	 1.40	 60.80	0.041	  168.40	 99.89
 387.00	 383.42	 5.9584	34.0203	26.7879	 1.40	 60.78	0.041	  168.45	 99.89
 388.00	 384.41	 5.9573	34.0204	26.7881	 1.40	 60.72	0.041	  168.42	 99.88
 389.00	 385.40	 5.9567	34.0206	26.7884	 1.39	 60.56	0.041	  168.48	 99.88
 390.00	 386.39	 5.9549	34.0209	26.7888	 1.39	 60.38	0.041	  168.51	 99.88
 391.00	 387.38	 5.9483	34.0218	26.7904	 1.38	 60.21	0.041	  168.48	 99.88
 392.00	 388.37	 5.9426	34.0222	26.7914	 1.38	 59.94	0.040	  168.46	 99.89
 393.00	 389.36	 5.9343	34.0228	26.7929	 1.38	 59.83	0.041	  168.45	 99.89
 394.00	 390.35	 5.9282	34.0237	26.7944	 1.37	 59.64	0.041	  168.42	 99.89
 395.00	 391.34	 5.9262	34.0241	26.7949	 1.37	 59.52	0.041	  168.44	 99.89
 396.00	 392.33	 5.9242	34.0243	26.7954	 1.37	 59.41	0.041	  168.40	 99.89
 397.00	 393.32	 5.9235	34.0243	26.7955	 1.36	 59.35	0.041	  168.43	 99.89
 398.00	 394.31	 5.9232	34.0241	26.7954	 1.36	 59.24	0.042	  168.38	 99.89
 399.00	 395.30	 5.9156	34.0241	26.7963	 1.36	 59.10	0.041	  168.39	 99.90
 400.00	 396.29	 5.9091	34.0251	26.7979	 1.36	 59.05	0.041	  168.40	 99.89
 401.00	 397.28	 5.9066	34.0250	26.7982	 1.36	 59.01	0.041	  168.41	 99.89
 402.00	 398.27	 5.9036	34.0256	26.7990	 1.35	 58.90	0.041	  168.42	 99.90
 403.00	 399.26	 5.9026	34.0259	26.7994	 1.35	 58.76	0.041	  168.42	 99.89
 404.00	 400.25	 5.9017	34.0259	26.7995	 1.34	 58.34	0.041	  168.40	 99.90
 405.00	 401.24	 5.8820	34.0278	26.8034	 1.33	 57.87	0.041	  168.43	 99.90
 406.00	 402.23	 5.8732	34.0300	26.8063	 1.33	 57.72	0.041	  168.44	 99.90
 407.00	 403.22	 5.8728	34.0300	26.8063	 1.33	 57.63	0.041	  168.43	 99.90
 408.00	 404.21	 5.8723	34.0301	26.8065	 1.32	 57.50	0.041	  168.39	 99.90
 409.00	 405.20	 5.8712	34.0301	26.8066	 1.32	 57.40	0.040	  168.48	 99.90
 410.00	 406.19	 5.8690	34.0300	26.8068	 1.32	 57.35	0.041	  168.39	 99.90
 411.00	 407.18	 5.8628	34.0293	26.8071	 1.32	 57.25	0.041	  168.34	 99.90
 412.00	 408.17	 5.8484	34.0303	26.8096	 1.31	 57.00	0.041	  168.38	 99.90
 413.00	 409.16	 5.8367	34.0311	26.8117	 1.30	 56.55	0.040	  168.40	 99.90
 414.00	 410.15	 5.8205	34.0323	26.8147	 1.29	 56.22	0.042	  168.38	 99.90
 415.00	 411.14	 5.8155	34.0331	26.8160	 1.29	 56.09	0.041	  168.39	 99.90
 416.00	 412.13	 5.8137	34.0335	26.8165	 1.28	 55.86	0.041	  168.38	 99.90
 417.00	 413.12	 5.8104	34.0333	26.8168	 1.28	 55.68	0.040	  168.39	 99.90
 418.00	 414.11	 5.8097	34.0337	26.8172	 1.28	 55.53	0.040	  168.38	 99.90
 419.00	 415.10	 5.7992	34.0335	26.8183	 1.27	 55.32	0.041	  168.38	 99.90
 420.00	 416.09	 5.7907	34.0356	26.8210	 1.27	 55.11	0.040	  168.37	 99.90
 421.00	 417.08	 5.7866	34.0361	26.8219	 1.26	 55.01	0.040	  168.43	 99.90
 422.00	 418.07	 5.7849	34.0365	26.8225	 1.26	 54.81	0.040	  168.43	 99.90
 423.00	 419.06	 5.7844	34.0367	26.8227	 1.26	 54.77	0.040	  168.51	 99.90
 424.00	 420.05	 5.7829	34.0371	26.8232	 1.26	 54.72	0.040	  168.39	 99.90
 425.00	 421.04	 5.7822	34.0371	26.8233	 1.26	 54.75	0.041	  168.41	 99.90
 426.00	 422.02	 5.7819	34.0372	26.8235	 1.26	 54.73	0.040	  168.49	 99.90
 427.00	 423.01	 5.7815	34.0373	26.8236	 1.26	 54.64	0.041	  168.39	 99.91
 428.00	 424.00	 5.7792	34.0372	26.8238	 1.25	 54.51	0.040	  168.40	 99.90
 429.00	 424.99	 5.7766	34.0374	26.8243	 1.25	 54.56	0.040	  168.42	 99.91
 430.00	 425.98	 5.7766	34.0375	26.8244	 1.25	 54.37	0.040	  168.32	 99.90
 431.00	 426.97	 5.7690	34.0376	26.8254	 1.25	 54.38	0.041	  168.38	 99.90
 432.00	 427.96	 5.7653	34.0379	26.8261	 1.25	 54.25	0.041	  168.35	 99.90
 433.00	 428.95	 5.7631	34.0379	26.8264	 1.25	 54.23	0.041	  168.34	 99.91
 434.00	 429.94	 5.7612	34.0384	26.8270	 1.25	 54.16	0.041	  168.38	 99.91
 435.00	 430.93	 5.7603	34.0382	26.8270	 1.24	 54.01	0.041	  168.34	 99.91
 436.00	 431.92	 5.7566	34.0380	26.8273	 1.24	 53.94	0.041	  168.26	 99.92
 437.00	 432.91	 5.7533	34.0384	26.8280	 1.24	 53.86	0.041	  168.31	 99.91
 438.00	 433.90	 5.7508	34.0390	26.8288	 1.24	 53.80	0.040	  168.30	 99.91
 439.00	 434.89	 5.7500	34.0392	26.8290	 1.23	 53.56	0.041	  168.27	 99.91
 440.00	 435.88	 5.7485	34.0401	26.8300	 1.22	 53.23	0.041	  168.23	 99.92
 441.00	 436.87	 5.7443	34.0406	26.8309	 1.21	 52.64	0.040	  168.24	 99.92
 442.00	 437.86	 5.7525	34.0479	26.8357	 1.20	 52.25	0.041	  168.28	 99.92
 443.00	 438.85	 5.7516	34.0482	26.8360	 1.19	 51.95	0.041	  168.27	 99.92
 444.00	 439.84	 5.7506	34.0496	26.8373	 1.19	 51.72	0.040	  168.36	 99.91
 445.00	 440.83	 5.7490	34.0501	26.8379	 1.18	 51.48	0.040	  168.30	 99.91
 446.00	 441.82	 5.7372	34.0517	26.8406	 1.18	 51.29	0.041	  168.27	 99.92
 447.00	 442.81	 5.7348	34.0527	26.8417	 1.17	 50.93	0.041	  168.33	 99.92
 448.00	 443.80	 5.7387	34.0556	26.8435	 1.16	 50.44	0.040	  168.28	 99.93
 449.00	 444.79	 5.7509	34.0575	26.8435	 1.15	 50.20	0.041	  168.31	 99.93
 450.00	 445.78	 5.7583	34.0602	26.8447	 1.15	 50.09	0.040	  168.27	 99.93
 451.00	 446.76	 5.7596	34.0597	26.8443	 1.15	 49.86	0.040	  168.26	 99.93
 452.00	 447.75	 5.7609	34.0593	26.8438	 1.14	 49.50	0.040	  168.29	 99.93
 453.00	 448.74	 5.7603	34.0607	26.8450	 1.13	 49.21	0.042	  168.29	 99.93
 454.00	 449.73	 5.7659	34.0658	26.8483	 1.12	 48.93	0.041	  168.27	 99.93
 455.00	 450.72	 5.7661	34.0656	26.8481	 1.12	 48.68	0.041	  168.27	 99.93
 456.00	 451.71	 5.7680	34.0673	26.8493	 1.11	 48.34	0.041	  168.27	 99.93
 457.00	 452.70	 5.7717	34.0693	26.8504	 1.10	 47.90	0.040	  168.26	 99.93
 458.00	 453.69	 5.7758	34.0726	26.8525	 1.09	 47.42	0.040	  168.23	 99.93
 459.00	 454.68	 5.7776	34.0745	26.8538	 1.08	 47.14	0.041	  168.23	 99.93
 460.00	 455.67	 5.7801	34.0758	26.8545	 1.08	 47.07	0.041	  168.22	 99.93
 461.00	 456.66	 5.7792	34.0767	26.8554	 1.08	 46.89	0.040	  168.22	 99.93
 462.00	 457.65	 5.7815	34.0783	26.8564	 1.07	 46.73	0.040	  168.20	 99.93
 463.00	 458.64	 5.7777	34.0791	26.8575	 1.07	 46.66	0.041	  168.27	 99.93
 464.00	 459.63	 5.7681	34.0790	26.8586	 1.07	 46.51	0.041	  168.27	 99.93
 465.00	 460.62	 5.7527	34.0793	26.8607	 1.07	 46.48	0.040	  168.26	 99.93
 466.00	 461.61	 5.7448	34.0793	26.8617	 1.07	 46.36	0.040	  168.26	 99.93
 467.00	 462.60	 5.7392	34.0793	26.8624	 1.06	 46.16	0.040	  168.27	 99.93
 468.00	 463.59	 5.7350	34.0793	26.8629	 1.06	 46.03	0.041	  168.25	 99.93
 469.00	 464.58	 5.7226	34.0790	26.8642	 1.06	 45.98	0.041	  168.27	 99.93
 470.00	 465.56	 5.7006	34.0782	26.8663	 1.06	 45.90	0.041	  168.25	 99.93
 471.00	 466.55	 5.6890	34.0777	26.8673	 1.05	 45.67	0.041	  168.18	 99.94
 472.00	 467.54	 5.6839	34.0798	26.8696	 1.04	 45.31	0.040	  168.26	 99.94
 473.00	 468.53	 5.6908	34.0837	26.8718	 1.04	 45.19	0.041	  168.26	 99.94
 474.00	 469.52	 5.6734	34.0806	26.8715	 1.04	 45.33	0.041	  168.21	 99.94
 475.00	 470.51	 5.6315	34.0762	26.8731	 1.04	 45.44	0.040	  168.26	 99.94
 476.00	 471.50	 5.6096	34.0745	26.8744	 1.04	 45.44	0.040	  168.27	 99.94
 477.00	 472.49	 5.5964	34.0744	26.8759	 1.05	 45.46	0.040	  168.28	 99.94
 478.00	 473.48	 5.5902	34.0736	26.8761	 1.05	 45.45	0.041	  168.25	 99.94
 479.00	 474.47	 5.5816	34.0736	26.8771	 1.04	 45.37	0.041	  168.23	 99.94
 480.00	 475.46	 5.5775	34.0745	26.8783	 1.04	 45.29	0.041	  168.28	 99.94
 481.00	 476.45	 5.5762	34.0752	26.8790	 1.04	 45.24	0.041	  168.27	 99.94
 482.00	 477.44	 5.5718	34.0745	26.8791	 1.04	 45.17	0.041	  168.26	 99.94
 483.00	 478.43	 5.5661	34.0750	26.8802	 1.04	 45.03	0.040	  168.23	 99.94
 484.00	 479.42	 5.5630	34.0750	26.8805	 1.03	 44.95	0.041	  168.19	 99.94
 485.00	 480.41	 5.5525	34.0737	26.8808	 1.03	 44.88	0.040	  168.29	 99.94
 486.00	 481.40	 5.5401	34.0746	26.8830	 1.03	 44.73	0.040	  168.30	 99.94
 487.00	 482.38	 5.5366	34.0762	26.8847	 1.03	 44.60	0.040	  168.31	 99.94
 488.00	 483.37	 5.5367	34.0768	26.8852	 1.02	 44.39	0.041	  168.27	 99.94
 489.00	 484.36	 5.5364	34.0775	26.8857	 1.01	 43.97	0.041	  168.15	 99.94
 490.00	 485.35	 5.5276	34.0792	26.8882	 1.00	 43.66	0.040	  168.18	 99.94
 491.00	 486.34	 5.5073	34.0813	26.8923	 1.00	 43.46	0.040	  168.18	 99.94
 492.00	 487.33	 5.5002	34.0812	26.8930	 0.99	 43.00	0.040	  168.19	 99.94
 493.00	 488.32	 5.4967	34.0846	26.8961	 0.98	 42.48	0.042	  168.19	 99.94
 494.00	 489.31	 5.5132	34.0904	26.8987	 0.97	 42.00	0.040	  168.19	 99.94
 495.00	 490.30	 5.5213	34.0927	26.8997	 0.95	 41.51	0.040	  168.26	 99.94
 496.00	 491.29	 5.5212	34.0939	26.9006	 0.95	 41.21	0.040	  168.18	 99.95
 497.00	 492.28	 5.5208	34.0947	26.9013	 0.94	 41.07	0.041	  168.25	 99.95
 498.00	 493.27	 5.5204	34.0954	26.9019	 0.94	 40.93	0.040	  168.18	 99.95
 499.00	 494.26	 5.5196	34.0956	26.9021	 0.94	 40.75	0.040	  168.20	 99.95
 500.00	 495.25	 5.5171	34.0958	26.9026	 0.93	 40.52	0.040	  168.20	 99.95
 501.00	 496.24	 5.5144	34.0967	26.9037	 0.92	 40.19	0.040	  168.24	 99.95
 502.00	 497.22	 5.5078	34.0982	26.9057	 0.92	 39.95	0.040	  168.24	 99.95
 503.00	 498.21	 5.5027	34.0998	26.9075	 0.91	 39.79	0.040	  168.25	 99.95
 504.00	 499.20	 5.4974	34.1011	26.9092	 0.91	 39.57	0.040	  168.22	 99.95
 505.00	 500.19	 5.4950	34.1017	26.9100	 0.91	 39.46	0.040	  168.26	 99.95
 506.00	 501.18	 5.4923	34.1022	26.9108	 0.90	 39.27	0.040	  168.19	 99.95
 507.00	 502.17	 5.4862	34.1029	26.9120	 0.90	 39.10	0.041	  168.16	 99.95
 508.00	 503.16	 5.4830	34.1039	26.9132	 0.90	 38.95	0.040	  168.17	 99.95
 509.00	 504.15	 5.4763	34.1030	26.9133	 0.89	 38.78	0.041	  168.13	 99.95
 510.00	 505.14	 5.4543	34.1053	26.9178	 0.89	 38.66	0.040	  168.14	 99.95
 511.00	 506.13	 5.4475	34.1049	26.9182	 0.89	 38.58	0.040	  168.20	 99.95
 512.00	 507.12	 5.4283	34.1039	26.9197	 0.88	 38.47	0.041	  168.18	 99.96
 513.00	 508.11	 5.4215	34.1055	26.9218	 0.88	 38.23	0.041	  168.16	 99.96
 514.00	 509.10	 5.4214	34.1062	26.9224	 0.88	 38.12	0.040	  168.16	 99.96
 515.00	 510.08	 5.4202	34.1065	26.9228	 0.87	 37.97	0.040	  168.20	 99.95
 516.00	 511.07	 5.4163	34.1068	26.9235	 0.87	 37.77	0.040	  168.21	 99.95
 517.00	 512.06	 5.4130	34.1075	26.9245	 0.86	 37.60	0.041	  168.18	 99.95
 518.00	 513.05	 5.4018	34.1078	26.9260	 0.86	 37.38	0.041	  168.18	 99.96
 519.00	 514.04	 5.3862	34.1099	26.9295	 0.85	 37.13	0.041	  168.23	 99.96
 520.00	 515.03	 5.3754	34.1111	26.9317	 0.85	 36.93	0.041	  168.22	 99.96
 521.00	 516.02	 5.3706	34.1116	26.9327	 0.85	 36.78	0.040	  168.22	 99.96
 522.00	 517.01	 5.3679	34.1119	26.9333	 0.84	 36.65	0.040	  168.24	 99.97
 523.00	 518.00	 5.3667	34.1121	26.9336	 0.84	 36.65	0.041	  168.24	 99.97
 524.00	 518.99	 5.3640	34.1123	26.9341	 0.84	 36.62	0.040	  168.21	 99.97
 525.00	 519.98	 5.3616	34.1125	26.9346	 0.84	 36.61	0.040	  168.22	 99.97
 526.00	 520.97	 5.3592	34.1127	26.9350	 0.84	 36.50	0.041	  168.25	 99.97
 527.00	 521.96	 5.3548	34.1134	26.9361	 0.84	 36.44	0.041	  168.18	 99.97
 528.00	 522.94	 5.3528	34.1138	26.9366	 0.83	 36.24	0.041	  168.13	 99.97
 529.00	 523.93	 5.3501	34.1142	26.9373	 0.83	 36.14	0.040	  168.15	 99.97
 530.00	 524.92	 5.3475	34.1144	26.9377	 0.83	 36.06	0.040	  168.15	 99.96
 531.00	 525.91	 5.3446	34.1148	26.9384	 0.83	 35.93	0.040	  168.13	 99.97
 532.00	 526.90	 5.3422	34.1146	26.9386	 0.82	 35.83	0.040	  168.13	 99.97
 533.00	 527.89	 5.3335	34.1151	26.9400	 0.82	 35.75	0.040	  168.13	 99.97
 534.00	 528.88	 5.3268	34.1153	26.9409	 0.82	 35.62	0.040	  168.13	 99.97
 535.00	 529.87	 5.3102	34.1157	26.9432	 0.82	 35.48	0.041	  168.13	 99.97
 536.00	 530.86	 5.2994	34.1164	26.9450	 0.81	 35.34	0.040	  168.13	 99.97
 537.00	 531.85	 5.2947	34.1168	26.9460	 0.81	 35.20	0.040	  168.12	 99.97
 538.00	 532.84	 5.2929	34.1172	26.9464	 0.81	 35.09	0.040	  168.11	 99.98
 539.00	 533.83	 5.2883	34.1175	26.9473	 0.81	 35.02	0.040	  168.16	 99.98
 540.00	 534.81	 5.2780	34.1169	26.9480	 0.80	 34.95	0.040	  168.22	 99.98
 541.00	 535.80	 5.2713	34.1178	26.9495	 0.80	 34.82	0.040	  168.12	 99.98
 542.00	 536.79	 5.2694	34.1182	26.9500	 0.80	 34.75	0.040	  168.22	 99.98
 543.00	 537.78	 5.2676	34.1186	26.9506	 0.80	 34.68	0.040	  168.12	 99.98
 544.00	 538.77	 5.2690	34.1198	26.9513	 0.79	 34.49	0.040	  168.11	 99.98
 545.00	 539.76	 5.2736	34.1231	26.9534	 0.78	 34.08	0.041	  168.12	 99.98
 546.00	 540.75	 5.2793	34.1264	26.9555	 0.78	 33.82	0.041	  168.21	 99.98
 547.00	 541.74	 5.2809	34.1274	26.9561	 0.77	 33.58	0.041	  168.13	 99.98
 548.00	 542.73	 5.2803	34.1280	26.9566	 0.77	 33.54	0.041	  168.13	 99.98
 549.00	 543.72	 5.2789	34.1282	26.9569	 0.77	 33.52	0.042	  168.11	 99.98
 550.00	 544.71	 5.2775	34.1281	26.9570	 0.77	 33.40	0.041	  168.12	 99.98
 551.00	 545.69	 5.2713	34.1282	26.9579	 0.76	 33.22	0.041	  168.08	 99.98
 552.00	 546.68	 5.2602	34.1285	26.9594	 0.76	 33.18	0.041	  168.06	 99.98
 553.00	 547.67	 5.2538	34.1287	26.9603	 0.76	 33.17	0.040	  168.10	 99.98
 554.00	 548.66	 5.2526	34.1292	26.9609	 0.76	 33.03	0.040	  168.06	 99.98
 555.00	 549.65	 5.2526	34.1295	26.9611	 0.76	 33.04	0.040	  168.06	 99.98
 556.00	 550.64	 5.2527	34.1295	26.9611	 0.76	 33.00	0.040	  168.10	 99.98
 557.00	 551.63	 5.2525	34.1298	26.9614	 0.76	 32.95	0.040	  168.05	 99.98
 558.00	 552.62	 5.2517	34.1297	26.9614	 0.76	 32.91	0.041	  167.98	 99.98
 559.00	 553.61	 5.2476	34.1300	26.9621	 0.76	 32.85	0.040	  167.93	 99.98
 560.00	 554.60	 5.2462	34.1300	26.9623	 0.76	 32.92	0.041	  168.04	 99.98
 561.00	 555.58	 5.2416	34.1299	26.9627	 0.76	 32.93	0.042	  168.04	 99.98
 562.00	 556.57	 5.2346	34.1300	26.9637	 0.76	 32.89	0.042	  168.02	 99.98
 563.00	 557.56	 5.2286	34.1296	26.9641	 0.75	 32.79	0.042	  168.04	 99.98
 564.00	 558.55	 5.2226	34.1296	26.9648	 0.75	 32.72	0.040	  168.05	 99.98
 565.00	 559.54	 5.2151	34.1295	26.9655	 0.75	 32.71	0.040	  168.04	 99.98
 566.00	 560.53	 5.2120	34.1298	26.9662	 0.75	 32.59	0.041	  168.05	 99.98
 567.00	 561.52	 5.2111	34.1299	26.9663	 0.75	 32.59	0.042	  168.05	 99.98
 568.00	 562.51	 5.2094	34.1300	26.9667	 0.75	 32.55	0.041	  168.04	 99.98
 569.00	 563.50	 5.2058	34.1300	26.9671	 0.75	 32.55	0.040	  167.99	 99.98
 570.00	 564.49	 5.2022	34.1301	26.9675	 0.75	 32.42	0.040	  167.99	 99.98
 571.00	 565.47	 5.1984	34.1301	26.9681	 0.74	 32.38	0.040	  168.00	 99.98
 572.00	 566.46	 5.1942	34.1301	26.9685	 0.74	 32.34	0.040	  167.99	 99.98
 573.00	 567.45	 5.1876	34.1296	26.9689	 0.74	 32.23	0.040	  168.00	 99.98
 574.00	 568.44	 5.1640	34.1278	26.9702	 0.74	 32.20	0.040	  168.00	 99.98
 575.00	 569.43	 5.1312	34.1280	26.9741	 0.74	 32.20	0.041	  168.03	 99.98
 576.00	 570.42	 5.1281	34.1276	26.9742	 0.74	 32.19	0.041	  168.00	 99.98
 577.00	 571.41	 5.1216	34.1279	26.9752	 0.74	 32.02	0.041	  168.00	 99.98
 578.00	 572.40	 5.1205	34.1284	26.9757	 0.73	 31.95	0.041	  168.00	 99.98
 579.00	 573.39	 5.1200	34.1284	26.9758	 0.73	 31.80	0.040	  167.98	 99.98
 580.00	 574.38	 5.1183	34.1288	26.9763	 0.73	 31.88	0.040	  168.00	 99.98
 581.00	 575.36	 5.1142	34.1287	26.9768	 0.73	 31.76	0.040	  167.98	 99.98
 582.00	 576.35	 5.1097	34.1285	26.9770	 0.73	 31.67	0.041	  168.03	 99.98
 583.00	 577.34	 5.1039	34.1284	26.9777	 0.73	 31.60	0.040	  167.99	 99.98
 584.00	 578.33	 5.0939	34.1280	26.9785	 0.72	 31.47	0.040	  168.00	 99.98
 585.00	 579.32	 5.0782	34.1290	26.9811	 0.72	 31.33	0.040	  167.98	 99.98
 586.00	 580.31	 5.0759	34.1296	26.9819	 0.72	 31.25	0.040	  168.01	 99.98
 587.00	 581.30	 5.0754	34.1300	26.9822	 0.72	 31.11	0.041	  167.99	 99.98
 588.00	 582.29	 5.0752	34.1302	26.9824	 0.72	 31.16	0.041	  168.02	 99.98
 589.00	 583.28	 5.0749	34.1303	26.9826	 0.71	 30.99	0.040	  168.05	 99.98
 590.00	 584.26	 5.0728	34.1310	26.9834	 0.71	 30.92	0.040	  167.99	 99.98
 591.00	 585.25	 5.0715	34.1316	26.9840	 0.71	 31.03	0.041	  167.89	 99.98
 592.00	 586.24	 5.0706	34.1318	26.9843	 0.71	 30.96	0.041	  167.97	 99.98
 593.00	 587.23	 5.0690	34.1324	26.9849	 0.71	 30.73	0.040	  167.92	 99.99
 594.00	 588.22	 5.0645	34.1341	26.9868	 0.70	 30.52	0.040	  167.93	 99.98
 595.00	 589.21	 5.0627	34.1357	26.9883	 0.70	 30.30	0.040	  167.90	 99.98
 596.00	 590.20	 5.0578	34.1361	26.9892	 0.69	 30.12	0.040	  167.92	 99.98
 597.00	 591.19	 5.0549	34.1383	26.9913	 0.69	 29.84	0.040	  167.94	 99.98
 598.00	 592.17	 5.0546	34.1412	26.9936	 0.68	 29.63	0.041	  167.96	 99.99
 599.00	 593.16	 5.0548	34.1431	26.9951	 0.68	 29.41	0.041	  167.92	 99.99
 600.00	 594.15	 5.0546	34.1450	26.9967	 0.67	 29.26	0.041	  167.94	 99.99
 601.00	 595.14	 5.0520	34.1466	26.9982	 0.67	 29.10	0.041	  167.96	 99.99
 602.00	 596.13	 5.0501	34.1474	26.9991	 0.66	 28.85	0.041	  168.00	 99.99
 603.00	 597.12	 5.0474	34.1482	27.0000	 0.66	 28.70	0.041	  168.00	 99.99
 604.00	 598.11	 5.0450	34.1485	27.0005	 0.66	 28.68	0.041	  167.98	 99.99
 605.00	 599.10	 5.0395	34.1495	27.0020	 0.66	 28.58	0.040	  167.99	 99.99
 606.00	 600.09	 5.0358	34.1497	27.0026	 0.66	 28.52	0.040	  167.95	 99.99
 607.00	 601.07	 5.0263	34.1491	27.0032	 0.66	 28.50	0.040	  167.99	 99.99
 608.00	 602.06	 5.0092	34.1491	27.0052	 0.65	 28.41	0.040	  168.00	 99.99
 609.00	 603.05	 5.0001	34.1499	27.0068	 0.65	 28.32	0.040	  167.91	100.00
 610.00	 604.04	 4.9997	34.1501	27.0071	 0.65	 28.27	0.040	  167.91	100.00
 611.00	 605.03	 4.9990	34.1503	27.0072	 0.65	 28.18	0.041	  167.90	100.00
 612.00	 606.02	 4.9978	34.1505	27.0076	 0.65	 28.17	0.041	  167.95	 99.99
 613.00	 607.01	 4.9972	34.1510	27.0081	 0.65	 28.06	0.040	  167.98	 99.99
 614.00	 608.00	 4.9971	34.1510	27.0081	 0.64	 28.01	0.040	  168.02	100.00
 615.00	 608.98	 4.9969	34.1511	27.0082	 0.64	 28.04	0.041	  167.94	100.00
 616.00	 609.97	 4.9963	34.1516	27.0086	 0.64	 27.93	0.041	  167.90	100.00
 617.00	 610.96	 4.9955	34.1521	27.0091	 0.64	 27.86	0.041	  167.92	100.00
 618.00	 611.95	 4.9952	34.1523	27.0094	 0.64	 27.94	0.040	  167.99	100.00
 619.00	 612.94	 4.9938	34.1525	27.0097	 0.64	 27.88	0.040	  167.95	100.00
 620.00	 613.93	 4.9898	34.1525	27.0101	 0.64	 27.86	0.041	  167.85	100.00
 621.00	 614.92	 4.9812	34.1520	27.0108	 0.64	 27.89	0.040	  167.89	100.00
 622.00	 615.91	 4.9778	34.1517	27.0109	 0.64	 27.88	0.040	  167.90	100.00
 623.00	 616.89	 4.9663	34.1506	27.0113	 0.64	 27.79	0.041	  167.88	100.00
 624.00	 617.88	 4.9680	34.1540	27.0139	 0.64	 27.65	0.040	  167.90	100.00
 625.00	 618.87	 4.9714	34.1548	27.0141	 0.63	 27.50	0.040	  167.89	100.00
 626.00	 619.86	 4.9726	34.1559	27.0149	 0.63	 27.33	0.042	  167.87	100.00
 627.00	 620.85	 4.9645	34.1561	27.0160	 0.63	 27.21	0.042	  167.84	100.00
 628.00	 621.84	 4.9525	34.1586	27.0193	 0.62	 27.08	0.041	  167.85	100.00
 629.00	 622.83	 4.9489	34.1575	27.0188	 0.62	 27.13	0.041	  167.89	100.00
 630.00	 623.82	 4.9335	34.1561	27.0194	 0.62	 27.18	0.040	  167.93	100.00
 631.00	 624.80	 4.9281	34.1571	27.0209	 0.62	 27.10	0.041	  167.98	100.00
 632.00	 625.79	 4.9265	34.1576	27.0214	 0.62	 26.99	0.042	  167.86	100.00
 633.00	 626.78	 4.9247	34.1573	27.0214	 0.62	 26.96	0.042	  167.83	100.00
 634.00	 627.77	 4.9182	34.1576	27.0224	 0.62	 26.91	0.041	  167.85	100.00
 635.00	 628.76	 4.9145	34.1577	27.0229	 0.62	 26.86	0.040	  167.86	100.00
 636.00	 629.75	 4.9125	34.1579	27.0233	 0.62	 26.75	0.040	  167.83	100.00
 637.00	 630.74	 4.9100	34.1579	27.0236	 0.61	 26.63	0.041	  167.78	100.00
 638.00	 631.72	 4.8907	34.1593	27.0269	 0.61	 26.44	0.040	  167.84	100.00
 639.00	 632.71	 4.8785	34.1622	27.0306	 0.61	 26.32	0.041	  167.78	100.00
 640.00	 633.70	 4.8757	34.1627	27.0313	 0.60	 26.30	0.041	  167.79	100.00
 641.00	 634.69	 4.8719	34.1633	27.0322	 0.60	 26.17	0.041	  167.75	100.00
 642.00	 635.68	 4.8677	34.1638	27.0331	 0.60	 25.95	0.041	  167.85	100.00
 643.00	 636.67	 4.8616	34.1649	27.0346	 0.59	 25.81	0.041	  167.85	100.00
 644.00	 637.66	 4.8547	34.1663	27.0365	 0.59	 25.63	0.041	  167.80	100.00
 645.00	 638.64	 4.8490	34.1674	27.0380	 0.59	 25.44	0.041	  167.84	100.00
 646.00	 639.63	 4.8390	34.1697	27.0410	 0.58	 25.23	0.042	  167.78	100.00
 647.00	 640.62	 4.8351	34.1708	27.0423	 0.58	 25.13	0.040	  167.78	100.00
 648.00	 641.61	 4.8328	34.1712	27.0429	 0.57	 24.94	0.041	  167.75	100.00
 649.00	 642.60	 4.8303	34.1716	27.0435	 0.57	 24.84	0.042	  167.79	100.00
 650.00	 643.59	 4.8289	34.1720	27.0440	 0.57	 24.81	0.042	  167.77	100.00
 651.00	 644.58	 4.8217	34.1734	27.0459	 0.57	 24.77	0.041	  167.77	100.00
 652.00	 645.57	 4.8171	34.1745	27.0473	 0.56	 24.49	0.041	  167.78	100.00
 653.00	 646.55	 4.8115	34.1749	27.0482	 0.56	 24.33	0.041	  167.77	100.00
 654.00	 647.54	 4.8024	34.1766	27.0506	 0.56	 24.14	0.041	  167.76	100.00
 655.00	 648.53	 4.7952	34.1786	27.0530	 0.55	 24.00	0.041	  167.77	100.00
 656.00	 649.52	 4.7923	34.1791	27.0537	 0.55	 23.92	0.042	  167.77	100.00
 657.00	 650.51	 4.7887	34.1798	27.0547	 0.55	 23.90	0.041	  167.67	100.00
 658.00	 651.50	 4.7862	34.1806	27.0556	 0.55	 23.83	0.041	  167.75	100.00
 659.00	 652.49	 4.7858	34.1808	27.0559	 0.54	 23.68	0.040	  167.76	100.00
 660.00	 653.47	 4.7861	34.1809	27.0559	 0.55	 23.74	0.040	  167.78	100.00
 661.00	 654.46	 4.7854	34.1811	27.0561	 0.54	 23.67	0.040	  167.73	100.00
 662.00	 655.45	 4.7846	34.1815	27.0566	 0.54	 23.54	0.042	  167.75	100.00
 663.00	 656.44	 4.7842	34.1816	27.0567	 0.54	 23.43	0.041	  167.77	100.00
 664.00	 657.43	 4.7815	34.1823	27.0575	 0.54	 23.33	0.040	  167.79	100.00
 665.00	 658.42	 4.7769	34.1831	27.0588	 0.53	 23.20	0.040	  167.72	100.00
 666.00	 659.40	 4.7664	34.1843	27.0608	 0.53	 23.03	0.040	  167.69	100.00
 667.00	 660.39	 4.7568	34.1863	27.0635	 0.53	 22.90	0.040	  167.71	100.00
 668.00	 661.38	 4.7545	34.1867	27.0641	 0.52	 22.78	0.040	  167.77	100.00
 669.00	 662.37	 4.7515	34.1874	27.0650	 0.52	 22.77	0.040	  167.78	100.00
 670.00	 663.36	 4.7514	34.1875	27.0651	 0.52	 22.72	0.040	  167.77	100.00
 671.00	 664.35	 4.7512	34.1877	27.0653	 0.52	 22.63	0.040	  167.80	100.00
 672.00	 665.34	 4.7502	34.1881	27.0657	 0.52	 22.57	0.040	  167.73	100.00
 673.00	 666.32	 4.7490	34.1890	27.0666	 0.52	 22.55	0.040	  167.67	100.00
 674.00	 667.31	 4.7491	34.1893	27.0668	 0.52	 22.44	0.041	  167.72	100.00
 675.00	 668.30	 4.7494	34.1897	27.0671	 0.51	 22.37	0.040	  167.68	100.00
 676.00	 669.29	 4.7494	34.1901	27.0675	 0.51	 22.28	0.040	  167.70	100.00
 677.00	 670.28	 4.7494	34.1903	27.0676	 0.51	 22.19	0.040	  167.69	100.00
 678.00	 671.27	 4.7493	34.1906	27.0679	 0.51	 22.31	0.041	  167.69	100.00
 679.00	 672.26	 4.7492	34.1908	27.0680	 0.51	 22.35	0.040	  167.70	100.00
 680.00	 673.24	 4.7486	34.1910	27.0682	 0.51	 22.23	0.041	  167.74	100.00
 681.00	 674.23	 4.7485	34.1914	27.0686	 0.51	 22.21	0.041	  167.76	100.00
 682.00	 675.22	 4.7486	34.1916	27.0688	 0.51	 22.09	0.040	  167.61	100.00
 683.00	 676.21	 4.7486	34.1920	27.0691	 0.51	 22.05	0.041	  167.64	100.00
 684.00	 677.20	 4.7477	34.1934	27.0703	 0.50	 21.88	0.042	  167.66	100.00
 685.00	 678.19	 4.7436	34.1953	27.0722	 0.50	 21.76	0.041	  167.63	100.00
 686.00	 679.17	 4.7392	34.1976	27.0746	 0.50	 21.58	0.040	  167.67	100.00
 687.00	 680.16	 4.7357	34.1988	27.0760	 0.49	 21.45	0.040	  167.63	100.00
 688.00	 681.15	 4.7256	34.2014	27.0791	 0.49	 21.29	0.040	  167.59	100.00
 689.00	 682.14	 4.7167	34.2024	27.0809	 0.49	 21.19	0.040	  167.64	100.00
 690.00	 683.13	 4.7077	34.2034	27.0827	 0.49	 21.12	0.041	  167.63	100.00
 691.00	 684.12	 4.7042	34.2033	27.0830	 0.48	 20.98	0.041	  167.65	100.00
 692.00	 685.10	 4.6979	34.2030	27.0835	 0.48	 20.92	0.041	  167.62	100.00
 693.00	 686.09	 4.6805	34.2027	27.0851	 0.48	 20.89	0.041	  167.66	100.00
 694.00	 687.08	 4.6728	34.2035	27.0867	 0.48	 20.80	0.042	  167.62	100.00
 695.00	 688.07	 4.6695	34.2041	27.0875	 0.48	 20.80	0.040	  167.61	100.00
 696.00	 689.06	 4.6677	34.2040	27.0876	 0.48	 20.90	0.040	  167.55	100.00
 697.00	 690.05	 4.6657	34.2043	27.0881	 0.48	 20.70	0.041	  167.59	100.00
 698.00	 691.03	 4.6641	34.2045	27.0884	 0.48	 20.74	0.041	  167.67	100.00
 699.00	 692.02	 4.6619	34.2046	27.0888	 0.48	 20.69	0.040	  167.64	100.00
 700.00	 693.01	 4.6598	34.2048	27.0891	 0.47	 20.60	0.041	  167.61	100.00
 701.00	 694.00	 4.6559	34.2047	27.0895	 0.47	 20.57	0.041	  167.61	100.00
 702.00	 694.99	 4.6492	34.2057	27.0911	 0.47	 20.53	0.040	  167.64	100.00
 703.00	 695.98	 4.6474	34.2060	27.0915	 0.47	 20.54	0.040	  167.64	100.00
 704.00	 696.97	 4.6434	34.2063	27.0922	 0.47	 20.54	0.041	  167.59	100.00
 705.00	 697.95	 4.6406	34.2070	27.0930	 0.47	 20.46	0.042	  167.56	100.00
 706.00	 698.94	 4.6381	34.2074	27.0937	 0.47	 20.33	0.042	  167.57	100.00
 707.00	 699.93	 4.6369	34.2078	27.0941	 0.47	 20.30	0.041	  167.63	100.00
 708.00	 700.92	 4.6326	34.2082	27.0949	 0.47	 20.27	0.040	  167.62	100.00
 709.00	 701.91	 4.6272	34.2088	27.0960	 0.47	 20.27	0.041	  167.56	100.00
 710.00	 702.89	 4.6257	34.2092	27.0965	 0.47	 20.29	0.041	  167.50	100.00
 711.00	 703.88	 4.6245	34.2090	27.0965	 0.47	 20.34	0.040	  167.54	100.00
 712.00	 704.87	 4.6231	34.2095	27.0970	 0.46	 20.21	0.040	  167.54	100.00
 713.00	 705.86	 4.6227	34.2100	27.0974	 0.46	 20.06	0.040	  167.50	100.00
 714.00	 706.85	 4.6217	34.2102	27.0978	 0.46	 20.08	0.040	  167.58	100.00
 715.00	 707.84	 4.6195	34.2103	27.0980	 0.46	 20.01	0.041	  167.60	100.00
 716.00	 708.82	 4.6160	34.2104	27.0985	 0.46	 20.04	0.040	  167.57	100.00
 717.00	 709.81	 4.6116	34.2109	27.0994	 0.46	 20.08	0.041	  167.48	100.00
 718.00	 710.80	 4.6095	34.2109	27.0997	 0.46	 20.05	0.042	  167.59	100.00
 719.00	 711.79	 4.6082	34.2113	27.1001	 0.46	 20.06	0.042	  167.55	100.00
 720.00	 712.78	 4.6080	34.2114	27.1003	 0.46	 20.05	0.042	  167.51	100.00
 721.00	 713.77	 4.6051	34.2117	27.1008	 0.46	 20.03	0.041	  167.53	100.00
 722.00	 714.75	 4.6021	34.2123	27.1016	 0.46	 20.03	0.040	  167.52	100.00
 723.00	 715.74	 4.6008	34.2125	27.1020	 0.46	 20.05	0.040	  167.54	100.00
 724.00	 716.73	 4.5991	34.2130	27.1025	 0.46	 20.07	0.040	  167.51	100.00
 725.00	 717.72	 4.5977	34.2133	27.1029	 0.46	 20.07	0.040	  167.51	100.00
 726.00	 718.71	 4.5965	34.2134	27.1032	 0.46	 20.07	0.041	  167.50	100.00
 727.00	 719.70	 4.5952	34.2135	27.1034	 0.46	 20.00	0.042	  167.50	100.00
 728.00	 720.68	 4.5935	34.2142	27.1041	 0.46	 19.85	0.042	  167.50	100.00
 729.00	 721.67	 4.5903	34.2145	27.1047	 0.46	 19.85	0.042	  167.49	100.00
 730.00	 722.66	 4.5891	34.2149	27.1051	 0.46	 19.82	0.041	  167.55	 68.95
 731.00	 723.65	 4.5889	34.2149	27.1052	 0.45	 19.76	0.040	  167.51	 99.08
 732.00	 724.64	 4.5884	34.2149	27.1053	 0.46	 19.81	0.041	  167.52	100.00
 733.00	 725.62	 4.5875	34.2151	27.1055	 0.45	 19.71	0.040	  167.44	100.00
 734.00	 726.61	 4.5863	34.2153	27.1059	 0.45	 19.62	0.040	  167.51	100.00
 735.00	 727.60	 4.5828	34.2156	27.1065	 0.45	 19.59	0.040	  167.41	100.00
 736.00	 728.59	 4.5776	34.2172	27.1083	 0.45	 19.46	0.040	  167.49	100.00
 737.00	 729.58	 4.5769	34.2174	27.1085	 0.45	 19.45	0.040	  167.52	100.00
 738.00	 730.57	 4.5755	34.2175	27.1088	 0.45	 19.50	0.041	  167.46	100.00
 739.00	 731.55	 4.5733	34.2179	27.1093	 0.45	 19.46	0.042	  167.52	100.00
 740.00	 732.54	 4.5688	34.2188	27.1105	 0.45	 19.36	0.041	  167.51	100.00
 741.00	 733.53	 4.5662	34.2194	27.1113	 0.44	 19.26	0.041	  167.45	100.00
 742.00	 734.52	 4.5636	34.2198	27.1119	 0.44	 19.32	0.041	  167.45	100.00
 743.00	 735.51	 4.5603	34.2205	27.1128	 0.44	 19.34	0.041	  167.45	100.00
 744.00	 736.49	 4.5570	34.2210	27.1136	 0.45	 19.37	0.040	  167.46	100.00
 745.00	 737.48	 4.5528	34.2217	27.1146	 0.44	 19.31	0.040	  167.49	100.00
 746.00	 738.47	 4.5421	34.2233	27.1171	 0.44	 19.20	0.040	  167.49	100.00
 747.00	 739.46	 4.5341	34.2255	27.1197	 0.44	 19.01	0.042	  167.50	100.00
 748.00	 740.45	 4.5303	34.2262	27.1206	 0.44	 19.02	0.042	  167.54	100.00
 749.00	 741.44	 4.5228	34.2277	27.1227	 0.44	 19.06	0.041	  167.41	100.00
 750.00	 742.42	 4.5197	34.2283	27.1235	 0.44	 18.98	0.040	  167.44	100.00
 751.00	 743.41	 4.5167	34.2290	27.1244	 0.43	 18.89	0.041	  167.32	100.00
 752.00	 744.40	 4.5138	34.2296	27.1252	 0.44	 18.92	0.042	  167.43	100.00
 753.00	 745.39	 4.5120	34.2301	27.1258	 0.43	 18.83	0.042	  167.33	100.00
 754.00	 746.38	 4.5115	34.2302	27.1259	 0.43	 18.75	0.041	  167.38	100.00
 755.00	 747.36	 4.5109	34.2304	27.1262	 0.43	 18.72	0.040	  167.40	100.00
 756.00	 748.35	 4.5095	34.2305	27.1264	 0.43	 18.58	0.040	  167.39	100.00
 757.00	 749.34	 4.5053	34.2316	27.1277	 0.43	 18.66	0.040	  167.40	100.00
 758.00	 750.33	 4.5042	34.2317	27.1279	 0.43	 18.63	0.040	  167.39	100.00
 759.00	 751.32	 4.5030	34.2319	27.1282	 0.43	 18.54	0.041	  167.32	100.00
 760.00	 752.30	 4.5017	34.2323	27.1287	 0.43	 18.58	0.041	  167.38	100.00
 761.00	 753.29	 4.5001	34.2325	27.1290	 0.43	 18.60	0.040	  167.36	100.00
 762.00	 754.28	 4.4989	34.2331	27.1297	 0.43	 18.57	0.042	  167.34	100.00
 763.00	 755.27	 4.4988	34.2331	27.1297	 0.43	 18.59	0.041	  167.33	100.00
 764.00	 756.26	 4.4981	34.2332	27.1298	 0.43	 18.56	0.040	  167.29	100.00
 765.00	 757.24	 4.4976	34.2332	27.1299	 0.42	 18.47	0.041	  167.37	100.00
 766.00	 758.23	 4.4968	34.2333	27.1301	 0.42	 18.39	0.042	  167.35	100.00
 767.00	 759.22	 4.4936	34.2339	27.1309	 0.42	 18.39	0.041	  167.39	100.00
 768.00	 760.21	 4.4950	34.2335	27.1305	 0.42	 18.40	0.040	  167.27	100.00
 769.00	 761.20	 4.4801	34.2359	27.1339	 0.42	 18.31	0.040	  167.34	100.00
 770.00	 762.18	 4.4721	34.2380	27.1365	 0.42	 18.21	0.041	  167.32	100.00
 771.00	 763.17	 4.4670	34.2390	27.1379	 0.42	 18.16	0.042	  167.24	100.00
 772.00	 764.16	 4.4647	34.2395	27.1385	 0.42	 18.11	0.041	  167.29	100.00
 773.00	 765.15	 4.4614	34.2398	27.1391	 0.42	 18.12	0.040	  167.29	100.00
 774.00	 766.14	 4.4546	34.2409	27.1407	 0.42	 18.18	0.041	  167.27	100.00
 775.00	 767.12	 4.4466	34.2427	27.1430	 0.42	 18.05	0.042	  167.25	100.00
 776.00	 768.11	 4.4415	34.2438	27.1444	 0.41	 17.85	0.041	  167.28	100.00
 777.00	 769.10	 4.4391	34.2447	27.1454	 0.41	 17.76	0.041	  167.28	100.00
 778.00	 770.09	 4.4307	34.2464	27.1477	 0.41	 17.84	0.041	  167.26	100.00
 779.00	 771.08	 4.4296	34.2466	27.1479	 0.41	 17.72	0.040	  167.28	100.00
 780.00	 772.07	 4.4274	34.2474	27.1488	 0.40	 17.55	0.040	  167.30	100.00
 781.00	 773.05	 4.4260	34.2473	27.1489	 0.40	 17.56	0.040	  167.26	100.00
 782.00	 774.04	 4.4230	34.2482	27.1500	 0.40	 17.60	0.040	  167.26	100.00
 783.00	 775.03	 4.4223	34.2483	27.1501	 0.40	 17.55	0.040	  167.29	100.00
 784.00	 776.02	 4.4214	34.2486	27.1504	 0.40	 17.53	0.040	  167.26	100.00
 785.00	 777.00	 4.4205	34.2488	27.1507	 0.40	 17.45	0.041	  167.23	100.00
 786.00	 777.99	 4.4194	34.2489	27.1510	 0.40	 17.44	0.042	  167.23	100.00
 787.00	 778.98	 4.4184	34.2491	27.1512	 0.40	 17.43	0.041	  167.19	100.00
 788.00	 779.97	 4.4122	34.2504	27.1529	 0.40	 17.47	0.040	  167.28	100.00
 789.00	 780.96	 4.4075	34.2517	27.1545	 0.40	 17.42	0.041	  167.24	100.00
 790.00	 781.94	 4.4076	34.2519	27.1546	 0.40	 17.46	0.042	  167.19	100.00
 791.00	 782.93	 4.4051	34.2522	27.1551	 0.40	 17.34	0.041	  167.27	100.00
 792.00	 783.92	 4.4040	34.2525	27.1555	 0.40	 17.26	0.041	  167.27	100.00
 793.00	 784.91	 4.4027	34.2529	27.1559	 0.40	 17.22	0.042	  167.22	100.00
 794.00	 785.90	 4.4035	34.2526	27.1556	 0.40	 17.23	0.040	  167.18	100.00
 795.00	 786.88	 4.4016	34.2529	27.1561	 0.40	 17.25	0.040	  167.16	100.00
 796.00	 787.87	 4.3963	34.2538	27.1574	 0.39	 17.12	0.041	  167.30	100.00
 797.00	 788.86	 4.3909	34.2553	27.1591	 0.39	 17.04	0.041	  167.19	100.00
 798.00	 789.85	 4.3895	34.2555	27.1595	 0.39	 17.07	0.041	  167.12	100.00
 799.00	 790.84	 4.3874	34.2558	27.1599	 0.39	 17.10	0.041	  167.18	100.00
 800.00	 791.82	 4.3825	34.2569	27.1613	 0.39	 17.06	0.040	  167.27	100.00
 801.00	 792.81	 4.3813	34.2571	27.1616	 0.39	 17.06	0.040	  167.20	100.00
 802.00	 793.80	 4.3808	34.2573	27.1619	 0.39	 17.04	0.041	  167.27	100.00
 803.00	 794.79	 4.3794	34.2575	27.1622	 0.39	 16.99	0.041	  167.25	100.00
 804.00	 795.78	 4.3780	34.2578	27.1626	 0.39	 17.06	0.042	  167.16	100.00
 805.00	 796.76	 4.3771	34.2580	27.1629	 0.39	 17.06	0.042	  167.18	100.00
 806.00	 797.75	 4.3753	34.2584	27.1633	 0.39	 16.93	0.042	  167.16	100.00
 807.00	 798.74	 4.3727	34.2588	27.1639	 0.39	 16.86	0.041	  167.06	100.00
 808.00	 799.73	 4.3714	34.2592	27.1644	 0.39	 16.92	0.040	  167.16	100.00
 809.00	 800.71	 4.3719	34.2591	27.1643	 0.39	 16.95	0.040	  167.10	100.00
 810.00	 801.70	 4.3693	34.2594	27.1648	 0.39	 16.88	0.040	  167.04	100.00
 811.00	 802.69	 4.3598	34.2610	27.1671	 0.39	 16.88	0.040	  167.20	100.00
 812.00	 803.68	 4.3577	34.2615	27.1677	 0.39	 16.85	0.041	  167.09	100.00
 813.00	 804.67	 4.3523	34.2623	27.1689	 0.39	 16.84	0.042	  167.18	100.00
 814.00	 805.65	 4.3487	34.2630	27.1699	 0.39	 16.94	0.042	  167.15	100.00
 815.00	 806.64	 4.3421	34.2641	27.1715	 0.39	 16.94	0.041	  167.08	100.00
 816.00	 807.63	 4.3411	34.2643	27.1718	 0.39	 16.85	0.042	  167.08	100.00
 817.00	 808.62	 4.3378	34.2647	27.1724	 0.39	 16.84	0.042	  167.15	100.00
 818.00	 809.60	 4.3335	34.2655	27.1735	 0.39	 16.97	0.042	  167.08	100.00
 819.00	 810.59	 4.3262	34.2664	27.1750	 0.39	 16.95	0.042	  167.08	100.00
 820.00	 811.58	 4.3184	34.2685	27.1775	 0.39	 16.85	0.042	  167.11	100.00
 821.00	 812.57	 4.3145	34.2684	27.1779	 0.38	 16.71	0.041	  167.05	100.00
 822.00	 813.56	 4.2906	34.2726	27.1837	 0.38	 16.73	0.040	  167.08	100.00
 823.00	 814.54	 4.2593	34.2792	27.1923	 0.38	 16.72	0.041	  167.11	100.00
 824.00	 815.53	 4.2535	34.2805	27.1939	 0.38	 16.60	0.041	  167.05	100.00
 825.00	 816.52	 4.2449	34.2818	27.1959	 0.38	 16.49	0.041	  167.06	100.00
 826.00	 817.51	 4.2385	34.2835	27.1979	 0.38	 16.42	0.040	  167.11	100.00
 827.00	 818.49	 4.2358	34.2836	27.1982	 0.38	 16.46	0.042	  167.13	100.00
 828.00	 819.48	 4.2289	34.2847	27.1998	 0.38	 16.48	0.041	  167.10	100.00
 829.00	 820.47	 4.2111	34.2877	27.2041	 0.37	 16.30	0.040	  167.05	100.00
 830.00	 821.46	 4.1978	34.2909	27.2080	 0.37	 16.24	0.040	  167.04	100.00
 831.00	 822.45	 4.1907	34.2926	27.2101	 0.37	 16.14	0.040	  167.05	100.00
 832.00	 823.43	 4.1877	34.2932	27.2109	 0.37	 16.17	0.041	  167.06	100.00
 833.00	 824.42	 4.1848	34.2939	27.2118	 0.37	 16.03	0.040	  166.99	100.00
 834.00	 825.41	 4.1819	34.2945	27.2126	 0.37	 15.92	0.041	  167.04	100.00
 835.00	 826.40	 4.1798	34.2951	27.2133	 0.37	 16.03	0.041	  167.03	100.00
 836.00	 827.38	 4.1797	34.2952	27.2134	 0.37	 16.00	0.040	  167.05	100.00
 837.00	 828.37	 4.1795	34.2952	27.2134	 0.37	 16.02	0.040	  167.00	100.00
 838.00	 829.36	 4.1775	34.2955	27.2139	 0.37	 16.00	0.041	  167.00	100.00
 839.00	 830.35	 4.1787	34.2956	27.2139	 0.37	 15.96	0.041	  167.01	100.00
 840.00	 831.34	 4.1791	34.2955	27.2138	 0.37	 15.99	0.041	  167.01	100.00
 841.00	 832.32	 4.1766	34.2959	27.2143	 0.37	 16.05	0.041	  167.00	100.00
 842.00	 833.31	 4.1734	34.2966	27.2152	 0.37	 15.96	0.040	  167.04	100.00
 843.00	 834.30	 4.1689	34.2967	27.2158	 0.36	 15.84	0.040	  167.02	100.00
 844.00	 835.29	 4.1532	34.3004	27.2203	 0.37	 15.92	0.040	  166.99	100.00
 845.00	 836.27	 4.1531	34.3006	27.2205	 0.37	 15.97	0.040	  167.00	100.00
 846.00	 837.26	 4.1562	34.3000	27.2197	 0.36	 15.86	0.040	  167.02	100.00
 847.00	 838.25	 4.1559	34.2998	27.2196	 0.36	 15.79	0.041	  167.04	100.00
 848.00	 839.24	 4.1394	34.3025	27.2234	 0.36	 15.82	0.041	  166.97	100.00
 849.00	 840.22	 4.1352	34.3040	27.2251	 0.36	 15.84	0.040	  166.97	100.00
 850.00	 841.21	 4.1276	34.3049	27.2266	 0.36	 15.80	0.041	  167.06	100.00
 851.00	 842.20	 4.1192	34.3069	27.2291	 0.36	 15.69	0.042	  167.00	100.00
 852.00	 843.19	 4.1179	34.3073	27.2296	 0.36	 15.68	0.041	  167.02	100.00
 853.00	 844.17	 4.1156	34.3075	27.2299	 0.36	 15.74	0.041	  166.93	100.00
 854.00	 845.16	 4.1101	34.3086	27.2314	 0.36	 15.74	0.041	  166.93	100.00
 855.00	 846.15	 4.1091	34.3085	27.2314	 0.36	 15.70	0.040	  166.97	100.00
 856.00	 847.14	 4.0975	34.3109	27.2346	 0.36	 15.68	0.040	  166.87	100.00
 857.00	 848.13	 4.0966	34.3112	27.2349	 0.36	 15.77	0.041	  166.92	100.00
 858.00	 849.11	 4.0955	34.3115	27.2352	 0.36	 15.66	0.042	  166.91	100.00
 859.00	 850.10	 4.0927	34.3122	27.2361	 0.36	 15.63	0.042	  166.95	100.00
 860.00	 851.09	 4.0908	34.3127	27.2367	 0.36	 15.66	0.042	  166.92	100.00
 861.00	 852.08	 4.0853	34.3135	27.2379	 0.36	 15.64	0.041	  166.88	100.00
 862.00	 853.06	 4.0833	34.3142	27.2387	 0.36	 15.58	0.041	  166.90	100.00
 863.00	 854.05	 4.0714	34.3157	27.2411	 0.36	 15.48	0.040	  166.87	100.00
 864.00	 855.04	 4.0674	34.3174	27.2429	 0.36	 15.62	0.042	  166.90	100.00
 865.00	 856.03	 4.0654	34.3177	27.2433	 0.36	 15.70	0.041	  166.90	100.00
 866.00	 857.01	 4.0648	34.3180	27.2436	 0.36	 15.53	0.040	  166.86	100.00
 867.00	 858.00	 4.0645	34.3180	27.2437	 0.36	 15.46	0.042	  166.81	100.00
 868.00	 858.99	 4.0632	34.3182	27.2439	 0.36	 15.47	0.041	  166.79	100.00
 869.00	 859.98	 4.0586	34.3190	27.2450	 0.36	 15.52	0.040	  166.85	100.00
 870.00	 860.96	 4.0510	34.3201	27.2468	 0.36	 15.48	0.040	  166.88	100.00
 871.00	 861.95	 4.0458	34.3214	27.2483	 0.36	 15.49	0.040	  166.84	100.00
 872.00	 862.94	 4.0413	34.3222	27.2494	 0.36	 15.52	0.040	  166.90	100.00
 873.00	 863.93	 4.0319	34.3240	27.2518	 0.36	 15.47	0.040	  166.82	100.00
 874.00	 864.91	 4.0269	34.3250	27.2531	 0.35	 15.41	0.041	  166.90	100.00
 875.00	 865.90	 4.0245	34.3257	27.2540	 0.36	 15.48	0.042	  166.83	100.00
 876.00	 866.89	 4.0233	34.3259	27.2543	 0.36	 15.50	0.042	  166.81	100.00
 877.00	 867.88	 4.0195	34.3261	27.2548	 0.36	 15.52	0.042	  166.90	100.00
 878.00	 868.86	 4.0099	34.3283	27.2575	 0.36	 15.45	0.042	  166.80	100.00
 879.00	 869.85	 4.0082	34.3286	27.2580	 0.35	 15.42	0.042	  166.86	100.00
 880.00	 870.84	 4.0053	34.3291	27.2587	 0.36	 15.52	0.042	  166.77	100.00
 881.00	 871.83	 4.0014	34.3300	27.2598	 0.35	 15.36	0.041	  166.78	100.00
 882.00	 872.81	 3.9996	34.3303	27.2602	 0.35	 15.35	0.041	  166.77	100.00
 883.00	 873.80	 3.9978	34.3309	27.2609	 0.36	 15.48	0.041	  166.81	100.00
 884.00	 874.79	 3.9964	34.3314	27.2614	 0.35	 15.38	0.041	  166.79	100.00
 885.00	 875.78	 3.9912	34.3316	27.2621	 0.35	 15.24	0.042	  166.76	100.00
 886.00	 876.76	 3.9818	34.3341	27.2651	 0.35	 15.25	0.041	  166.80	100.00
 887.00	 877.75	 3.9713	34.3360	27.2677	 0.35	 15.29	0.040	  166.79	100.00
 888.00	 878.74	 3.9675	34.3371	27.2689	 0.35	 15.30	0.041	  166.74	100.00
 889.00	 879.73	 3.9668	34.3373	27.2691	 0.35	 15.14	0.041	  166.75	100.00
 890.00	 880.71	 3.9674	34.3371	27.2690	 0.35	 15.28	0.041	  166.75	100.00
 891.00	 881.70	 3.9651	34.3375	27.2695	 0.35	 15.25	0.040	  166.76	100.00
 892.00	 882.69	 3.9632	34.3377	27.2699	 0.35	 15.23	0.041	  166.79	100.00
 893.00	 883.68	 3.9609	34.3382	27.2705	 0.35	 15.28	0.042	  166.80	100.00
 894.00	 884.66	 3.9572	34.3385	27.2711	 0.36	 15.46	0.041	  166.79	100.00
 895.00	 885.65	 3.9553	34.3392	27.2719	 0.35	 15.34	0.040	  166.70	100.00
 896.00	 886.64	 3.9539	34.3393	27.2721	 0.35	 15.18	0.041	  166.69	100.00
 897.00	 887.63	 3.9521	34.3400	27.2729	 0.35	 15.19	0.041	  166.72	100.00
 898.00	 888.61	 3.9526	34.3400	27.2728	 0.35	 15.22	0.041	  166.69	100.00
 899.00	 889.60	 3.9534	34.3399	27.2727	 0.35	 15.17	0.040	  166.71	100.00
 900.00	 890.59	 3.9523	34.3399	27.2728	 0.35	 15.36	0.040	  166.77	100.00
 901.00	 891.58	 3.9513	34.3406	27.2735	 0.36	 15.54	0.040	  166.72	100.00
 902.00	 892.56	 3.9464	34.3403	27.2737	 0.35	 15.27	0.040	  166.67	100.00
 903.00	 893.55	 3.9404	34.3421	27.2757	 0.35	 15.20	0.041	  166.68	100.00
 904.00	 894.54	 3.9396	34.3422	27.2760	 0.35	 15.27	0.041	  166.72	100.00
 905.00	 895.53	 3.9392	34.3424	27.2761	 0.35	 15.40	0.040	  166.72	100.00
 906.00	 896.51	 3.9376	34.3426	27.2765	 0.35	 15.24	0.040	  166.67	100.00
 907.00	 897.50	 3.9375	34.3428	27.2767	 0.35	 15.33	0.040	  166.68	100.00
 908.00	 898.49	 3.9370	34.3428	27.2767	 0.35	 15.39	0.040	  166.62	100.00
 909.00	 899.48	 3.9344	34.3432	27.2773	 0.35	 15.20	0.041	  166.61	100.00
 910.00	 900.46	 3.9297	34.3441	27.2785	 0.35	 15.23	0.042	  166.63	100.00
 911.00	 901.45	 3.9257	34.3448	27.2795	 0.35	 15.37	0.042	  166.64	100.00
 912.00	 902.44	 3.9238	34.3453	27.2801	 0.35	 15.30	0.042	  166.68	100.00
 913.00	 903.42	 3.9219	34.3456	27.2805	 0.35	 15.20	0.041	  166.54	100.00
 914.00	 904.41	 3.9194	34.3461	27.2812	 0.35	 15.40	0.040	  166.55	100.00
 915.00	 905.40	 3.9158	34.3468	27.2820	 0.36	 15.52	0.041	  166.60	100.00
 916.00	 906.39	 3.9138	34.3473	27.2827	 0.35	 15.41	0.041	  166.59	100.00
 917.00	 907.37	 3.9119	34.3474	27.2830	 0.36	 15.44	0.040	  166.60	100.00
 918.00	 908.36	 3.9085	34.3480	27.2838	 0.36	 15.46	0.040	  166.57	100.00
 919.00	 909.35	 3.9069	34.3483	27.2842	 0.36	 15.45	0.041	  166.57	100.00
 920.00	 910.34	 3.9032	34.3490	27.2851	 0.36	 15.47	0.041	  166.53	100.00
 921.00	 911.32	 3.9002	34.3496	27.2859	 0.36	 15.50	0.040	  166.57	100.00
 922.00	 912.31	 3.8989	34.3499	27.2863	 0.36	 15.45	0.041	  166.55	100.00
 923.00	 913.30	 3.8979	34.3502	27.2867	 0.36	 15.48	0.042	  166.52	100.00
 924.00	 914.29	 3.8972	34.3503	27.2868	 0.36	 15.51	0.041	  166.57	100.00
 925.00	 915.27	 3.8970	34.3505	27.2870	 0.36	 15.44	0.041	  166.57	100.00
 926.00	 916.26	 3.8956	34.3506	27.2872	 0.36	 15.52	0.042	  166.55	100.00
 927.00	 917.25	 3.8918	34.3512	27.2881	 0.36	 15.59	0.042	  166.53	100.00
 928.00	 918.23	 3.8859	34.3521	27.2894	 0.36	 15.58	0.041	  166.53	100.00
 929.00	 919.22	 3.8810	34.3532	27.2908	 0.36	 15.54	0.040	  166.52	100.00
 930.00	 920.21	 3.8802	34.3533	27.2910	 0.36	 15.65	0.040	  166.52	100.00
 931.00	 921.20	 3.8799	34.3533	27.2910	 0.36	 15.64	0.040	  166.52	100.00
 932.00	 922.18	 3.8773	34.3540	27.2919	 0.36	 15.61	0.040	  166.54	100.00
 933.00	 923.17	 3.8779	34.3539	27.2917	 0.36	 15.81	0.040	  166.54	100.00
 934.00	 924.16	 3.8779	34.3539	27.2917	 0.36	 15.67	0.040	  166.45	100.00
 935.00	 925.15	 3.8733	34.3543	27.2925	 0.36	 15.66	0.040	  166.49	100.00
 936.00	 926.13	 3.8675	34.3555	27.2941	 0.36	 15.68	0.040	  166.57	100.00
 937.00	 927.12	 3.8649	34.3561	27.2948	 0.36	 15.73	0.040	  166.49	100.00
 938.00	 928.11	 3.8611	34.3565	27.2955	 0.36	 15.75	0.041	  166.53	100.00
 939.00	 929.09	 3.8591	34.3570	27.2961	 0.36	 15.83	0.041	  166.54	100.00
 940.00	 930.08	 3.8521	34.3578	27.2974	 0.36	 15.74	0.041	  166.51	100.00
 941.00	 931.07	 3.8478	34.3589	27.2988	 0.36	 15.79	0.042	  166.54	100.00
 942.00	 932.06	 3.8481	34.3590	27.2988	 0.37	 15.99	0.041	  166.48	100.00
 943.00	 933.04	 3.8498	34.3587	27.2984	 0.36	 15.80	0.040	  166.45	100.00
 944.00	 934.03	 3.8495	34.3588	27.2985	 0.36	 15.79	0.040	  166.46	100.00
 945.00	 935.02	 3.8493	34.3587	27.2985	 0.37	 15.90	0.042	  166.50	100.00
 946.00	 936.00	 3.8462	34.3593	27.2992	 0.37	 15.90	0.041	  166.47	100.00
 947.00	 936.99	 3.8432	34.3599	27.3000	 0.36	 15.85	0.041	  166.46	100.00
 948.00	 937.98	 3.8363	34.3606	27.3013	 0.37	 16.02	0.041	  166.37	100.00
 949.00	 938.97	 3.8276	34.3621	27.3034	 0.37	 15.98	0.040	  166.40	100.00
 950.00	 939.95	 3.8249	34.3629	27.3043	 0.37	 15.96	0.040	  166.44	100.00
 951.00	 940.94	 3.8232	34.3631	27.3047	 0.37	 15.99	0.041	  166.40	100.00
 952.00	 941.93	 3.8226	34.3633	27.3049	 0.37	 15.98	0.040	  166.41	100.00
 953.00	 942.92	 3.8230	34.3633	27.3048	 0.37	 16.04	0.041	  166.33	100.00
 954.00	 943.90	 3.8198	34.3634	27.3052	 0.37	 16.13	0.041	  166.40	100.00
 955.00	 944.89	 3.8065	34.3656	27.3083	 0.37	 16.06	0.040	  166.38	100.00
 956.00	 945.88	 3.8026	34.3666	27.3095	 0.37	 16.18	0.041	  166.34	100.00
 957.00	 946.86	 3.8004	34.3670	27.3100	 0.37	 16.24	0.042	  166.36	100.00
 958.00	 947.85	 3.7996	34.3672	27.3103	 0.37	 16.18	0.040	  166.34	100.00
 959.00	 948.84	 3.7917	34.3681	27.3118	 0.37	 16.28	0.041	  166.33	100.00
 960.00	 949.83	 3.7866	34.3691	27.3131	 0.38	 16.32	0.040	  166.37	100.00
 961.00	 950.81	 3.7844	34.3696	27.3137	 0.37	 16.29	0.041	  166.27	100.00
 962.00	 951.80	 3.7776	34.3701	27.3148	 0.38	 16.48	0.041	  166.32	100.00
 963.00	 952.79	 3.7663	34.3722	27.3176	 0.38	 16.47	0.040	  166.37	100.00
 964.00	 953.77	 3.7614	34.3734	27.3190	 0.38	 16.44	0.040	  166.31	100.00
 965.00	 954.76	 3.7607	34.3734	27.3191	 0.38	 16.44	0.040	  166.33	100.00
 966.00	 955.75	 3.7590	34.3734	27.3193	 0.38	 16.45	0.041	  166.35	100.00
 967.00	 956.74	 3.7553	34.3741	27.3203	 0.38	 16.45	0.041	  166.34	100.00
 968.00	 957.72	 3.7530	34.3747	27.3210	 0.38	 16.45	0.041	  166.31	100.00
 969.00	 958.71	 3.7530	34.3747	27.3210	 0.38	 16.49	0.042	  166.34	100.00
 970.00	 959.70	 3.7526	34.3750	27.3213	 0.38	 16.55	0.041	  166.34	100.00
 971.00	 960.68	 3.7519	34.3751	27.3214	 0.38	 16.53	0.040	  166.36	100.00
 972.00	 961.67	 3.7513	34.3752	27.3215	 0.38	 16.55	0.041	  166.34	100.00
 973.00	 962.66	 3.7515	34.3753	27.3216	 0.38	 16.50	0.042	  166.29	100.00
 974.00	 963.64	 3.7448	34.3759	27.3228	 0.38	 16.56	0.040	  166.30	100.00
 975.00	 964.63	 3.7433	34.3765	27.3234	 0.38	 16.55	0.041	  166.28	100.00
 976.00	 965.62	 3.7409	34.3769	27.3240	 0.38	 16.65	0.041	  166.27	100.00
 977.00	 966.61	 3.7405	34.3771	27.3242	 0.38	 16.57	0.040	  166.28	100.00
 978.00	 967.59	 3.7325	34.3775	27.3253	 0.39	 16.76	0.040	  166.34	100.00
 979.00	 968.58	 3.7225	34.3796	27.3279	 0.39	 16.76	0.040	  166.33	100.00
 980.00	 969.57	 3.7146	34.3806	27.3295	 0.38	 16.70	0.040	  166.26	100.00
 981.00	 970.55	 3.7098	34.3816	27.3308	 0.39	 16.82	0.040	  166.26	100.00
 982.00	 971.54	 3.7029	34.3830	27.3326	 0.39	 16.93	0.040	  166.30	100.00
 983.00	 972.53	 3.7004	34.3834	27.3331	 0.39	 16.89	0.041	  166.28	100.00
 984.00	 973.51	 3.6996	34.3837	27.3335	 0.39	 16.96	0.041	  166.24	100.00
 985.00	 974.50	 3.6982	34.3837	27.3337	 0.39	 16.96	0.041	  166.26	100.00
 986.00	 975.49	 3.6964	34.3842	27.3343	 0.39	 16.95	0.040	  166.22	100.00
 987.00	 976.48	 3.6949	34.3843	27.3345	 0.39	 16.95	0.040	  166.27	100.00
 988.00	 977.46	 3.6932	34.3847	27.3349	 0.39	 16.96	0.041	  166.26	100.00
 989.00	 978.45	 3.6915	34.3852	27.3356	 0.39	 16.98	0.041	  166.23	100.00
 990.00	 979.44	 3.6910	34.3852	27.3356	 0.39	 17.00	0.041	  166.24	100.00
 991.00	 980.42	 3.6887	34.3855	27.3361	 0.39	 16.96	0.041	  166.26	100.00
 992.00	 981.41	 3.6866	34.3860	27.3366	 0.39	 17.00	0.040	  166.26	100.00
 993.00	 982.40	 3.6860	34.3862	27.3369	 0.39	 16.99	0.041	  166.20	100.00
 994.00	 983.38	 3.6858	34.3862	27.3369	 0.39	 17.05	0.041	  166.21	100.00
 995.00	 984.37	 3.6833	34.3865	27.3374	 0.39	 16.95	0.040	  166.26	100.00
 996.00	 985.36	 3.6820	34.3869	27.3379	 0.39	 17.00	0.041	  166.14	100.00
 997.00	 986.35	 3.6807	34.3870	27.3381	 0.39	 17.04	0.042	  166.07	100.00
 998.00	 987.33	 3.6789	34.3873	27.3385	 0.39	 17.02	0.041	  166.15	100.00
 999.00	 988.32	 3.6757	34.3877	27.3391	 0.39	 17.10	0.041	  166.10	100.00
1000.00	 989.31	 3.6742	34.3883	27.3398	 0.39	 17.06	0.042	  166.18	100.00
1001.00	 990.29	 3.6732	34.3885	27.3400	 0.39	 17.17	0.041	  166.15	100.00
1002.00	 991.28	 3.6719	34.3885	27.3402	 0.40	 17.26	0.041	  166.08	100.00
1003.00	 992.27	 3.6697	34.3889	27.3407	 0.39	 17.17	0.042	  166.06	100.00
1004.00	 993.25	 3.6677	34.3893	27.3413	 0.39	 17.14	0.042	  166.12	 96.86
1005.00	 994.24	 3.6662	34.3895	27.3416	 0.40	 17.20	0.041	  166.13	 94.60
1006.00	 995.23	 3.6644	34.3899	27.3421	 0.40	 17.23	0.041	  166.09	 95.43
1007.00	 996.22	 3.6573	34.3905	27.3433	 0.40	 17.22	0.042	  166.09	 96.03
1008.00	 997.20	 3.6527	34.3917	27.3447	 0.40	 17.23	0.041	  166.14	 94.61
1009.00	 998.19	 3.6493	34.3923	27.3455	 0.40	 17.29	0.040	  166.06	 91.93
1010.00	 999.18	 3.6486	34.3924	27.3456	 0.40	 17.26	0.042	  166.01	 90.36
1011.00	1000.16	 3.6477	34.3926	27.3459	 0.40	 17.24	0.041	  166.02	 89.07
1012.00	1001.15	 3.6470	34.3928	27.3461	 0.40	 17.31	0.042	  166.00	 87.93
1013.00	1002.14	 3.6463	34.3929	27.3463	 0.40	 17.42	0.042	  166.00	 86.73
1014.00	1003.12	 3.6449	34.3931	27.3466	 0.40	 17.38	0.041	  165.88	 86.13
1015.00	1004.11	 3.6415	34.3936	27.3473	 0.40	 17.30	0.040	  166.00	 86.17
1016.00	1005.10	 3.6379	34.3940	27.3480	 0.40	 17.56	0.040	  165.93	 85.48
1017.00	1006.08	 3.6358	34.3946	27.3487	 0.40	 17.52	0.040	  165.90	 85.39
1018.00	1007.07	 3.6347	34.3947	27.3489	 0.40	 17.45	0.040	  166.00	 83.91
1019.00	1008.06	 3.6342	34.3949	27.3491	 0.40	 17.45	0.040	  166.00	 81.61
1020.00	1009.04	 3.6327	34.3952	27.3495	 0.40	 17.48	0.041	  165.99	 79.88
1021.00	1010.03	 3.6337	34.3951	27.3493	 0.40	 17.48	0.040	  165.99	 79.49
1022.00	1011.02	 3.6337	34.3952	27.3494	 0.40	 17.52	0.041	  166.02	 78.56
1023.00	1012.01	 3.6330	34.3953	27.3496	 0.40	 17.50	0.041	  166.11	 78.47
1024.00	1012.99	 3.6322	34.3953	27.3496	 0.40	 17.44	0.042	  166.06	 77.37
1025.00	1013.98	 3.6302	34.3951	27.3497	 0.40	 17.51	0.042	  165.95	 76.70
1026.00	1014.97	 3.6217	34.3968	27.3519	 0.40	 17.53	0.042	  165.97	 76.43
1027.00	1015.95	 3.6206	34.3972	27.3523	 0.40	 17.51	0.042	  165.96	 73.95
1028.00	1016.94	 3.6201	34.3972	27.3524	 0.40	 17.52	0.041	  165.98	 71.99
1029.00	1017.93	 3.6190	34.3975	27.3527	 0.40	 17.55	0.040	  165.99	 70.84
1030.00	1018.91	 3.6156	34.3982	27.3536	 0.40	 17.56	0.042	  165.98	 70.37
1031.00	1019.90	 3.6156	34.3981	27.3535	 0.41	 17.66	0.041	  165.96	 69.51
1032.00	1020.89	 3.6124	34.3985	27.3542	 0.41	 17.82	0.040	  165.98	 68.86
1033.00	1021.87	 3.6108	34.3989	27.3547	 0.41	 17.63	0.040	  165.86	 68.59
1034.00	1022.86	 3.6103	34.3991	27.3549	 0.41	 17.62	0.040	  165.93	 67.82
1035.00	1023.85	 3.6106	34.3990	27.3548	 0.41	 17.71	0.040	  165.93	 66.00
1036.00	1024.83	 3.6107	34.3988	27.3546	 0.41	 17.72	0.040	  165.79	 64.38
1037.00	1025.82	 3.6092	34.3992	27.3551	 0.41	 17.61	0.040	  165.90	 62.93
1038.00	1026.81	 3.6104	34.3989	27.3548	 0.41	 17.71	0.041	  165.86	 62.03
1039.00	1027.79	 3.6086	34.3994	27.3553	 0.41	 17.69	0.042	  165.89	 61.17
1040.00	1028.78	 3.6086	34.3994	27.3554	 0.41	 17.67	0.042	  165.89	 60.71
1041.00	1029.77	 3.6090	34.3993	27.3552	 0.41	 17.85	0.041	  165.86	 60.57
1042.00	1030.75	 3.6088	34.3994	27.3553	 0.41	 17.70	0.040	  165.90	 60.05
1043.00	1031.74	 3.6083	34.3994	27.3554	 0.40	 17.57	0.040	  165.90	 59.27
1044.00	1032.73	 3.6070	34.3995	27.3556	 0.41	 17.65	0.040	  165.83	 57.76
1045.00	1033.71	 3.6066	34.3998	27.3559	 0.41	 17.75	0.040	  165.80	 55.64
1046.00	1034.70	 3.6079	34.3995	27.3556	 0.41	 17.67	0.041	  165.82	 53.82
1047.00	1035.69	 3.6070	34.3996	27.3557	 0.41	 17.77	0.041	  165.82	 53.16
1048.00	1036.67	 3.5994	34.4007	27.3574	 0.41	 17.73	0.040	  165.83	 52.88
1049.00	1037.66	 3.5964	34.4018	27.3585	 0.41	 17.75	0.041	  165.84	 52.81
1050.00	1038.65	 3.5970	34.4015	27.3582	 0.41	 17.83	0.042	  165.76	 51.33
1051.00	1039.63	 3.5976	34.4016	27.3583	 0.41	 17.75	0.041	  165.80	 51.13
1052.00	1040.62	 3.5975	34.4017	27.3583	 0.41	 17.62	0.040	  165.78	 50.40
1053.00	1041.61	 3.5981	34.4013	27.3579	 0.41	 17.74	0.041	  165.79	 48.22
1054.00	1042.60	 3.5969	34.4015	27.3582	 0.41	 17.80	0.041	  165.77	 46.46
1055.00	1043.58	 3.5956	34.4017	27.3586	 0.41	 17.71	0.041	  165.79	 45.25
1056.00	1044.57	 3.5960	34.4016	27.3585	 0.41	 17.80	0.041	  165.78	 44.35
1057.00	1045.56	 3.5965	34.4017	27.3585	 0.41	 17.82	0.042	  165.72	 43.71
1058.00	1046.54	 3.5963	34.4017	27.3585	 0.41	 17.88	0.041	  165.78	 42.51
1059.00	1047.53	 3.5921	34.4021	27.3592	 0.41	 17.68	0.040	  165.77	 43.30
1060.00	1048.52	 3.5888	34.4031	27.3603	 0.41	 17.80	0.042	  165.67	 41.73
1061.00	1049.50	 3.5896	34.4031	27.3602	 0.41	 17.87	0.042	  165.72	 40.03
1062.00	1050.49	 3.5898	34.4027	27.3599	 0.41	 17.77	0.041	  165.78	 39.02
1063.00	1051.48	 3.5889	34.4029	27.3602	 0.41	 17.80	0.041	  165.73	 37.67
1064.00	1052.46	 3.5869	34.4032	27.3606	 0.41	 17.83	0.040	  165.72	 36.68
1065.00	1053.45	 3.5844	34.4036	27.3612	 0.41	 17.92	0.040	  165.69	 35.41
1066.00	1054.44	 3.5846	34.4036	27.3612	 0.41	 17.93	0.040	  165.70	 34.83
1067.00	1055.42	 3.5853	34.4036	27.3611	 0.41	 17.87	0.040	  165.73	 34.81
1068.00	1056.41	 3.5844	34.4036	27.3613	 0.41	 17.94	0.040	  165.67	 34.40
1069.00	1057.39	 3.5844	34.4037	27.3613	 0.41	 17.94	0.042	  165.72	 32.89
1070.00	1058.38	 3.5849	34.4037	27.3613	 0.41	 17.79	0.041	  165.76	 31.95
1071.00	1059.37	 3.5854	34.4036	27.3611	 0.41	 17.87	0.040	  165.78	 30.03
1072.00	1060.35	 3.5865	34.4035	27.3610	 0.41	 17.86	0.041	  165.73	 28.73
1073.00	1061.34	 3.5869	34.4033	27.3608	 0.41	 17.85	0.042	  165.66	 27.87
1074.00	1062.33	 3.5867	34.4035	27.3610	 0.41	 17.86	0.041	  165.70	 27.41
1075.00	1063.31	 3.5883	34.4035	27.3608	 0.41	 17.90	0.041	  165.72	 25.81
1076.00	1064.30	 3.5864	34.4035	27.3610	 0.41	 17.82	0.041	  165.71	 25.09
1077.00	1065.29	 3.5865	34.4036	27.3611	 0.41	 17.92	0.040	  165.68	 23.99
1078.00	1066.27	 3.5853	34.4036	27.3612	 0.41	 17.88	0.040	  165.65	 22.99
1079.00	1067.26	 3.5834	34.4039	27.3616	 0.41	 17.90	0.041	  165.68	 21.87
1080.00	1068.25	 3.5812	34.4043	27.3622	 0.41	 17.87	0.041	  165.64	 20.97
1081.00	1069.23	 3.5823	34.4043	27.3621	 0.41	 17.86	0.040	  165.66	 19.98
1082.00	1070.22	 3.5836	34.4039	27.3617	 0.41	 17.82	0.041	  165.61	 18.96
1083.00	1071.21	 3.5821	34.4042	27.3620	 0.41	 17.80	0.042	  165.64	 18.16
1084.00	1072.19	 3.5834	34.4039	27.3617	 0.41	 17.79	0.040	  165.62	 17.06
1085.00	1073.18	 3.5769	34.4048	27.3630	 0.41	 17.86	0.041	  165.61	 16.42
1086.00	1074.17	 3.5675	34.4064	27.3652	 0.41	 17.98	0.040	  165.59	 15.85
1087.00	1075.15	 3.5680	34.4060	27.3649	 0.41	 17.95	0.041	  165.60	 14.85
1088.00	1076.14	 3.5607	34.4072	27.3666	 0.41	 17.98	0.041	  165.57	 13.66
1089.00	1077.13	 3.5606	34.4071	27.3665	 0.41	 17.97	0.040	  165.31	 12.93
1090.00	1078.11	 3.5580	34.4078	27.3673	 0.41	 18.01	0.041	  165.32	 12.24
1091.00	1079.10	 3.5574	34.4079	27.3675	 0.42	 18.05	0.041	  165.04	 12.28
1092.00	1080.09	 3.5545	34.4086	27.3683	 0.42	 18.08	0.044	  164.77	 12.71
