* Sea-Bird SBE 9 Data:
* Software Version Seasave V 7.26.7.107
* Vessel: NOAA Ship Ronald H. Brown
* Cruise: RB2102, West Coast Ocean Acidification (WCOA) 2021
* Dates: 20210622 to 20210723
* Region: NE Pacific, USA West Coast
* Ports: San Diego, CA to Port Angeles, WA to San Diego, CA
* Chief Scientists: R. Feely, NOAA PMEL; D. Greeley, NOAA PMEL; B. Carter, NOAA PMEL / UW CICOES
* Contacts: R. Feely, richard.a.feely@noaa.gov; D. Greeley, dana.greeley@noaa.gov; B. Carter, brendan.carter@noaa.gov
* Station: 024
* Cast: 1
* Cast Date-Time [GMT]: 29-Jun-2021 16:26:47
* Longitude: -125.5787 W
* Latitude: 47.6799 N
* Water Depth [m]: 1242.8
**********
* Column  1: Pressure [decibar]
* Column  2: Depth [m]
* Column  3: Temperature ITS-90 [degree C]
* Column  4: Salinity PSS-78 [psu]
* Column  5: Sigma-theta EOS-80 [kg/m^3 - 1000]
* Column  6: Oxygen [ml/L]
* Column  7: Oxygen [umol/kg]
* Column  8: Fluorescence [volts]
* Column  9: Oxygen Reduction Potential [mV]
* Column 10: Altimeter [m]
**********
*END*
   3.00	   2.97	15.7634	31.8845	23.4052	 5.99	261.61	0.048	  140.88	 99.76
   4.00	   3.97	15.8405	31.8849	23.3885	 5.98	260.99	0.048	  140.84	 99.77
   5.00	   4.96	16.2732	31.8826	23.2899	 5.95	259.84	0.048	  140.70	 99.77
   6.00	   5.95	16.3089	31.8937	23.2904	 5.95	259.66	0.048	  140.69	 99.78
   7.00	   6.94	15.9506	31.8800	23.3603	 6.05	264.02	0.048	  140.67	 99.78
   8.00	   7.93	15.5930	31.8776	23.4377	 6.13	267.29	0.049	  140.80	 99.78
   9.00	   8.92	15.6259	31.8813	23.4333	 6.11	266.79	0.049	  140.74	 99.78
  10.00	   9.92	15.5452	31.8848	23.4537	 6.13	267.59	0.048	  140.71	 99.80
  11.00	  10.91	15.5307	31.8744	23.4489	 6.11	266.52	0.049	  140.80	 99.80
  12.00	  11.90	15.4552	31.8768	23.4673	 6.19	270.17	0.048	  140.82	 99.80
  13.00	  12.89	15.1691	31.8799	23.5318	 6.16	268.97	0.048	  140.84	 99.80
  14.00	  13.88	14.4640	31.8821	23.6832	 6.31	275.43	0.049	  140.79	 99.82
  15.00	  14.87	13.7589	31.8814	23.8277	 6.61	288.48	0.049	  141.08	 99.80
  16.00	  15.87	13.6854	31.8838	23.8444	 6.62	288.58	0.050	  141.05	 99.81
  17.00	  16.86	13.6544	31.8862	23.8526	 6.58	286.92	0.051	  141.07	 99.86
  18.00	  17.85	13.3704	31.8906	23.9127	 6.75	294.33	0.052	  141.10	 99.85
  19.00	  18.84	12.7391	31.8959	24.0403	 6.97	304.07	0.052	  141.20	 99.85
  20.00	  19.83	12.3832	31.9078	24.1174	 7.08	308.60	0.051	  141.25	 99.86
  21.00	  20.82	12.2043	31.9149	24.1565	 7.15	311.89	0.052	  141.32	 99.88
  22.00	  21.81	11.7656	31.9496	24.2646	 7.31	318.70	0.052	  141.39	 99.90
  23.00	  22.81	11.3790	31.9795	24.3577	 7.52	328.07	0.053	  141.47	 99.90
  24.00	  23.80	10.4345	32.0544	24.5805	 7.82	340.73	0.089	  141.67	 99.91
  25.00	  24.79	10.0966	32.0950	24.6689	 7.79	339.60	0.187	  141.72	 99.93
  26.00	  25.78	 9.7930	32.1249	24.7421	 7.70	335.58	0.376	  141.78	 99.93
  27.00	  26.77	 9.6006	32.1450	24.7890	 7.50	326.83	0.487	  141.90	 99.93
  28.00	  27.76	 9.3829	32.1609	24.8361	 7.42	323.20	0.519	  141.94	 99.93
  29.00	  28.76	 9.2073	32.1813	24.8798	 7.33	319.60	0.408	  142.00	 99.91
  30.00	  29.75	 9.0830	32.2007	24.9144	 7.26	316.20	0.290	  142.04	 99.89
  31.00	  30.74	 9.0411	32.2095	24.9278	 7.17	312.42	0.369	  142.09	 98.81
  32.00	  31.73	 9.0103	32.2116	24.9342	 7.13	310.82	0.260	  142.12	 99.87
  33.00	  32.72	 8.9730	32.2109	24.9395	 7.11	309.88	0.239	  142.11	 99.85
  34.00	  33.71	 8.9026	32.2140	24.9528	 7.10	309.32	0.214	  142.17	 99.84
  35.00	  34.70	 8.8520	32.2156	24.9618	 7.03	306.27	0.223	  142.15	 99.83
  36.00	  35.70	 8.6786	32.2320	25.0010	 7.04	306.72	0.194	  142.25	 99.83
  37.00	  36.69	 8.6225	32.2382	25.0144	 7.03	306.33	0.164	  142.18	 99.82
  38.00	  37.68	 8.5693	32.2375	25.0218	 6.96	303.29	0.245	  142.19	 99.80
  39.00	  38.67	 8.4110	32.2584	25.0618	 6.97	303.84	0.108	  142.28	 99.80
  40.00	  39.66	 8.3311	32.2722	25.0844	 6.95	302.82	0.099	  142.24	 99.79
  41.00	  40.65	 8.3043	32.2738	25.0897	 6.90	300.59	0.073	  142.26	 99.78
  42.00	  41.64	 8.2600	32.2799	25.1010	 6.89	300.37	0.083	  142.27	 99.78
  43.00	  42.64	 8.2551	32.2814	25.1029	 6.88	299.90	0.082	  142.25	 99.77
  44.00	  43.63	 8.2556	32.2826	25.1038	 6.87	299.43	0.072	  142.18	 94.71
  45.00	  44.62	 8.2474	32.2855	25.1072	 6.85	298.58	0.086	  142.16	 94.23
  46.00	  45.61	 8.2373	32.2876	25.1104	 6.85	298.44	0.068	  142.16	 99.55
  47.00	  46.60	 8.2300	32.2887	25.1123	 6.84	298.04	0.066	  142.09	 99.75
  48.00	  47.59	 8.2209	32.2882	25.1133	 6.82	297.00	0.063	  142.08	 95.14
  49.00	  48.58	 8.1937	32.2905	25.1191	 6.80	296.38	0.065	  142.14	 99.83
  50.00	  49.58	 8.1858	32.2902	25.1200	 6.81	296.52	0.076	  142.15	 99.74
  51.00	  50.57	 8.1815	32.2903	25.1207	 6.80	296.30	0.071	  142.14	 99.73
  52.00	  51.56	 8.1786	32.2901	25.1211	 6.78	295.48	0.066	  142.03	 99.73
  53.00	  52.55	 8.1624	32.2922	25.1251	 6.77	294.75	0.062	  142.02	 92.36
  54.00	  53.54	 8.1561	32.2925	25.1262	 6.75	294.17	0.060	  141.99	 99.37
  55.00	  54.53	 8.1494	32.2917	25.1266	 6.75	294.01	0.062	  141.91	 99.71
  56.00	  55.52	 8.1295	32.2931	25.1306	 6.74	293.82	0.060	  141.91	 97.30
  57.00	  56.52	 8.1269	32.2931	25.1310	 6.74	293.67	0.059	  141.94	 99.42
  58.00	  57.51	 8.1266	32.2932	25.1311	 6.73	293.31	0.089	  141.92	 99.69
  59.00	  58.50	 8.1229	32.2935	25.1319	 6.71	292.29	0.057	  141.87	 99.71
  60.00	  59.49	 8.1192	32.2938	25.1327	 6.69	291.28	0.059	  141.89	 99.70
  61.00	  60.48	 8.1033	32.2954	25.1363	 6.68	291.13	0.055	  141.86	 99.71
  62.00	  61.47	 8.0904	32.2970	25.1394	 6.68	291.06	0.053	  141.83	 99.70
  63.00	  62.46	 8.0813	32.2984	25.1418	 6.66	290.31	0.054	  141.84	 99.68
  64.00	  63.45	 8.0731	32.2999	25.1442	 6.66	290.21	0.053	  141.73	 99.68
  65.00	  64.45	 8.0660	32.3014	25.1465	 6.65	289.81	0.052	  141.71	 99.68
  66.00	  65.44	 8.0618	32.3020	25.1476	 6.64	289.08	0.053	  141.68	 99.68
  67.00	  66.43	 8.0520	32.3028	25.1496	 6.62	288.29	0.049	  141.76	 99.68
  68.00	  67.42	 8.0428	32.3047	25.1524	 6.61	288.10	0.049	  141.63	 99.68
  69.00	  68.41	 8.0319	32.3059	25.1550	 6.60	287.50	0.049	  141.69	 99.68
  70.00	  69.40	 8.0108	32.3100	25.1612	 6.58	286.82	0.050	  141.62	 99.67
  71.00	  70.39	 8.0064	32.3106	25.1623	 6.54	284.71	0.052	  141.65	 99.66
  72.00	  71.39	 7.9782	32.3173	25.1717	 6.50	283.34	0.050	  141.64	 99.66
  73.00	  72.38	 7.9525	32.3260	25.1822	 6.48	282.29	0.047	  141.59	 99.66
  74.00	  73.37	 7.9274	32.3367	25.1942	 6.45	281.00	0.046	  141.61	 99.66
  75.00	  74.36	 7.9090	32.3484	25.2060	 6.40	278.84	0.046	  141.60	 99.65
  76.00	  75.35	 7.8905	32.3595	25.2174	 6.31	274.94	0.045	  141.62	 99.63
  77.00	  76.34	 7.8512	32.4143	25.2661	 6.20	270.06	0.044	  141.63	 99.62
  78.00	  77.33	 7.8367	32.4428	25.2905	 6.08	264.86	0.043	  141.60	 99.57
  79.00	  78.32	 7.8200	32.4784	25.3209	 5.97	259.89	0.044	  141.64	 99.54
  80.00	  79.32	 7.8253	32.5124	25.3468	 5.89	256.61	0.043	  141.67	 99.52
  81.00	  80.31	 7.8383	32.5333	25.3614	 5.83	254.00	0.043	  141.61	 99.51
  82.00	  81.30	 7.8522	32.5477	25.3707	 5.78	251.55	0.042	  141.63	 99.49
  83.00	  82.29	 7.8630	32.5808	25.3952	 5.71	248.52	0.043	  141.64	 99.47
  84.00	  83.28	 7.8748	32.6088	25.4155	 5.55	241.64	0.043	  141.63	 99.43
  85.00	  84.27	 8.0072	32.6986	25.4670	 5.29	230.58	0.043	  141.61	 99.40
  86.00	  85.26	 8.0041	32.7641	25.5188	 5.17	225.34	0.043	  141.72	 99.39
  87.00	  86.25	 7.9023	32.7891	25.5531	 5.07	220.61	0.042	  141.83	 99.39
  88.00	  87.25	 7.9177	32.8800	25.6223	 4.96	215.78	0.042	  141.80	 99.38
  89.00	  88.24	 8.1155	32.9202	25.6251	 4.82	210.10	0.042	  141.77	 99.35
  90.00	  89.23	 8.1743	32.9365	25.6293	 4.70	204.48	0.042	  141.75	 99.32
  91.00	  90.22	 8.1278	32.9444	25.6423	 4.70	204.72	0.042	  141.74	 99.30
  92.00	  91.21	 8.0295	32.9392	25.6527	 4.75	206.62	0.045	  141.74	 99.30
  93.00	  92.20	 7.9379	32.9370	25.6642	 4.79	208.42	0.042	  141.82	 99.30
  94.00	  93.19	 7.8445	32.9373	25.6779	 4.82	209.83	0.042	  141.68	 99.31
  95.00	  94.18	 7.7594	32.9409	25.6929	 4.84	210.53	0.041	  141.71	 99.30
  96.00	  95.18	 7.6903	32.9568	25.7153	 4.84	210.57	0.042	  141.76	 99.30
  97.00	  96.17	 7.6695	32.9736	25.7314	 4.80	209.17	0.041	  141.72	 99.30
  98.00	  97.16	 7.6383	32.9945	25.7523	 4.73	206.00	0.042	  141.73	 99.30
  99.00	  98.15	 7.6298	33.0363	25.7864	 4.66	203.01	0.042	  141.65	 99.29
 100.00	  99.14	 7.6268	33.0527	25.7997	 4.60	200.06	0.041	  141.74	 99.30
 101.00	 100.13	 7.6109	33.0999	25.8391	 4.54	197.74	0.041	  141.77	 99.29
 102.00	 101.12	 7.5878	33.1334	25.8687	 4.51	196.24	0.041	  141.77	 99.31
 103.00	 102.11	 7.5647	33.1547	25.8887	 4.48	195.08	0.041	  141.81	 99.31
 104.00	 103.10	 7.5648	33.1690	25.8999	 4.44	193.32	0.042	  141.78	 99.32
 105.00	 104.10	 7.5669	33.1751	25.9044	 4.38	190.81	0.042	  141.79	 99.32
 106.00	 105.09	 7.5698	33.1829	25.9101	 4.35	189.41	0.041	  141.84	 99.32
 107.00	 106.08	 7.5828	33.2025	25.9238	 4.33	188.37	0.041	  141.81	 99.32
 108.00	 107.07	 7.5685	33.2176	25.9376	 4.30	187.04	0.041	  141.76	 99.32
 109.00	 108.06	 7.5510	33.2406	25.9582	 4.25	184.83	0.042	  141.84	 99.33
 110.00	 109.05	 7.5399	33.2777	25.9890	 4.20	182.73	0.042	  141.80	 99.34
 111.00	 110.04	 7.5301	33.2903	26.0003	 4.17	181.46	0.041	  141.79	 99.34
 112.00	 111.03	 7.5227	33.3028	26.0112	 4.14	180.15	0.041	  141.85	 99.34
 113.00	 112.02	 7.5237	33.3150	26.0206	 4.12	179.39	0.041	  141.81	 99.34
 114.00	 113.02	 7.5310	33.3207	26.0241	 4.11	178.79	0.042	  141.77	 99.35
 115.00	 114.01	 7.5359	33.3256	26.0273	 4.09	178.16	0.041	  141.81	 99.36
 116.00	 115.00	 7.5342	33.3282	26.0295	 4.07	177.17	0.041	  141.80	 99.37
 117.00	 115.99	 7.5308	33.3301	26.0315	 4.03	175.61	0.042	  141.76	 99.37
 118.00	 116.98	 7.5734	33.3438	26.0363	 3.98	173.45	0.041	  141.78	 99.37
 119.00	 117.97	 7.6014	33.3614	26.0462	 3.94	171.37	0.041	  141.83	 99.37
 120.00	 118.96	 7.5996	33.3685	26.0520	 3.91	170.16	0.042	  141.73	 99.38
 121.00	 119.95	 7.5953	33.3754	26.0581	 3.90	169.78	0.041	  141.71	 99.39
 122.00	 120.94	 7.5933	33.3795	26.0616	 3.89	169.31	0.041	  141.76	 99.39
 123.00	 121.94	 7.5897	33.3859	26.0672	 3.87	168.53	0.042	  141.68	 99.39
 124.00	 122.93	 7.5823	33.3938	26.0745	 3.87	168.43	0.042	  141.66	 99.39
 125.00	 123.92	 7.5736	33.4027	26.0827	 3.87	168.43	0.041	  141.71	 99.39
 126.00	 124.91	 7.5675	33.4052	26.0855	 3.87	168.38	0.041	  141.74	 99.39
 127.00	 125.90	 7.5624	33.4077	26.0882	 3.87	168.33	0.041	  141.71	 99.39
 128.00	 126.89	 7.5511	33.4115	26.0928	 3.87	168.22	0.042	  141.70	 99.40
 129.00	 127.88	 7.5070	33.4188	26.1048	 3.89	169.27	0.042	  141.79	 99.40
 130.00	 128.87	 7.4360	33.4248	26.1196	 3.91	170.17	0.041	  141.83	 99.40
 131.00	 129.86	 7.3626	33.4411	26.1426	 3.91	169.95	0.041	  141.74	 99.40
 132.00	 130.85	 7.3381	33.4646	26.1645	 3.88	169.02	0.041	  141.78	 99.40
 133.00	 131.85	 7.3151	33.4857	26.1843	 3.85	167.47	0.041	  141.78	 99.39
 134.00	 132.84	 7.3126	33.4948	26.1919	 3.76	163.59	0.042	  141.73	 99.39
 135.00	 133.83	 7.3335	33.5218	26.2103	 3.66	159.20	0.042	  141.75	 99.39
 136.00	 134.82	 7.4711	33.5875	26.2427	 3.58	155.77	0.041	  141.72	 99.40
 137.00	 135.81	 7.5099	33.6002	26.2472	 3.47	151.12	0.041	  141.76	 99.42
 138.00	 136.80	 7.5428	33.6156	26.2547	 3.37	146.74	0.041	  141.70	 99.45
 139.00	 137.79	 7.5659	33.6369	26.2681	 3.29	143.16	0.042	  141.77	 99.46
 140.00	 138.78	 7.6801	33.6820	26.2872	 3.22	140.08	0.041	  141.76	 99.46
 141.00	 139.77	 7.7340	33.7038	26.2967	 3.17	137.75	0.042	  141.72	 99.46
 142.00	 140.76	 7.7738	33.7150	26.2998	 3.12	135.72	0.041	  141.78	 90.27
 143.00	 141.76	 7.8027	33.7245	26.3030	 3.04	132.20	0.041	  141.72	 94.58
 144.00	 142.75	 7.8438	33.7388	26.3083	 2.99	130.24	0.041	  141.74	 99.58
 145.00	 143.74	 7.8593	33.7447	26.3107	 2.97	129.32	0.042	  141.68	 99.54
 146.00	 144.73	 7.8716	33.7512	26.3140	 2.96	128.62	0.042	  141.76	 99.54
 147.00	 145.72	 7.8659	33.7510	26.3147	 2.94	127.86	0.042	  141.70	 99.55
 148.00	 146.71	 7.8585	33.7547	26.3187	 2.92	127.17	0.041	  141.68	 99.56
 149.00	 147.70	 7.8458	33.7584	26.3235	 2.91	126.77	0.041	  141.71	 99.56
 150.00	 148.69	 7.8413	33.7611	26.3263	 2.91	126.41	0.041	  141.76	 99.56
 151.00	 149.68	 7.8416	33.7642	26.3287	 2.88	125.37	0.041	  141.73	 99.57
 152.00	 150.67	 7.8410	33.7720	26.3349	 2.85	124.08	0.042	  141.75	 99.57
 153.00	 151.66	 7.8407	33.7821	26.3429	 2.82	122.81	0.042	  141.73	 99.58
 154.00	 152.66	 7.8459	33.7886	26.3472	 2.80	121.64	0.042	  141.71	 99.58
 155.00	 153.65	 7.8519	33.7933	26.3501	 2.78	120.97	0.041	  141.71	 99.58
 156.00	 154.64	 7.8505	33.7932	26.3502	 2.78	120.75	0.041	  141.72	 99.58
 157.00	 155.63	 7.8416	33.7959	26.3537	 2.77	120.55	0.041	  141.70	 99.58
 158.00	 156.62	 7.8316	33.7985	26.3572	 2.76	120.04	0.041	  141.74	 99.59
 159.00	 157.61	 7.8239	33.8010	26.3603	 2.74	119.39	0.041	  141.68	 99.60
 160.00	 158.60	 7.8125	33.8045	26.3647	 2.73	118.93	0.041	  141.71	 99.60
 161.00	 159.59	 7.7984	33.8107	26.3716	 2.72	118.21	0.042	  141.71	 99.61
 162.00	 160.58	 7.7898	33.8149	26.3762	 2.70	117.60	0.041	  141.71	 99.61
 163.00	 161.57	 7.7861	33.8198	26.3806	 2.70	117.31	0.042	  141.68	 99.61
 164.00	 162.56	 7.7836	33.8225	26.3831	 2.70	117.28	0.041	  141.67	 99.61
 165.00	 163.55	 7.7774	33.8258	26.3866	 2.69	117.23	0.041	  141.71	 99.61
 166.00	 164.55	 7.7726	33.8300	26.3906	 2.70	117.49	0.042	  141.64	 99.62
 167.00	 165.54	 7.7739	33.8328	26.3927	 2.70	117.63	0.041	  141.67	 99.62
 168.00	 166.53	 7.7730	33.8344	26.3941	 2.70	117.66	0.041	  141.66	 99.62
 169.00	 167.52	 7.7676	33.8367	26.3966	 2.70	117.47	0.041	  141.68	 99.62
 170.00	 168.51	 7.7473	33.8429	26.4045	 2.69	117.10	0.041	  141.64	 99.62
 171.00	 169.50	 7.7370	33.8461	26.4085	 2.68	116.64	0.041	  141.64	 99.62
 172.00	 170.49	 7.7310	33.8480	26.4109	 2.68	116.48	0.041	  141.61	 99.62
 173.00	 171.48	 7.7242	33.8497	26.4132	 2.68	116.41	0.041	  141.66	 99.62
 174.00	 172.47	 7.7124	33.8523	26.4169	 2.67	116.15	0.041	  141.62	 99.62
 175.00	 173.46	 7.7010	33.8559	26.4215	 2.66	115.66	0.041	  141.65	 99.63
 176.00	 174.45	 7.6875	33.8616	26.4278	 2.65	115.23	0.041	  141.63	 99.62
 177.00	 175.44	 7.6826	33.8637	26.4303	 2.63	114.59	0.041	  141.71	 99.63
 178.00	 176.44	 7.6808	33.8640	26.4308	 2.61	113.58	0.041	  141.67	 99.63
 179.00	 177.43	 7.6592	33.8686	26.4375	 2.58	112.44	0.041	  141.68	 99.63
 180.00	 178.42	 7.6222	33.8754	26.4482	 2.57	111.78	0.041	  141.70	 99.63
 181.00	 179.41	 7.6161	33.8760	26.4495	 2.57	111.65	0.041	  141.65	 99.63
 182.00	 180.40	 7.6144	33.8764	26.4501	 2.56	111.54	0.041	  141.62	 99.64
 183.00	 181.39	 7.6144	33.8766	26.4502	 2.56	111.41	0.041	  141.68	 99.64
 184.00	 182.38	 7.6141	33.8768	26.4504	 2.55	111.11	0.041	  141.66	 99.63
 185.00	 183.37	 7.5984	33.8785	26.4540	 2.55	110.87	0.041	  141.64	 99.64
 186.00	 184.36	 7.5714	33.8823	26.4609	 2.54	110.43	0.041	  141.66	 99.64
 187.00	 185.35	 7.5545	33.8851	26.4656	 2.53	110.04	0.041	  141.65	 99.65
 188.00	 186.34	 7.5505	33.8860	26.4668	 2.52	109.65	0.041	  141.70	 99.65
 189.00	 187.33	 7.5486	33.8864	26.4675	 2.50	108.56	0.041	  141.70	 99.66
 190.00	 188.32	 7.5382	33.8870	26.4694	 2.41	105.02	0.041	  141.65	 99.66
 191.00	 189.32	 7.5060	33.8904	26.4767	 2.34	101.92	0.041	  141.72	 99.66
 192.00	 190.31	 7.4659	33.8939	26.4851	 2.29	 99.55	0.041	  141.80	 99.66
 193.00	 191.30	 7.4167	33.8994	26.4964	 2.21	 96.11	0.041	  141.76	 99.66
 194.00	 192.29	 7.3776	33.9021	26.5040	 2.13	 92.70	0.041	  141.78	 99.68
 195.00	 193.28	 7.3631	33.9033	26.5071	 2.09	 90.81	0.041	  141.78	 99.69
 196.00	 194.27	 7.3302	33.9064	26.5141	 2.05	 89.21	0.042	  141.79	 99.71
 197.00	 195.26	 7.2829	33.9117	26.5249	 2.02	 87.94	0.042	  141.85	 99.71
 198.00	 196.25	 7.2578	33.9164	26.5321	 1.99	 86.68	0.041	  141.86	 99.73
 199.00	 197.24	 7.2445	33.9187	26.5358	 1.95	 84.92	0.041	  141.80	 99.74
 200.00	 198.23	 7.2168	33.9203	26.5409	 1.92	 83.40	0.041	  141.86	 99.75
 201.00	 199.22	 7.1656	33.9285	26.5545	 1.89	 82.35	0.041	  141.85	 99.76
 202.00	 200.21	 7.1400	33.9307	26.5598	 1.87	 81.17	0.041	  141.88	 99.76
 203.00	 201.20	 7.1176	33.9323	26.5641	 1.83	 79.65	0.041	  141.88	 99.76
 204.00	 202.19	 7.0879	33.9349	26.5703	 1.81	 78.61	0.041	  141.87	 99.77
 205.00	 203.18	 7.0662	33.9375	26.5753	 1.79	 77.88	0.042	  141.95	 99.77
 206.00	 204.18	 7.0527	33.9386	26.5780	 1.78	 77.61	0.041	  141.87	 99.78
 207.00	 205.17	 7.0333	33.9419	26.5833	 1.78	 77.48	0.041	  141.88	 99.78
 208.00	 206.16	 7.0173	33.9441	26.5872	 1.78	 77.31	0.041	  141.90	 99.78
 209.00	 207.15	 7.0073	33.9451	26.5894	 1.77	 77.20	0.041	  141.90	 99.78
 210.00	 208.14	 6.9854	33.9478	26.5945	 1.77	 76.80	0.041	  141.96	 99.78
 211.00	 209.13	 6.9757	33.9485	26.5964	 1.76	 76.38	0.041	  141.90	 99.78
 212.00	 210.12	 6.9714	33.9482	26.5968	 1.75	 76.14	0.041	  141.89	 99.78
 213.00	 211.11	 6.9554	33.9494	26.6000	 1.75	 76.14	0.041	  141.90	 99.79
 214.00	 212.10	 6.9372	33.9523	26.6047	 1.75	 76.00	0.041	  141.93	 99.79
 215.00	 213.09	 6.9234	33.9539	26.6078	 1.74	 75.72	0.041	  141.90	 99.79
 216.00	 214.08	 6.9205	33.9544	26.6087	 1.74	 75.72	0.043	  141.93	 99.80
 217.00	 215.07	 6.9180	33.9549	26.6094	 1.74	 75.73	0.042	  141.97	 99.80
 218.00	 216.06	 6.9155	33.9551	26.6099	 1.74	 75.75	0.042	  141.86	 99.80
 219.00	 217.05	 6.9138	33.9557	26.6106	 1.74	 75.78	0.041	  141.90	 99.79
 220.00	 218.04	 6.9070	33.9563	26.6120	 1.74	 75.70	0.041	  141.90	 99.80
 221.00	 219.03	 6.9009	33.9570	26.6134	 1.73	 75.41	0.041	  141.92	 99.80
 222.00	 220.03	 6.8890	33.9575	26.6154	 1.73	 75.46	0.041	  141.98	 99.80
 223.00	 221.02	 6.8745	33.9598	26.6192	 1.74	 75.56	0.041	  141.92	 99.79
 224.00	 222.01	 6.8621	33.9619	26.6225	 1.75	 75.99	0.041	  141.88	 99.80
 225.00	 223.00	 6.8485	33.9636	26.6258	 1.76	 76.41	0.041	  141.88	 99.80
 226.00	 223.99	 6.8359	33.9651	26.6287	 1.76	 76.67	0.041	  141.89	 99.80
 227.00	 224.98	 6.8259	33.9663	26.6310	 1.77	 76.89	0.042	  141.88	 99.79
 228.00	 225.97	 6.8156	33.9676	26.6334	 1.77	 77.08	0.041	  141.89	 99.80
 229.00	 226.96	 6.8121	33.9681	26.6342	 1.77	 77.02	0.041	  141.93	 99.79
 230.00	 227.95	 6.7914	33.9687	26.6375	 1.77	 76.83	0.041	  141.89	 99.79
 231.00	 228.94	 6.7794	33.9702	26.6403	 1.77	 76.87	0.041	  141.88	 99.79
 232.00	 229.93	 6.7727	33.9709	26.6418	 1.77	 76.90	0.041	  141.86	 99.79
 233.00	 230.92	 6.7556	33.9719	26.6448	 1.77	 76.84	0.041	  141.89	 99.79
 234.00	 231.91	 6.7491	33.9720	26.6458	 1.76	 76.64	0.041	  141.89	 99.79
 235.00	 232.90	 6.7364	33.9719	26.6475	 1.76	 76.38	0.042	  141.87	 99.79
 236.00	 233.89	 6.7294	33.9725	26.6489	 1.76	 76.50	0.042	  141.88	 99.79
 237.00	 234.88	 6.7242	33.9735	26.6504	 1.78	 77.22	0.041	  141.89	 99.79
 238.00	 235.87	 6.7148	33.9751	26.6529	 1.78	 77.57	0.041	  141.86	 99.80
 239.00	 236.86	 6.6864	33.9776	26.6586	 1.79	 77.90	0.041	  141.82	 99.80
 240.00	 237.85	 6.6706	33.9787	26.6616	 1.79	 78.05	0.041	  141.84	 99.79
 241.00	 238.85	 6.6658	33.9783	26.6620	 1.80	 78.27	0.041	  141.80	 99.79
 242.00	 239.84	 6.6453	33.9787	26.6650	 1.80	 78.39	0.041	  141.88	 99.79
 243.00	 240.83	 6.6294	33.9799	26.6681	 1.80	 78.40	0.041	  141.84	 99.79
 244.00	 241.82	 6.6252	33.9807	26.6692	 1.80	 78.26	0.041	  141.82	 99.79
 245.00	 242.81	 6.6199	33.9811	26.6703	 1.80	 78.25	0.041	  141.83	 99.79
 246.00	 243.80	 6.6156	33.9812	26.6710	 1.80	 78.27	0.041	  141.88	 99.79
 247.00	 244.79	 6.6038	33.9813	26.6726	 1.80	 78.32	0.041	  141.81	 99.79
 248.00	 245.78	 6.5853	33.9823	26.6758	 1.81	 78.62	0.041	  141.87	 99.78
 249.00	 246.77	 6.5750	33.9816	26.6767	 1.81	 78.88	0.042	  141.82	 99.78
 250.00	 247.76	 6.5668	33.9820	26.6781	 1.81	 78.94	0.042	  141.81	 99.79
 251.00	 248.75	 6.5609	33.9819	26.6788	 1.81	 78.81	0.041	  141.84	 99.79
 252.00	 249.74	 6.5521	33.9827	26.6806	 1.81	 78.57	0.041	  141.77	 99.79
 253.00	 250.73	 6.5432	33.9832	26.6822	 1.80	 78.24	0.041	  141.85	 99.79
 254.00	 251.72	 6.5230	33.9842	26.6856	 1.79	 77.76	0.041	  141.81	 99.78
 255.00	 252.71	 6.5088	33.9849	26.6880	 1.78	 77.52	0.041	  141.83	 99.79
 256.00	 253.70	 6.5023	33.9853	26.6893	 1.78	 77.33	0.041	  141.78	 99.79
 257.00	 254.69	 6.4930	33.9856	26.6907	 1.77	 77.12	0.041	  141.85	 99.79
 258.00	 255.68	 6.4845	33.9858	26.6919	 1.77	 77.03	0.041	  141.81	 99.79
 259.00	 256.67	 6.4782	33.9862	26.6931	 1.77	 76.92	0.041	  141.88	 99.80
 260.00	 257.66	 6.4713	33.9860	26.6939	 1.77	 76.83	0.041	  141.80	 99.80
 261.00	 258.65	 6.4611	33.9868	26.6958	 1.76	 76.67	0.041	  141.79	 99.80
 262.00	 259.64	 6.4565	33.9862	26.6960	 1.75	 76.33	0.041	  141.78	 99.80
 263.00	 260.63	 6.4279	33.9873	26.7006	 1.75	 76.16	0.041	  141.85	 99.80
 264.00	 261.63	 6.4142	33.9878	26.7028	 1.75	 76.04	0.040	  141.83	 99.80
 265.00	 262.62	 6.4051	33.9889	26.7048	 1.75	 75.93	0.041	  141.83	 99.80
 266.00	 263.61	 6.4001	33.9890	26.7056	 1.74	 75.64	0.042	  141.78	 99.80
 267.00	 264.60	 6.3909	33.9897	26.7074	 1.73	 75.31	0.041	  141.81	 99.80
 268.00	 265.59	 6.3704	33.9914	26.7114	 1.72	 75.03	0.042	  141.82	 99.80
 269.00	 266.58	 6.3642	33.9916	26.7123	 1.72	 74.66	0.041	  141.82	 99.80
 270.00	 267.57	 6.3633	33.9917	26.7125	 1.71	 74.53	0.041	  141.81	 83.32
 271.00	 268.56	 6.3642	33.9916	26.7124	 1.71	 74.37	0.041	  141.77	 99.64
 272.00	 269.55	 6.3626	33.9923	26.7131	 1.71	 74.19	0.041	  141.77	 99.80
 273.00	 270.54	 6.3603	33.9924	26.7135	 1.70	 74.13	0.041	  141.79	 99.81
 274.00	 271.53	 6.3570	33.9937	26.7150	 1.70	 73.93	0.041	  141.76	 99.80
 275.00	 272.52	 6.3470	33.9942	26.7167	 1.70	 73.77	0.041	  141.78	 99.80
 276.00	 273.51	 6.3360	33.9946	26.7184	 1.69	 73.56	0.041	  141.73	 99.81
 277.00	 274.50	 6.3238	33.9949	26.7202	 1.68	 73.28	0.041	  141.75	 99.80
 278.00	 275.49	 6.3189	33.9951	26.7210	 1.68	 73.16	0.041	  141.74	 99.80
 279.00	 276.48	 6.3159	33.9952	26.7215	 1.68	 73.00	0.041	  141.74	 99.81
 280.00	 277.47	 6.3124	33.9955	26.7222	 1.67	 72.83	0.041	  141.71	 99.81
 281.00	 278.46	 6.3081	33.9959	26.7231	 1.67	 72.60	0.041	  141.73	 99.81
 282.00	 279.45	 6.2963	33.9964	26.7251	 1.66	 72.28	0.041	  141.77	 99.80
 283.00	 280.44	 6.2770	33.9968	26.7278	 1.66	 72.04	0.041	  141.73	 99.82
 284.00	 281.43	 6.2652	33.9966	26.7292	 1.65	 71.84	0.041	  141.73	 99.82
 285.00	 282.42	 6.2561	33.9966	26.7304	 1.65	 71.66	0.041	  141.73	 99.82
 286.00	 283.41	 6.2480	33.9971	26.7318	 1.65	 71.56	0.041	  141.75	 99.82
 287.00	 284.40	 6.2466	33.9972	26.7321	 1.64	 71.41	0.041	  141.66	 99.82
 288.00	 285.39	 6.2440	33.9975	26.7326	 1.64	 71.20	0.041	  141.74	 99.82
 289.00	 286.38	 6.2418	33.9976	26.7330	 1.63	 70.91	0.041	  141.68	 99.83
 290.00	 287.37	 6.2375	33.9974	26.7334	 1.63	 70.84	0.041	  141.72	 99.83
 291.00	 288.36	 6.2272	33.9984	26.7355	 1.62	 70.67	0.041	  141.64	 99.82
 292.00	 289.35	 6.2252	33.9984	26.7358	 1.62	 70.32	0.041	  141.72	 99.83
 293.00	 290.34	 6.2124	33.9986	26.7376	 1.61	 70.11	0.041	  141.68	 99.83
 294.00	 291.33	 6.2023	33.9999	26.7399	 1.61	 69.93	0.041	  141.68	 99.83
 295.00	 292.32	 6.1937	34.0000	26.7411	 1.60	 69.61	0.041	  141.71	 99.83
 296.00	 293.31	 6.1883	34.0009	26.7425	 1.60	 69.46	0.041	  141.67	 99.83
 297.00	 294.30	 6.1848	34.0014	26.7434	 1.59	 69.20	0.041	  141.67	 99.83
 298.00	 295.30	 6.1772	34.0017	26.7446	 1.58	 68.89	0.041	  141.67	 99.83
 299.00	 296.29	 6.1697	34.0020	26.7458	 1.58	 68.71	0.041	  141.65	 99.83
 300.00	 297.28	 6.1674	34.0029	26.7468	 1.58	 68.57	0.041	  141.66	 99.83
 301.00	 298.27	 6.1655	34.0034	26.7475	 1.57	 68.48	0.041	  141.64	 99.83
 302.00	 299.26	 6.1649	34.0035	26.7476	 1.57	 68.41	0.041	  141.67	 99.83
 303.00	 300.25	 6.1632	34.0034	26.7478	 1.57	 68.29	0.041	  141.73	 99.83
 304.00	 301.24	 6.1593	34.0039	26.7487	 1.57	 68.16	0.042	  141.70	 99.83
 305.00	 302.23	 6.1528	34.0049	26.7503	 1.56	 68.01	0.041	  141.65	 99.83
 306.00	 303.22	 6.1458	34.0052	26.7515	 1.56	 67.82	0.041	  141.62	 99.83
 307.00	 304.21	 6.1435	34.0053	26.7518	 1.55	 67.54	0.041	  141.65	 99.83
 308.00	 305.20	 6.1372	34.0057	26.7530	 1.55	 67.22	0.041	  141.68	 99.83
 309.00	 306.19	 6.1167	34.0063	26.7560	 1.54	 66.86	0.041	  141.73	 99.83
 310.00	 307.18	 6.1022	34.0074	26.7588	 1.53	 66.66	0.041	  141.68	 99.83
 311.00	 308.17	 6.0972	34.0082	26.7600	 1.53	 66.35	0.041	  141.66	 99.83
 312.00	 309.16	 6.0945	34.0084	26.7605	 1.52	 66.20	0.041	  141.66	 99.84
 313.00	 310.15	 6.0913	34.0083	26.7609	 1.52	 66.02	0.041	  141.66	 99.84
 314.00	 311.14	 6.0885	34.0088	26.7616	 1.52	 65.95	0.041	  141.69	 99.84
 315.00	 312.13	 6.0880	34.0091	26.7620	 1.51	 65.82	0.041	  141.65	 99.84
 316.00	 313.12	 6.0866	34.0096	26.7626	 1.51	 65.58	0.041	  141.69	 99.84
 317.00	 314.11	 6.0828	34.0104	26.7636	 1.50	 65.45	0.041	  141.64	 99.84
 318.00	 315.10	 6.0760	34.0097	26.7640	 1.50	 65.40	0.041	  141.65	 99.85
 319.00	 316.09	 6.0653	34.0095	26.7651	 1.50	 65.34	0.041	  141.68	 99.84
 320.00	 317.08	 6.0596	34.0092	26.7656	 1.50	 65.28	0.041	  141.67	 99.84
 321.00	 318.07	 6.0543	34.0089	26.7661	 1.50	 65.09	0.041	  141.67	 99.84
 322.00	 319.06	 6.0339	34.0079	26.7679	 1.50	 65.05	0.041	  141.63	 99.84
 323.00	 320.05	 6.0253	34.0089	26.7697	 1.49	 64.84	0.041	  141.64	 99.85
 324.00	 321.04	 6.0219	34.0103	26.7713	 1.48	 64.33	0.041	  141.65	 99.85
 325.00	 322.03	 6.0205	34.0130	26.7736	 1.47	 63.93	0.041	  141.65	 99.85
 326.00	 323.02	 6.0117	34.0132	26.7749	 1.46	 63.57	0.041	  141.60	 99.85
 327.00	 324.01	 5.9959	34.0129	26.7767	 1.46	 63.37	0.041	  141.64	 99.85
 328.00	 325.00	 5.9853	34.0136	26.7786	 1.45	 63.03	0.041	  141.64	 99.85
 329.00	 325.99	 5.9779	34.0149	26.7805	 1.44	 62.82	0.041	  141.67	 99.85
 330.00	 326.98	 5.9730	34.0152	26.7814	 1.44	 62.62	0.041	  141.62	 99.85
 331.00	 327.97	 5.9699	34.0154	26.7819	 1.43	 62.38	0.041	  141.65	 99.85
 332.00	 328.96	 5.9652	34.0157	26.7827	 1.43	 62.09	0.041	  141.65	 99.85
 333.00	 329.95	 5.9533	34.0178	26.7859	 1.42	 61.74	0.041	  141.61	 99.85
 334.00	 330.94	 5.9462	34.0193	26.7880	 1.41	 61.34	0.041	  141.65	 99.85
 335.00	 331.93	 5.9440	34.0197	26.7886	 1.40	 60.90	0.041	  141.65	 99.85
 336.00	 332.92	 5.9367	34.0203	26.7900	 1.40	 60.72	0.041	  141.59	 99.85
 337.00	 333.91	 5.9329	34.0206	26.7907	 1.39	 60.61	0.041	  141.63	 99.85
 338.00	 334.90	 5.9230	34.0205	26.7919	 1.39	 60.40	0.041	  141.66	 99.85
 339.00	 335.89	 5.9155	34.0211	26.7933	 1.39	 60.31	0.041	  141.61	 99.86
 340.00	 336.88	 5.9144	34.0212	26.7935	 1.38	 60.07	0.041	  141.64	 99.86
 341.00	 337.87	 5.9136	34.0213	26.7937	 1.38	 60.11	0.041	  141.63	 99.86
 342.00	 338.86	 5.9096	34.0212	26.7941	 1.38	 60.02	0.041	  141.64	 99.86
 343.00	 339.85	 5.9067	34.0213	26.7946	 1.38	 59.91	0.041	  141.58	 99.86
 344.00	 340.84	 5.8966	34.0203	26.7951	 1.37	 59.80	0.041	  141.66	 99.86
 345.00	 341.83	 5.8713	34.0209	26.7987	 1.37	 59.63	0.041	  141.62	 99.86
 346.00	 342.82	 5.8631	34.0207	26.7995	 1.37	 59.48	0.041	  141.62	 99.87
 347.00	 343.81	 5.8546	34.0211	26.8009	 1.36	 59.34	0.041	  141.64	 99.87
 348.00	 344.80	 5.8511	34.0217	26.8018	 1.36	 59.32	0.041	  141.60	 99.86
 349.00	 345.79	 5.8526	34.0215	26.8015	 1.36	 59.22	0.042	  141.66	 99.87
 350.00	 346.78	 5.8513	34.0216	26.8018	 1.36	 59.22	0.041	  141.67	 99.87
 351.00	 347.77	 5.8512	34.0216	26.8018	 1.36	 59.14	0.041	  141.65	 99.87
 352.00	 348.76	 5.8521	34.0217	26.8017	 1.36	 58.98	0.041	  141.64	 99.87
 353.00	 349.75	 5.8461	34.0218	26.8025	 1.36	 58.94	0.041	  141.64	 99.87
 354.00	 350.74	 5.8442	34.0223	26.8032	 1.35	 58.86	0.041	  141.57	 99.87
 355.00	 351.73	 5.8434	34.0223	26.8033	 1.35	 58.77	0.041	  141.59	 99.87
 356.00	 352.72	 5.8411	34.0225	26.8038	 1.35	 58.65	0.041	  141.64	 99.87
 357.00	 353.71	 5.8369	34.0228	26.8045	 1.34	 58.38	0.041	  141.64	 99.87
 358.00	 354.70	 5.8170	34.0228	26.8070	 1.34	 58.11	0.041	  141.61	 99.88
 359.00	 355.69	 5.7998	34.0228	26.8091	 1.33	 57.82	0.041	  141.63	 99.87
 360.00	 356.68	 5.7640	34.0253	26.8155	 1.32	 57.53	0.041	  141.61	 99.88
 361.00	 357.67	 5.7527	34.0248	26.8165	 1.32	 57.30	0.041	  141.63	 99.88
 362.00	 358.66	 5.7449	34.0247	26.8174	 1.31	 56.88	0.041	  141.55	 99.88
 363.00	 359.65	 5.7415	34.0251	26.8181	 1.30	 56.43	0.041	  141.60	 99.88
 364.00	 360.64	 5.7323	34.0285	26.8219	 1.29	 56.01	0.042	  141.58	 99.88
 365.00	 361.63	 5.7244	34.0299	26.8240	 1.28	 55.77	0.041	  141.60	 99.88
 366.00	 362.62	 5.7105	34.0295	26.8254	 1.28	 55.54	0.041	  141.54	 99.88
 367.00	 363.61	 5.6928	34.0297	26.8278	 1.28	 55.48	0.041	  141.59	 99.88
 368.00	 364.60	 5.6814	34.0280	26.8278	 1.27	 55.42	0.041	  141.61	 99.88
 369.00	 365.59	 5.6640	34.0273	26.8294	 1.27	 55.25	0.041	  141.55	 99.88
 370.00	 366.58	 5.6576	34.0284	26.8311	 1.27	 55.09	0.041	  141.58	 99.88
 371.00	 367.57	 5.6497	34.0286	26.8322	 1.26	 54.86	0.041	  141.62	 99.88
 372.00	 368.56	 5.6386	34.0284	26.8333	 1.26	 54.75	0.041	  141.60	 99.88
 373.00	 369.55	 5.6296	34.0284	26.8345	 1.26	 54.69	0.041	  141.61	 99.88
 374.00	 370.54	 5.6217	34.0285	26.8355	 1.25	 54.56	0.041	  141.65	 99.88
 375.00	 371.53	 5.6142	34.0286	26.8365	 1.25	 54.38	0.041	  141.62	 99.88
 376.00	 372.52	 5.6033	34.0271	26.8366	 1.25	 54.20	0.041	  141.54	 99.88
 377.00	 373.51	 5.5727	34.0276	26.8407	 1.24	 54.14	0.041	  141.58	 99.88
 378.00	 374.50	 5.5600	34.0286	26.8431	 1.24	 53.97	0.041	  141.65	 99.88
 379.00	 375.49	 5.5481	34.0291	26.8449	 1.24	 53.73	0.041	  141.59	 99.88
 380.00	 376.48	 5.5362	34.0294	26.8465	 1.23	 53.45	0.041	  141.63	 99.88
 381.00	 377.47	 5.5280	34.0300	26.8480	 1.22	 53.14	0.041	  141.60	 99.89
 382.00	 378.46	 5.5159	34.0300	26.8495	 1.22	 53.04	0.041	  141.61	 99.89
 383.00	 379.45	 5.5109	34.0307	26.8507	 1.22	 52.86	0.041	  141.59	 99.89
 384.00	 380.44	 5.5087	34.0310	26.8512	 1.21	 52.76	0.041	  141.58	 99.89
 385.00	 381.43	 5.5061	34.0313	26.8517	 1.21	 52.63	0.041	  141.58	 99.89
 386.00	 382.42	 5.5039	34.0313	26.8520	 1.21	 52.56	0.041	  141.60	 99.89
 387.00	 383.40	 5.4993	34.0306	26.8520	 1.20	 52.37	0.041	  141.54	 99.89
 388.00	 384.39	 5.4874	34.0312	26.8539	 1.20	 52.29	0.041	  141.58	 99.89
 389.00	 385.38	 5.4839	34.0324	26.8553	 1.20	 52.23	0.041	  141.58	 99.89
 390.00	 386.37	 5.4790	34.0325	26.8560	 1.20	 52.14	0.041	  141.60	 99.90
 391.00	 387.36	 5.4730	34.0325	26.8566	 1.19	 51.95	0.041	  141.52	 99.89
 392.00	 388.35	 5.4635	34.0326	26.8579	 1.19	 51.81	0.041	  141.58	 99.90
 393.00	 389.34	 5.4622	34.0329	26.8583	 1.19	 51.66	0.041	  141.49	 99.90
 394.00	 390.33	 5.4593	34.0331	26.8588	 1.19	 51.55	0.042	  141.59	 99.90
 395.00	 391.32	 5.4545	34.0329	26.8592	 1.18	 51.45	0.041	  141.53	 99.90
 396.00	 392.31	 5.4493	34.0328	26.8597	 1.18	 51.48	0.041	  141.51	 99.90
 397.00	 393.30	 5.4451	34.0330	26.8604	 1.18	 51.44	0.041	  141.56	 99.90
 398.00	 394.29	 5.4434	34.0330	26.8606	 1.18	 51.42	0.041	  141.52	 99.90
 399.00	 395.28	 5.4441	34.0331	26.8607	 1.18	 51.42	0.041	  141.62	 99.90
 400.00	 396.27	 5.4440	34.0333	26.8609	 1.18	 51.35	0.042	  141.50	 99.90
 401.00	 397.26	 5.4411	34.0332	26.8611	 1.18	 51.39	0.041	  141.55	 99.90
 402.00	 398.25	 5.4374	34.0330	26.8614	 1.18	 51.36	0.041	  141.55	 99.90
 403.00	 399.24	 5.4347	34.0328	26.8616	 1.18	 51.37	0.041	  141.53	 99.90
 404.00	 400.23	 5.4304	34.0328	26.8621	 1.18	 51.36	0.041	  141.62	 99.90
 405.00	 401.22	 5.4259	34.0327	26.8626	 1.18	 51.19	0.041	  141.55	 99.90
 406.00	 402.21	 5.4192	34.0335	26.8640	 1.17	 51.05	0.041	  141.58	 99.90
 407.00	 403.20	 5.4163	34.0342	26.8649	 1.17	 50.85	0.041	  141.53	 99.90
 408.00	 404.19	 5.4162	34.0347	26.8653	 1.16	 50.59	0.041	  141.49	 99.90
 409.00	 405.18	 5.4126	34.0354	26.8663	 1.16	 50.36	0.041	  141.55	 99.90
 410.00	 406.17	 5.4061	34.0381	26.8692	 1.15	 50.11	0.041	  141.53	 99.90
 411.00	 407.16	 5.4076	34.0389	26.8697	 1.14	 49.77	0.041	  141.55	 99.90
 412.00	 408.15	 5.4169	34.0427	26.8716	 1.13	 49.00	0.041	  141.51	 99.90
 413.00	 409.14	 5.4524	34.0523	26.8750	 1.10	 47.81	0.041	  141.49	 99.90
 414.00	 410.13	 5.5016	34.0643	26.8787	 1.07	 46.49	0.042	  141.50	 99.90
 415.00	 411.12	 5.5330	34.0714	26.8805	 1.05	 45.69	0.041	  141.49	 99.90
 416.00	 412.11	 5.5466	34.0738	26.8808	 1.04	 45.19	0.040	  141.53	 99.90
 417.00	 413.10	 5.5495	34.0758	26.8821	 1.03	 44.73	0.041	  141.47	 99.91
 418.00	 414.09	 5.5551	34.0768	26.8822	 1.02	 44.36	0.041	  141.49	 99.91
 419.00	 415.08	 5.5611	34.0786	26.8829	 1.01	 44.12	0.041	  141.43	 99.91
 420.00	 416.07	 5.5625	34.0788	26.8829	 1.00	 43.67	0.041	  141.50	 99.92
 421.00	 417.05	 5.5620	34.0801	26.8840	 1.00	 43.41	0.041	  141.47	 99.93
 422.00	 418.04	 5.5617	34.0814	26.8851	 0.99	 43.01	0.041	  141.47	 99.92
 423.00	 419.03	 5.5591	34.0832	26.8868	 0.98	 42.56	0.041	  141.42	 99.93
 424.00	 420.02	 5.5624	34.0878	26.8901	 0.96	 41.88	0.041	  141.43	 99.93
 425.00	 421.01	 5.5566	34.0922	26.8942	 0.95	 41.30	0.041	  141.49	 99.93
 426.00	 422.00	 5.5494	34.0946	26.8970	 0.94	 40.85	0.042	  141.47	 99.93
 427.00	 422.99	 5.5433	34.0950	26.8981	 0.93	 40.58	0.041	  141.48	 99.93
 428.00	 423.98	 5.5360	34.0952	26.8991	 0.93	 40.32	0.041	  141.42	 99.93
 429.00	 424.97	 5.5299	34.0958	26.9004	 0.92	 40.16	0.042	  141.49	 99.93
 430.00	 425.96	 5.5239	34.0957	26.9010	 0.92	 40.04	0.041	  141.42	 99.93
 431.00	 426.95	 5.5156	34.0956	26.9019	 0.92	 39.98	0.042	  141.44	 99.93
 432.00	 427.94	 5.5107	34.0959	26.9028	 0.92	 39.84	0.041	  141.41	 99.93
 433.00	 428.93	 5.5098	34.0956	26.9027	 0.92	 39.81	0.041	  141.46	 99.93
 434.00	 429.92	 5.5088	34.0957	26.9029	 0.91	 39.78	0.041	  141.40	 99.93
 435.00	 430.91	 5.5080	34.0956	26.9029	 0.92	 39.81	0.041	  141.46	 99.93
 436.00	 431.90	 5.5067	34.0960	26.9034	 0.91	 39.78	0.040	  141.40	 99.93
 437.00	 432.89	 5.5066	34.0959	26.9033	 0.91	 39.62	0.040	  141.43	 99.93
 438.00	 433.88	 5.5063	34.0960	26.9034	 0.91	 39.61	0.042	  141.41	 99.93
 439.00	 434.87	 5.5057	34.0961	26.9036	 0.91	 39.53	0.041	  141.41	 99.93
 440.00	 435.86	 5.5060	34.0961	26.9036	 0.91	 39.41	0.040	  141.43	 99.93
 441.00	 436.85	 5.5035	34.0967	26.9044	 0.90	 39.11	0.041	  141.43	 99.93
 442.00	 437.84	 5.4934	34.0994	26.9077	 0.90	 38.94	0.042	  141.39	 99.94
 443.00	 438.83	 5.4860	34.1005	26.9095	 0.89	 38.84	0.040	  141.42	 99.94
 444.00	 439.81	 5.4832	34.1010	26.9102	 0.89	 38.60	0.041	  141.41	 99.93
 445.00	 440.80	 5.4773	34.1014	26.9113	 0.88	 38.45	0.041	  141.43	 99.93
 446.00	 441.79	 5.4720	34.1018	26.9122	 0.88	 38.36	0.041	  141.37	 99.94
 447.00	 442.78	 5.4614	34.1020	26.9137	 0.88	 38.15	0.041	  141.36	 99.94
 448.00	 443.77	 5.4560	34.1029	26.9150	 0.87	 38.01	0.041	  141.41	 99.94
 449.00	 444.76	 5.4539	34.1032	26.9155	 0.87	 37.71	0.041	  141.40	 99.94
 450.00	 445.75	 5.4477	34.1046	26.9174	 0.86	 37.49	0.041	  141.41	 99.94
 451.00	 446.74	 5.4443	34.1053	26.9183	 0.86	 37.37	0.041	  141.44	 99.94
 452.00	 447.73	 5.4397	34.1062	26.9196	 0.85	 37.16	0.041	  141.41	 99.94
 453.00	 448.72	 5.4379	34.1064	26.9200	 0.85	 37.01	0.041	  141.40	 99.94
 454.00	 449.71	 5.4361	34.1067	26.9204	 0.85	 36.90	0.041	  141.40	 99.94
 455.00	 450.70	 5.4357	34.1068	26.9206	 0.85	 36.88	0.041	  141.34	 99.94
 456.00	 451.69	 5.4322	34.1073	26.9214	 0.85	 36.76	0.041	  141.40	 99.95
 457.00	 452.68	 5.4217	34.1085	26.9236	 0.84	 36.51	0.041	  141.34	 99.95
 458.00	 453.67	 5.4147	34.1096	26.9253	 0.84	 36.38	0.041	  141.39	 99.95
 459.00	 454.66	 5.4126	34.1100	26.9259	 0.83	 36.28	0.041	  141.41	 99.94
 460.00	 455.65	 5.4101	34.1102	26.9264	 0.83	 36.09	0.041	  141.36	 99.95
 461.00	 456.64	 5.4070	34.1107	26.9271	 0.83	 36.07	0.042	  141.40	 99.95
 462.00	 457.63	 5.4085	34.1105	26.9268	 0.83	 35.97	0.041	  141.35	 99.95
 463.00	 458.61	 5.4054	34.1109	26.9275	 0.82	 35.82	0.041	  141.39	 99.95
 464.00	 459.60	 5.3957	34.1116	26.9292	 0.82	 35.72	0.042	  141.37	 99.95
 465.00	 460.59	 5.3862	34.1135	26.9318	 0.82	 35.60	0.042	  141.33	 99.95
 466.00	 461.58	 5.3839	34.1138	26.9324	 0.82	 35.55	0.042	  141.38	 99.95
 467.00	 462.57	 5.3835	34.1139	26.9325	 0.82	 35.46	0.042	  141.37	 99.95
 468.00	 463.56	 5.3819	34.1141	26.9329	 0.81	 35.25	0.041	  141.37	 99.95
 469.00	 464.55	 5.3768	34.1149	26.9341	 0.81	 35.09	0.041	  141.33	 99.95
 470.00	 465.54	 5.3732	34.1156	26.9351	 0.80	 35.00	0.041	  141.33	 99.95
 471.00	 466.53	 5.3717	34.1159	26.9355	 0.80	 34.95	0.040	  141.34	 99.95
 472.00	 467.52	 5.3701	34.1162	26.9360	 0.80	 34.81	0.040	  141.37	 99.95
 473.00	 468.51	 5.3698	34.1162	26.9360	 0.80	 34.85	0.040	  141.36	 99.95
 474.00	 469.50	 5.3695	34.1164	26.9362	 0.80	 34.83	0.040	  141.39	 99.95
 475.00	 470.49	 5.3690	34.1163	26.9362	 0.80	 34.71	0.040	  141.35	 99.95
 476.00	 471.48	 5.3644	34.1169	26.9372	 0.79	 34.53	0.041	  141.33	 99.95
 477.00	 472.47	 5.3505	34.1191	26.9406	 0.79	 34.32	0.041	  141.33	 99.95
 478.00	 473.46	 5.3455	34.1200	26.9419	 0.78	 34.01	0.040	  141.34	 99.95
 479.00	 474.45	 5.3389	34.1212	26.9437	 0.78	 33.84	0.041	  141.36	 99.95
 480.00	 475.43	 5.3381	34.1214	26.9439	 0.77	 33.61	0.041	  141.36	 99.95
 481.00	 476.42	 5.3275	34.1222	26.9458	 0.77	 33.45	0.040	  141.37	 99.95
 482.00	 477.41	 5.3209	34.1229	26.9472	 0.76	 33.22	0.040	  141.33	 99.95
 483.00	 478.40	 5.3125	34.1237	26.9488	 0.76	 33.16	0.041	  141.32	 99.95
 484.00	 479.39	 5.3021	34.1252	26.9512	 0.76	 33.09	0.041	  141.39	 99.95
 485.00	 480.38	 5.2985	34.1256	26.9520	 0.76	 32.97	0.040	  141.41	 99.95
 486.00	 481.37	 5.2937	34.1255	26.9525	 0.75	 32.74	0.041	  141.34	 99.95
 487.00	 482.36	 5.2894	34.1266	26.9538	 0.75	 32.63	0.041	  141.41	 99.95
 488.00	 483.35	 5.2858	34.1274	26.9549	 0.75	 32.54	0.040	  141.33	 99.95
 489.00	 484.34	 5.2843	34.1280	26.9556	 0.74	 32.35	0.040	  141.33	 99.95
 490.00	 485.33	 5.2847	34.1284	26.9558	 0.74	 32.26	0.041	  141.36	 99.95
 491.00	 486.32	 5.2853	34.1287	26.9560	 0.74	 32.12	0.041	  141.32	 99.95
 492.00	 487.31	 5.2833	34.1293	26.9567	 0.74	 32.08	0.041	  141.40	 99.95
 493.00	 488.30	 5.2821	34.1296	26.9571	 0.74	 31.99	0.041	  141.34	 99.95
 494.00	 489.28	 5.2805	34.1300	26.9577	 0.73	 31.90	0.041	  141.36	 99.96
 495.00	 490.27	 5.2744	34.1305	26.9587	 0.73	 31.84	0.042	  141.38	 99.96
 496.00	 491.26	 5.2637	34.1316	26.9609	 0.73	 31.54	0.041	  141.31	 99.96
 497.00	 492.25	 5.2593	34.1324	26.9620	 0.72	 31.45	0.041	  141.29	 99.96
 498.00	 493.24	 5.2502	34.1338	26.9642	 0.72	 31.39	0.040	  141.35	 99.96
 499.00	 494.23	 5.2447	34.1345	26.9654	 0.72	 31.14	0.040	  141.32	 99.96
 500.00	 495.22	 5.2403	34.1352	26.9665	 0.71	 31.05	0.041	  141.34	 99.96
 501.00	 496.21	 5.2373	34.1356	26.9672	 0.71	 30.97	0.040	  141.35	 99.96
 502.00	 497.20	 5.2317	34.1365	26.9685	 0.71	 30.79	0.041	  141.30	 99.96
 503.00	 498.19	 5.2276	34.1370	26.9694	 0.71	 30.68	0.041	  141.34	 99.96
 504.00	 499.18	 5.2256	34.1374	26.9700	 0.70	 30.59	0.041	  141.34	 99.96
 505.00	 500.17	 5.2230	34.1375	26.9704	 0.70	 30.51	0.041	  141.34	 99.97
 506.00	 501.16	 5.2194	34.1380	26.9712	 0.70	 30.43	0.041	  141.30	 99.97
 507.00	 502.14	 5.2171	34.1382	26.9717	 0.70	 30.28	0.041	  141.28	 99.97
 508.00	 503.13	 5.2148	34.1385	26.9722	 0.70	 30.26	0.041	  141.31	 99.96
 509.00	 504.12	 5.2140	34.1386	26.9723	 0.70	 30.24	0.041	  141.29	 99.97
 510.00	 505.11	 5.2139	34.1386	26.9724	 0.69	 30.20	0.041	  141.33	 99.97
 511.00	 506.10	 5.2117	34.1389	26.9728	 0.69	 30.19	0.042	  141.26	 99.97
 512.00	 507.09	 5.2074	34.1387	26.9732	 0.69	 30.06	0.041	  141.30	 99.96
 513.00	 508.08	 5.1997	34.1389	26.9743	 0.69	 30.00	0.041	  141.27	 99.96
 514.00	 509.07	 5.1885	34.1382	26.9750	 0.69	 29.95	0.041	  141.35	 99.97
 515.00	 510.06	 5.1735	34.1401	26.9783	 0.68	 29.78	0.041	  141.32	 99.97
 516.00	 511.05	 5.1731	34.1414	26.9793	 0.68	 29.64	0.041	  141.25	 99.97
 517.00	 512.04	 5.1695	34.1415	26.9799	 0.68	 29.52	0.041	  141.35	 99.97
 518.00	 513.03	 5.1673	34.1415	26.9801	 0.68	 29.49	0.042	  141.27	 99.97
 519.00	 514.02	 5.1664	34.1417	26.9804	 0.68	 29.37	0.041	  141.24	 99.98
 520.00	 515.00	 5.1656	34.1418	26.9806	 0.67	 29.27	0.041	  141.23	 99.97
 521.00	 515.99	 5.1631	34.1421	26.9812	 0.67	 29.18	0.041	  141.24	 99.98
 522.00	 516.98	 5.1605	34.1426	26.9819	 0.67	 29.20	0.040	  141.25	 99.98
 523.00	 517.97	 5.1585	34.1429	26.9823	 0.67	 29.12	0.041	  141.26	 99.98
 524.00	 518.96	 5.1539	34.1436	26.9834	 0.67	 29.02	0.042	  141.26	 99.98
 525.00	 519.95	 5.1503	34.1440	26.9841	 0.66	 28.90	0.040	  141.26	 99.98
 526.00	 520.94	 5.1409	34.1453	26.9863	 0.66	 28.66	0.040	  141.27	 99.98
 527.00	 521.93	 5.1243	34.1461	26.9888	 0.66	 28.61	0.041	  141.27	 99.98
 528.00	 522.92	 5.1148	34.1470	26.9907	 0.65	 28.47	0.041	  141.28	 99.98
 529.00	 523.91	 5.1140	34.1475	26.9911	 0.65	 28.41	0.041	  141.28	 99.98
 530.00	 524.90	 5.0999	34.1465	26.9920	 0.65	 28.31	0.041	  141.29	 99.98
 531.00	 525.88	 5.0985	34.1472	26.9927	 0.65	 28.25	0.040	  141.28	 99.98
 532.00	 526.87	 5.0963	34.1475	26.9932	 0.65	 28.06	0.040	  141.24	 99.98
 533.00	 527.86	 5.0809	34.1469	26.9945	 0.64	 27.92	0.041	  141.32	 99.98
 534.00	 528.85	 5.0781	34.1497	26.9970	 0.64	 27.75	0.041	  141.31	 99.98
 535.00	 529.84	 5.0705	34.1510	26.9990	 0.63	 27.46	0.040	  141.30	 99.98
 536.00	 530.83	 5.0625	34.1540	27.0022	 0.63	 27.24	0.041	  141.29	 99.98
 537.00	 531.82	 5.0609	34.1557	27.0038	 0.62	 27.09	0.041	  141.26	 99.98
 538.00	 532.81	 5.0604	34.1559	27.0040	 0.62	 26.91	0.041	  141.28	 99.98
 539.00	 533.80	 5.0571	34.1568	27.0051	 0.62	 26.79	0.040	  141.29	 99.98
 540.00	 534.79	 5.0527	34.1572	27.0060	 0.61	 26.67	0.040	  141.28	 99.98
 541.00	 535.78	 5.0502	34.1578	27.0067	 0.61	 26.57	0.041	  141.24	 99.98
 542.00	 536.76	 5.0477	34.1583	27.0074	 0.61	 26.56	0.041	  141.26	 99.98
 543.00	 537.75	 5.0463	34.1583	27.0076	 0.61	 26.52	0.042	  141.24	 99.98
 544.00	 538.74	 5.0413	34.1590	27.0087	 0.61	 26.36	0.041	  141.23	 99.98
 545.00	 539.73	 5.0368	34.1590	27.0092	 0.61	 26.35	0.041	  141.21	 99.98
 546.00	 540.72	 5.0351	34.1594	27.0097	 0.60	 26.21	0.041	  141.23	 99.98
 547.00	 541.71	 5.0320	34.1594	27.0101	 0.60	 26.18	0.040	  141.20	 99.98
 548.00	 542.70	 5.0230	34.1598	27.0115	 0.60	 26.00	0.041	  141.25	 99.98
 549.00	 543.69	 5.0062	34.1602	27.0137	 0.60	 25.91	0.041	  141.28	 99.98
 550.00	 544.68	 4.9851	34.1609	27.0167	 0.60	 25.87	0.040	  141.26	 99.98
 551.00	 545.67	 4.9841	34.1602	27.0163	 0.59	 25.80	0.040	  141.22	 99.98
 552.00	 546.65	 4.9729	34.1584	27.0161	 0.59	 25.81	0.040	  141.20	 99.98
 553.00	 547.64	 4.9656	34.1581	27.0167	 0.60	 25.96	0.042	  141.33	 99.98
 554.00	 548.63	 4.9489	34.1546	27.0158	 0.60	 25.96	0.041	  141.29	 99.98
 555.00	 549.62	 4.9255	34.1516	27.0161	 0.60	 25.98	0.040	  141.27	 99.98
 556.00	 550.61	 4.9141	34.1521	27.0178	 0.60	 25.99	0.041	  141.23	 99.98
 557.00	 551.60	 4.9117	34.1514	27.0175	 0.60	 26.05	0.041	  141.23	 99.98
 558.00	 552.59	 4.9075	34.1523	27.0187	 0.60	 25.94	0.040	  141.22	 99.98
 559.00	 553.58	 4.9158	34.1528	27.0182	 0.60	 25.97	0.041	  141.20	 99.98
 560.00	 554.57	 4.9158	34.1530	27.0183	 0.60	 25.95	0.041	  141.24	 99.98
 561.00	 555.56	 4.9113	34.1523	27.0183	 0.60	 25.92	0.041	  141.25	 99.98
 562.00	 556.54	 4.9006	34.1506	27.0181	 0.59	 25.85	0.042	  141.21	 99.98
 563.00	 557.53	 4.8951	34.1521	27.0200	 0.59	 25.73	0.041	  141.18	 99.98
 564.00	 558.52	 4.9129	34.1564	27.0214	 0.59	 25.54	0.040	  141.22	 99.98
 565.00	 559.51	 4.9217	34.1589	27.0224	 0.58	 25.36	0.040	  141.17	 99.98
 566.00	 560.50	 4.9234	34.1596	27.0228	 0.58	 25.20	0.040	  141.20	 99.98
 567.00	 561.49	 4.9178	34.1605	27.0241	 0.58	 25.05	0.040	  141.23	 99.98
 568.00	 562.48	 4.9144	34.1609	27.0248	 0.58	 25.06	0.040	  141.19	 99.98
 569.00	 563.47	 4.9136	34.1609	27.0249	 0.58	 25.05	0.040	  141.19	 99.98
 570.00	 564.46	 4.9167	34.1603	27.0241	 0.57	 24.95	0.041	  141.14	 99.98
 571.00	 565.45	 4.9122	34.1612	27.0254	 0.58	 25.02	0.040	  141.17	 99.99
 572.00	 566.43	 4.9065	34.1610	27.0258	 0.57	 24.93	0.041	  141.22	 99.98
 573.00	 567.42	 4.9037	34.1615	27.0266	 0.57	 24.83	0.040	  141.20	 99.98
 574.00	 568.41	 4.8986	34.1608	27.0266	 0.57	 24.74	0.040	  141.23	 99.98
 575.00	 569.40	 4.8857	34.1609	27.0282	 0.57	 24.69	0.040	  141.17	 99.98
 576.00	 570.39	 4.8661	34.1625	27.0316	 0.56	 24.51	0.041	  141.17	 99.98
 577.00	 571.38	 4.8607	34.1636	27.0331	 0.56	 24.32	0.040	  141.22	 99.98
 578.00	 572.37	 4.8601	34.1660	27.0351	 0.56	 24.18	0.040	  141.18	 99.98
 579.00	 573.36	 4.8527	34.1665	27.0363	 0.55	 24.05	0.040	  141.20	 99.98
 580.00	 574.35	 4.8371	34.1657	27.0374	 0.55	 24.00	0.040	  141.24	 99.99
 581.00	 575.33	 4.8296	34.1656	27.0382	 0.55	 23.96	0.040	  141.17	 99.99
 582.00	 576.32	 4.8185	34.1637	27.0379	 0.55	 23.87	0.040	  141.20	 99.99
 583.00	 577.31	 4.7883	34.1608	27.0390	 0.55	 23.89	0.041	  141.15	 99.99
 584.00	 578.30	 4.7844	34.1609	27.0395	 0.55	 23.87	0.041	  141.17	 99.99
 585.00	 579.29	 4.7783	34.1600	27.0395	 0.55	 23.82	0.041	  141.18	 99.98
 586.00	 580.28	 4.7704	34.1602	27.0405	 0.55	 23.72	0.041	  141.22	 99.99
 587.00	 581.27	 4.7671	34.1607	27.0413	 0.54	 23.70	0.041	  141.13	 99.99
 588.00	 582.26	 4.7683	34.1621	27.0423	 0.54	 23.59	0.041	  141.20	 99.99
 589.00	 583.24	 4.7684	34.1637	27.0436	 0.54	 23.29	0.042	  141.19	 99.99
 590.00	 584.23	 4.7693	34.1651	27.0446	 0.54	 23.27	0.040	  141.15	 99.99
 591.00	 585.22	 4.7733	34.1672	27.0458	 0.53	 23.12	0.040	  141.10	 99.99
 592.00	 586.21	 4.7698	34.1682	27.0470	 0.53	 22.94	0.040	  141.10	 99.99
 593.00	 587.20	 4.7628	34.1684	27.0480	 0.53	 22.88	0.040	  141.16	 99.99
 594.00	 588.19	 4.7546	34.1696	27.0498	 0.52	 22.71	0.041	  141.15	 99.99
 595.00	 589.18	 4.7425	34.1685	27.0503	 0.52	 22.62	0.042	  141.14	 99.99
 596.00	 590.17	 4.7306	34.1692	27.0522	 0.52	 22.40	0.041	  141.13	 99.99
 597.00	 591.16	 4.7331	34.1703	27.0528	 0.51	 22.24	0.041	  141.14	 99.99
 598.00	 592.14	 4.7314	34.1710	27.0535	 0.51	 22.18	0.042	  141.13	 99.99
 599.00	 593.13	 4.7286	34.1718	27.0545	 0.51	 22.10	0.041	  141.15	100.00
 600.00	 594.12	 4.7254	34.1725	27.0554	 0.51	 22.04	0.040	  141.15	100.00
 601.00	 595.11	 4.7211	34.1726	27.0560	 0.50	 21.90	0.040	  141.18	 99.99
 602.00	 596.10	 4.7154	34.1717	27.0559	 0.50	 21.80	0.041	  141.07	100.00
 603.00	 597.09	 4.6946	34.1707	27.0574	 0.50	 21.67	0.041	  141.15	100.00
 604.00	 598.08	 4.6860	34.1719	27.0593	 0.50	 21.65	0.041	  141.10	100.00
 605.00	 599.07	 4.6850	34.1721	27.0596	 0.50	 21.54	0.041	  141.14	100.00
 606.00	 600.05	 4.6865	34.1723	27.0596	 0.49	 21.36	0.042	  141.14	100.00
 607.00	 601.04	 4.6794	34.1724	27.0604	 0.49	 21.41	0.041	  141.10	100.00
 608.00	 602.03	 4.6793	34.1733	27.0612	 0.49	 21.29	0.041	  141.12	100.00
 609.00	 603.02	 4.6819	34.1733	27.0609	 0.49	 21.30	0.041	  141.14	100.00
 610.00	 604.01	 4.6787	34.1733	27.0612	 0.49	 21.32	0.040	  141.13	100.00
 611.00	 605.00	 4.6732	34.1724	27.0612	 0.49	 21.33	0.040	  141.15	100.00
 612.00	 605.99	 4.6667	34.1719	27.0615	 0.49	 21.23	0.040	  141.20	100.00
 613.00	 606.98	 4.6540	34.1716	27.0626	 0.49	 21.20	0.041	  141.14	100.00
 614.00	 607.96	 4.6441	34.1723	27.0643	 0.49	 21.19	0.042	  141.16	100.00
 615.00	 608.95	 4.6420	34.1723	27.0646	 0.49	 21.13	0.041	  141.08	100.00
 616.00	 609.94	 4.6411	34.1725	27.0648	 0.48	 21.03	0.041	  141.12	100.00
 617.00	 610.93	 4.6408	34.1726	27.0649	 0.48	 21.05	0.041	  141.14	100.00
 618.00	 611.92	 4.6407	34.1726	27.0649	 0.48	 21.04	0.040	  141.09	100.00
 619.00	 612.91	 4.6409	34.1727	27.0650	 0.48	 20.94	0.041	  141.14	100.00
 620.00	 613.90	 4.6399	34.1734	27.0657	 0.48	 20.85	0.041	  141.15	100.00
 621.00	 614.88	 4.6385	34.1741	27.0664	 0.48	 20.86	0.041	  141.15	100.00
 622.00	 615.87	 4.6362	34.1754	27.0677	 0.48	 20.84	0.041	  141.05	100.00
 623.00	 616.86	 4.6344	34.1758	27.0682	 0.48	 20.68	0.041	  141.11	100.00
 624.00	 617.85	 4.6336	34.1759	27.0684	 0.48	 20.69	0.042	  141.11	100.00
 625.00	 618.84	 4.6329	34.1761	27.0687	 0.47	 20.65	0.041	  141.05	100.00
 626.00	 619.83	 4.6309	34.1764	27.0691	 0.47	 20.51	0.041	  141.05	100.00
 627.00	 620.82	 4.6276	34.1770	27.0699	 0.47	 20.50	0.041	  141.14	100.00
 628.00	 621.81	 4.6241	34.1774	27.0706	 0.47	 20.50	0.041	  141.08	100.00
 629.00	 622.79	 4.6231	34.1776	27.0709	 0.47	 20.49	0.041	  141.05	100.00
 630.00	 623.78	 4.6237	34.1773	27.0707	 0.47	 20.32	0.040	  141.17	100.00
 631.00	 624.77	 4.6203	34.1780	27.0716	 0.47	 20.35	0.040	  141.08	100.00
 632.00	 625.76	 4.6192	34.1781	27.0717	 0.47	 20.35	0.040	  141.13	100.00
 633.00	 626.75	 4.6178	34.1787	27.0724	 0.47	 20.31	0.040	  141.07	100.00
 634.00	 627.74	 4.6149	34.1797	27.0735	 0.46	 20.15	0.041	  141.11	100.00
 635.00	 628.73	 4.6113	34.1806	27.0747	 0.46	 20.13	0.041	  141.11	100.00
 636.00	 629.71	 4.6108	34.1816	27.0755	 0.46	 20.08	0.041	  141.05	100.00
 637.00	 630.70	 4.6105	34.1819	27.0758	 0.46	 20.06	0.042	  141.06	100.00
 638.00	 631.69	 4.6103	34.1820	27.0759	 0.46	 19.93	0.041	  141.10	100.00
 639.00	 632.68	 4.6105	34.1820	27.0759	 0.46	 19.87	0.040	  141.04	100.00
 640.00	 633.67	 4.6065	34.1826	27.0768	 0.45	 19.78	0.041	  141.01	100.00
 641.00	 634.66	 4.6022	34.1843	27.0786	 0.45	 19.71	0.040	  141.04	100.00
 642.00	 635.65	 4.6028	34.1853	27.0794	 0.45	 19.57	0.040	  141.09	100.00
 643.00	 636.63	 4.6049	34.1861	27.0798	 0.45	 19.63	0.041	  141.12	100.00
 644.00	 637.62	 4.6064	34.1867	27.0801	 0.45	 19.60	0.042	  141.04	100.00
 645.00	 638.61	 4.6058	34.1875	27.0808	 0.45	 19.49	0.041	  141.08	100.00
 646.00	 639.60	 4.6038	34.1875	27.0810	 0.45	 19.43	0.041	  141.04	100.00
 647.00	 640.59	 4.6006	34.1877	27.0816	 0.45	 19.45	0.041	  141.03	100.00
 648.00	 641.58	 4.5979	34.1879	27.0820	 0.45	 19.41	0.040	  141.04	100.00
 649.00	 642.57	 4.5886	34.1880	27.0832	 0.44	 19.35	0.041	  140.98	100.00
 650.00	 643.55	 4.5819	34.1880	27.0839	 0.45	 19.41	0.041	  141.00	100.00
 651.00	 644.54	 4.5734	34.1877	27.0846	 0.45	 19.43	0.041	  141.04	100.00
 652.00	 645.53	 4.5504	34.1859	27.0856	 0.45	 19.35	0.042	  141.04	100.00
 653.00	 646.52	 4.5332	34.1885	27.0896	 0.44	 19.17	0.040	  140.94	100.00
 654.00	 647.51	 4.5318	34.1884	27.0897	 0.44	 19.08	0.040	  141.01	100.00
 655.00	 648.50	 4.5308	34.1885	27.0898	 0.44	 19.11	0.040	  141.01	100.00
 656.00	 649.49	 4.5299	34.1884	27.0899	 0.44	 19.09	0.041	  141.02	100.00
 657.00	 650.47	 4.5318	34.1888	27.0900	 0.44	 18.99	0.041	  141.02	100.00
 658.00	 651.46	 4.5320	34.1885	27.0897	 0.44	 18.93	0.042	  140.96	100.00
 659.00	 652.45	 4.5278	34.1892	27.0908	 0.44	 18.93	0.042	  141.03	100.00
 660.00	 653.44	 4.5251	34.1901	27.0918	 0.43	 18.87	0.041	  141.07	100.00
 661.00	 654.43	 4.5243	34.1901	27.0918	 0.43	 18.76	0.040	  140.99	100.00
 662.00	 655.42	 4.5215	34.1901	27.0921	 0.43	 18.75	0.040	  141.04	100.00
 663.00	 656.41	 4.5151	34.1911	27.0937	 0.43	 18.75	0.041	  140.97	100.00
 664.00	 657.39	 4.5103	34.1923	27.0951	 0.43	 18.72	0.040	  141.01	100.00
 665.00	 658.38	 4.5086	34.1926	27.0956	 0.43	 18.56	0.041	  140.94	100.00
 666.00	 659.37	 4.5064	34.1930	27.0962	 0.42	 18.45	0.040	  140.98	100.00
 667.00	 660.36	 4.5066	34.1935	27.0966	 0.42	 18.42	0.041	  140.98	100.00
 668.00	 661.35	 4.5061	34.1942	27.0971	 0.42	 18.39	0.042	  140.99	100.00
 669.00	 662.34	 4.5053	34.1958	27.0985	 0.42	 18.27	0.041	  140.94	100.00
 670.00	 663.32	 4.5065	34.1970	27.0993	 0.42	 18.17	0.041	  140.95	100.00
 671.00	 664.31	 4.5103	34.1992	27.1007	 0.42	 18.13	0.041	  140.90	100.00
 672.00	 665.30	 4.5170	34.2001	27.1007	 0.42	 18.07	0.041	  140.94	100.00
 673.00	 666.29	 4.5205	34.2014	27.1013	 0.41	 18.01	0.042	  140.99	100.00
 674.00	 667.28	 4.5131	34.2002	27.1012	 0.41	 17.97	0.042	  140.93	100.00
 675.00	 668.27	 4.5096	34.2004	27.1018	 0.41	 17.91	0.042	  140.93	100.00
 676.00	 669.26	 4.4999	34.2004	27.1028	 0.41	 17.87	0.041	  140.92	100.00
 677.00	 670.24	 4.5043	34.2009	27.1027	 0.41	 17.78	0.040	  140.93	100.00
 678.00	 671.23	 4.5078	34.2043	27.1051	 0.40	 17.60	0.041	  140.91	100.00
 679.00	 672.22	 4.5063	34.2055	27.1062	 0.40	 17.48	0.042	  140.92	100.00
 680.00	 673.21	 4.5009	34.2079	27.1087	 0.40	 17.45	0.041	  140.92	100.00
 681.00	 674.20	 4.4932	34.2105	27.1116	 0.40	 17.36	0.040	  140.95	100.00
 682.00	 675.19	 4.4907	34.2112	27.1124	 0.40	 17.24	0.040	  140.92	100.00
 683.00	 676.17	 4.4889	34.2114	27.1128	 0.39	 17.14	0.040	  140.90	100.00
 684.00	 677.16	 4.4855	34.2125	27.1141	 0.39	 17.07	0.040	  140.92	100.00
 685.00	 678.15	 4.4831	34.2138	27.1154	 0.39	 16.94	0.041	  140.89	100.00
 686.00	 679.14	 4.4824	34.2143	27.1158	 0.39	 16.87	0.040	  140.90	100.00
 687.00	 680.13	 4.4798	34.2162	27.1176	 0.38	 16.74	0.040	  140.90	100.00
 688.00	 681.12	 4.4794	34.2165	27.1179	 0.38	 16.73	0.040	  140.90	100.00
 689.00	 682.10	 4.4789	34.2171	27.1184	 0.38	 16.73	0.041	  140.91	100.00
 690.00	 683.09	 4.4776	34.2177	27.1191	 0.38	 16.74	0.040	  140.87	100.00
 691.00	 684.08	 4.4776	34.2176	27.1190	 0.38	 16.68	0.040	  140.91	100.00
 692.00	 685.07	 4.4767	34.2179	27.1193	 0.38	 16.69	0.040	  140.93	100.00
 693.00	 686.06	 4.4762	34.2184	27.1198	 0.38	 16.54	0.041	  140.90	100.00
 694.00	 687.05	 4.4745	34.2196	27.1210	 0.38	 16.53	0.041	  140.89	100.00
 695.00	 688.03	 4.4720	34.2211	27.1224	 0.38	 16.47	0.042	  140.85	100.00
 696.00	 689.02	 4.4700	34.2236	27.1246	 0.37	 16.28	0.041	  140.89	100.00
 697.00	 690.01	 4.4680	34.2251	27.1260	 0.37	 16.14	0.040	  140.90	100.00
 698.00	 691.00	 4.4622	34.2291	27.1298	 0.37	 16.14	0.040	  140.89	100.00
 699.00	 691.99	 4.4603	34.2306	27.1312	 0.37	 16.06	0.041	  140.83	100.00
 700.00	 692.98	 4.4597	34.2309	27.1315	 0.37	 16.00	0.041	  140.86	100.00
 701.00	 693.96	 4.4592	34.2315	27.1321	 0.37	 15.97	0.040	  140.87	100.00
 702.00	 694.95	 4.4585	34.2324	27.1329	 0.37	 15.88	0.041	  140.86	100.00
 703.00	 695.94	 4.4584	34.2330	27.1334	 0.36	 15.78	0.041	  140.90	100.00
 704.00	 696.93	 4.4585	34.2337	27.1339	 0.36	 15.74	0.041	  140.86	100.00
 705.00	 697.92	 4.4585	34.2342	27.1343	 0.36	 15.67	0.040	  140.85	100.00
 706.00	 698.91	 4.4584	34.2343	27.1345	 0.36	 15.62	0.041	  140.90	100.00
 707.00	 699.89	 4.4584	34.2343	27.1345	 0.36	 15.61	0.041	  140.89	100.00
 708.00	 700.88	 4.4584	34.2343	27.1345	 0.36	 15.62	0.041	  140.91	100.00
 709.00	 701.87	 4.4581	34.2346	27.1347	 0.36	 15.64	0.041	  140.82	100.00
 710.00	 702.86	 4.4577	34.2348	27.1350	 0.36	 15.64	0.040	  140.88	100.00
 711.00	 703.85	 4.4576	34.2351	27.1352	 0.36	 15.63	0.041	  140.88	100.00
 712.00	 704.84	 4.4579	34.2359	27.1358	 0.36	 15.55	0.041	  140.87	100.00
 713.00	 705.82	 4.4586	34.2367	27.1364	 0.35	 15.42	0.040	  140.85	100.00
 714.00	 706.81	 4.4590	34.2378	27.1372	 0.36	 15.44	0.041	  140.83	100.00
 715.00	 707.80	 4.4582	34.2407	27.1397	 0.35	 15.36	0.042	  140.78	100.00
 716.00	 708.79	 4.4533	34.2426	27.1417	 0.35	 15.24	0.041	  140.80	100.00
 717.00	 709.78	 4.4461	34.2439	27.1435	 0.35	 15.10	0.041	  140.84	100.00
 718.00	 710.76	 4.4410	34.2455	27.1454	 0.35	 15.08	0.040	  140.81	100.00
 719.00	 711.75	 4.4377	34.2458	27.1459	 0.35	 15.09	0.040	  140.82	100.00
 720.00	 712.74	 4.4362	34.2463	27.1465	 0.35	 15.08	0.041	  140.79	100.00
 721.00	 713.73	 4.4351	34.2466	27.1469	 0.35	 15.08	0.042	  140.78	100.00
 722.00	 714.72	 4.4331	34.2471	27.1475	 0.35	 15.03	0.042	  140.86	100.00
 723.00	 715.71	 4.4314	34.2483	27.1486	 0.34	 14.93	0.042	  140.81	100.00
 724.00	 716.69	 4.4307	34.2490	27.1492	 0.34	 14.83	0.042	  140.80	100.00
 725.00	 717.68	 4.4298	34.2496	27.1498	 0.34	 14.74	0.040	  140.78	100.00
 726.00	 718.67	 4.4279	34.2502	27.1505	 0.34	 14.70	0.040	  140.77	100.00
 727.00	 719.66	 4.4246	34.2509	27.1514	 0.34	 14.72	0.040	  140.74	100.00
 728.00	 720.65	 4.4141	34.2524	27.1537	 0.34	 14.69	0.041	  140.79	100.00
 729.00	 721.63	 4.4110	34.2530	27.1546	 0.34	 14.60	0.041	  140.75	100.00
 730.00	 722.62	 4.4030	34.2535	27.1558	 0.34	 14.61	0.041	  140.74	100.00
 731.00	 723.61	 4.3983	34.2546	27.1572	 0.34	 14.58	0.041	  140.78	100.00
 732.00	 724.60	 4.3979	34.2546	27.1573	 0.34	 14.64	0.041	  140.77	100.00
 733.00	 725.59	 4.3979	34.2546	27.1573	 0.33	 14.56	0.042	  140.75	100.00
 734.00	 726.58	 4.3972	34.2547	27.1574	 0.34	 14.62	0.041	  140.73	100.00
 735.00	 727.56	 4.3967	34.2547	27.1575	 0.34	 14.57	0.041	  140.69	100.00
 736.00	 728.55	 4.3952	34.2547	27.1577	 0.33	 14.53	0.040	  140.77	100.00
 737.00	 729.54	 4.3924	34.2548	27.1581	 0.33	 14.50	0.041	  140.78	100.00
 738.00	 730.53	 4.3879	34.2553	27.1590	 0.33	 14.56	0.040	  140.80	100.00
 739.00	 731.52	 4.3874	34.2553	27.1590	 0.34	 14.57	0.040	  140.77	100.00
 740.00	 732.50	 4.3855	34.2557	27.1596	 0.34	 14.57	0.040	  140.77	100.00
 741.00	 733.49	 4.3857	34.2558	27.1596	 0.33	 14.55	0.041	  140.74	100.00
 742.00	 734.48	 4.3851	34.2558	27.1597	 0.33	 14.54	0.041	  140.73	100.00
 743.00	 735.47	 4.3842	34.2562	27.1601	 0.33	 14.56	0.040	  140.73	100.00
 744.00	 736.46	 4.3826	34.2562	27.1603	 0.33	 14.51	0.040	  140.77	100.00
 745.00	 737.44	 4.3758	34.2577	27.1622	 0.33	 14.47	0.040	  140.74	100.00
 746.00	 738.43	 4.3669	34.2598	27.1649	 0.33	 14.40	0.041	  140.76	100.00
 747.00	 739.42	 4.3646	34.2604	27.1655	 0.33	 14.41	0.040	  140.75	100.00
 748.00	 740.41	 4.3640	34.2605	27.1657	 0.33	 14.38	0.040	  140.77	100.00
 749.00	 741.40	 4.3621	34.2612	27.1664	 0.33	 14.35	0.041	  140.76	100.00
 750.00	 742.38	 4.3618	34.2612	27.1665	 0.33	 14.36	0.042	  140.76	100.00
 751.00	 743.37	 4.3600	34.2614	27.1669	 0.33	 14.37	0.042	  140.73	100.00
 752.00	 744.36	 4.3590	34.2617	27.1672	 0.33	 14.39	0.041	  140.73	100.00
 753.00	 745.35	 4.3564	34.2619	27.1677	 0.33	 14.38	0.041	  140.62	100.00
 754.00	 746.34	 4.3546	34.2623	27.1682	 0.33	 14.27	0.041	  140.70	100.00
 755.00	 747.33	 4.3504	34.2631	27.1693	 0.33	 14.26	0.040	  140.72	100.00
 756.00	 748.31	 4.3440	34.2650	27.1715	 0.33	 14.16	0.041	  140.68	100.00
 757.00	 749.30	 4.3401	34.2659	27.1726	 0.32	 14.06	0.040	  140.71	100.00
 758.00	 750.29	 4.3401	34.2660	27.1727	 0.32	 14.05	0.040	  140.70	100.00
 759.00	 751.28	 4.3350	34.2674	27.1743	 0.32	 14.05	0.041	  140.65	100.00
 760.00	 752.27	 4.3332	34.2678	27.1749	 0.32	 14.06	0.040	  140.68	100.00
 761.00	 753.25	 4.3320	34.2680	27.1751	 0.32	 14.06	0.040	  140.66	100.00
 762.00	 754.24	 4.3287	34.2686	27.1760	 0.32	 14.05	0.041	  140.65	100.00
 763.00	 755.23	 4.3244	34.2696	27.1773	 0.32	 14.00	0.042	  140.66	100.00
 764.00	 756.22	 4.3190	34.2708	27.1788	 0.32	 13.90	0.040	  140.71	100.00
 765.00	 757.21	 4.3146	34.2716	27.1799	 0.32	 13.87	0.040	  140.73	100.00
 766.00	 758.19	 4.3106	34.2725	27.1811	 0.32	 13.87	0.042	  140.71	100.00
 767.00	 759.18	 4.3050	34.2738	27.1827	 0.32	 13.87	0.040	  140.70	100.00
 768.00	 760.17	 4.2948	34.2766	27.1860	 0.32	 13.87	0.040	  140.64	100.00
 769.00	 761.16	 4.2873	34.2780	27.1879	 0.32	 13.85	0.040	  140.63	100.00
 770.00	 762.15	 4.2810	34.2789	27.1893	 0.32	 13.79	0.041	  140.66	100.00
 771.00	 763.13	 4.2747	34.2805	27.1912	 0.31	 13.68	0.041	  140.63	100.00
 772.00	 764.12	 4.2676	34.2816	27.1929	 0.32	 13.70	0.040	  140.71	100.00
 773.00	 765.11	 4.2644	34.2824	27.1939	 0.31	 13.70	0.040	  140.71	100.00
 774.00	 766.10	 4.2626	34.2829	27.1944	 0.31	 13.65	0.040	  140.69	100.00
 775.00	 767.09	 4.2619	34.2830	27.1946	 0.31	 13.63	0.040	  140.66	100.00
 776.00	 768.07	 4.2571	34.2837	27.1956	 0.31	 13.57	0.040	  140.66	100.00
 777.00	 769.06	 4.2528	34.2844	27.1967	 0.31	 13.55	0.040	  140.66	100.00
 778.00	 770.05	 4.2499	34.2851	27.1975	 0.31	 13.55	0.040	  140.67	100.00
 779.00	 771.04	 4.2487	34.2853	27.1978	 0.31	 13.49	0.040	  140.67	100.00
 780.00	 772.02	 4.2468	34.2855	27.1982	 0.31	 13.46	0.041	  140.67	100.00
 781.00	 773.01	 4.2444	34.2862	27.1990	 0.31	 13.40	0.042	  140.65	100.00
 782.00	 774.00	 4.2405	34.2863	27.1995	 0.31	 13.33	0.041	  140.67	100.00
 783.00	 774.99	 4.2292	34.2891	27.2029	 0.31	 13.35	0.040	  140.67	100.00
 784.00	 775.98	 4.2264	34.2898	27.2038	 0.31	 13.35	0.040	  140.65	100.00
 785.00	 776.96	 4.2271	34.2895	27.2035	 0.31	 13.36	0.041	  140.67	100.00
 786.00	 777.95	 4.2249	34.2902	27.2042	 0.31	 13.36	0.041	  140.67	100.00
 787.00	 778.94	 4.2244	34.2903	27.2044	 0.31	 13.36	0.041	  140.69	100.00
 788.00	 779.93	 4.2236	34.2903	27.2045	 0.31	 13.36	0.040	  140.67	100.00
 789.00	 780.92	 4.2214	34.2909	27.2052	 0.31	 13.32	0.040	  140.63	100.00
 790.00	 781.90	 4.2197	34.2913	27.2057	 0.30	 13.23	0.040	  140.65	100.00
 791.00	 782.89	 4.2179	34.2917	27.2063	 0.30	 13.16	0.041	  140.61	100.00
 792.00	 783.88	 4.2166	34.2921	27.2067	 0.30	 13.16	0.040	  140.60	100.00
 793.00	 784.87	 4.2114	34.2929	27.2079	 0.30	 13.17	0.040	  140.69	100.00
 794.00	 785.86	 4.1938	34.2963	27.2125	 0.30	 13.16	0.041	  140.68	100.00
 795.00	 786.84	 4.1831	34.2993	27.2159	 0.30	 13.14	0.040	  140.68	100.00
 796.00	 787.83	 4.1771	34.3001	27.2172	 0.30	 13.15	0.041	  140.66	100.00
 797.00	 788.82	 4.1731	34.3013	27.2186	 0.30	 13.14	0.040	  140.63	100.00
 798.00	 789.81	 4.1730	34.3012	27.2185	 0.30	 13.08	0.041	  140.64	100.00
 799.00	 790.79	 4.1728	34.3014	27.2187	 0.30	 13.01	0.041	  140.66	100.00
 800.00	 791.78	 4.1699	34.3017	27.2192	 0.30	 12.99	0.041	  140.59	100.00
 801.00	 792.77	 4.1674	34.3024	27.2201	 0.30	 13.00	0.041	  140.57	100.00
 802.00	 793.76	 4.1671	34.3024	27.2201	 0.30	 12.98	0.041	  140.57	100.00
 803.00	 794.75	 4.1667	34.3025	27.2202	 0.30	 12.97	0.041	  140.56	100.00
 804.00	 795.73	 4.1654	34.3028	27.2207	 0.30	 12.97	0.041	  140.56	100.00
 805.00	 796.72	 4.1635	34.3034	27.2213	 0.30	 12.95	0.041	  140.61	100.00
 806.00	 797.71	 4.1590	34.3046	27.2228	 0.30	 12.90	0.040	  140.65	100.00
 807.00	 798.70	 4.1565	34.3051	27.2234	 0.30	 12.90	0.041	  140.66	100.00
 808.00	 799.69	 4.1544	34.3057	27.2241	 0.30	 12.93	0.041	  140.64	100.00
 809.00	 800.67	 4.1528	34.3060	27.2246	 0.30	 12.96	0.040	  140.61	100.00
 810.00	 801.66	 4.1501	34.3066	27.2253	 0.30	 12.94	0.040	  140.62	100.00
 811.00	 802.65	 4.1465	34.3076	27.2265	 0.30	 12.96	0.040	  140.58	100.00
 812.00	 803.64	 4.1422	34.3087	27.2278	 0.30	 12.99	0.041	  140.60	100.00
 813.00	 804.62	 4.1415	34.3090	27.2281	 0.30	 12.95	0.042	  140.58	100.00
 814.00	 805.61	 4.1405	34.3092	27.2284	 0.30	 12.89	0.042	  140.56	100.00
 815.00	 806.60	 4.1391	34.3095	27.2288	 0.30	 12.84	0.042	  140.55	100.00
 816.00	 807.59	 4.1376	34.3097	27.2291	 0.29	 12.79	0.041	  140.54	100.00
 817.00	 808.58	 4.1357	34.3100	27.2296	 0.30	 12.84	0.040	  140.53	100.00
 818.00	 809.56	 4.1287	34.3114	27.2314	 0.30	 12.84	0.041	  140.46	100.00
 819.00	 810.55	 4.1230	34.3127	27.2331	 0.30	 12.84	0.041	  140.55	100.00
 820.00	 811.54	 4.1211	34.3133	27.2338	 0.30	 12.83	0.040	  140.55	100.00
 821.00	 812.53	 4.1208	34.3135	27.2339	 0.30	 12.86	0.041	  140.57	100.00
 822.00	 813.51	 4.1179	34.3138	27.2345	 0.29	 12.82	0.042	  140.56	100.00
 823.00	 814.50	 4.1133	34.3150	27.2359	 0.30	 12.84	0.041	  140.56	100.00
 824.00	 815.49	 4.1075	34.3159	27.2372	 0.30	 12.86	0.041	  140.57	100.00
 825.00	 816.48	 4.1038	34.3167	27.2383	 0.30	 12.85	0.040	  140.57	100.00
 826.00	 817.46	 4.1013	34.3174	27.2391	 0.30	 12.84	0.040	  140.55	100.00
 827.00	 818.45	 4.1002	34.3177	27.2395	 0.30	 12.85	0.041	  140.53	100.00
 828.00	 819.44	 4.0958	34.3186	27.2406	 0.30	 12.85	0.041	  140.54	100.00
 829.00	 820.43	 4.0939	34.3191	27.2412	 0.30	 12.84	0.040	  140.54	100.00
 830.00	 821.42	 4.0932	34.3192	27.2414	 0.30	 12.89	0.040	  140.51	100.00
 831.00	 822.40	 4.0927	34.3195	27.2417	 0.30	 12.85	0.040	  140.54	100.00
 832.00	 823.39	 4.0890	34.3200	27.2425	 0.30	 12.86	0.042	  140.54	100.00
 833.00	 824.38	 4.0835	34.3214	27.2441	 0.30	 12.88	0.042	  140.54	100.00
 834.00	 825.37	 4.0781	34.3225	27.2455	 0.30	 12.87	0.041	  140.54	100.00
 835.00	 826.35	 4.0731	34.3235	27.2469	 0.29	 12.78	0.041	  140.53	100.00
 836.00	 827.34	 4.0688	34.3243	27.2480	 0.29	 12.75	0.041	  140.55	100.00
 837.00	 828.33	 4.0647	34.3249	27.2489	 0.29	 12.74	0.041	  140.54	100.00
 838.00	 829.32	 4.0558	34.3267	27.2513	 0.29	 12.73	0.041	  140.54	100.00
 839.00	 830.30	 4.0514	34.3271	27.2520	 0.29	 12.74	0.041	  140.49	100.00
 840.00	 831.29	 4.0472	34.3280	27.2532	 0.29	 12.78	0.041	  140.48	100.00
 841.00	 832.28	 4.0461	34.3281	27.2534	 0.29	 12.77	0.040	  140.51	100.00
 842.00	 833.27	 4.0419	34.3288	27.2544	 0.30	 12.85	0.040	  140.54	100.00
 843.00	 834.26	 4.0395	34.3294	27.2551	 0.29	 12.76	0.040	  140.54	100.00
 844.00	 835.24	 4.0359	34.3308	27.2566	 0.29	 12.77	0.042	  140.50	100.00
 845.00	 836.23	 4.0304	34.3321	27.2582	 0.29	 12.75	0.042	  140.41	100.00
 846.00	 837.22	 4.0277	34.3325	27.2588	 0.29	 12.76	0.041	  140.48	100.00
 847.00	 838.21	 4.0248	34.3331	27.2596	 0.29	 12.76	0.041	  140.49	100.00
 848.00	 839.19	 4.0213	34.3338	27.2605	 0.29	 12.75	0.041	  140.43	100.00
 849.00	 840.18	 4.0185	34.3345	27.2613	 0.29	 12.81	0.040	  140.43	100.00
 850.00	 841.17	 4.0153	34.3350	27.2621	 0.29	 12.81	0.040	  140.50	100.00
 851.00	 842.16	 4.0139	34.3354	27.2626	 0.29	 12.76	0.041	  140.47	100.00
 852.00	 843.14	 4.0128	34.3356	27.2628	 0.29	 12.77	0.041	  140.47	100.00
 853.00	 844.13	 4.0123	34.3358	27.2630	 0.29	 12.78	0.041	  140.48	100.00
 854.00	 845.12	 4.0072	34.3363	27.2640	 0.29	 12.80	0.042	  140.43	100.00
 855.00	 846.11	 4.0006	34.3378	27.2658	 0.29	 12.81	0.040	  140.43	100.00
 856.00	 847.09	 3.9982	34.3380	27.2663	 0.30	 12.85	0.041	  140.36	100.00
 857.00	 848.08	 3.9966	34.3380	27.2664	 0.29	 12.80	0.040	  140.41	100.00
 858.00	 849.07	 3.9945	34.3381	27.2667	 0.30	 12.84	0.040	  140.49	100.00
 859.00	 850.06	 3.9932	34.3383	27.2670	 0.30	 12.83	0.041	  140.39	100.00
 860.00	 851.04	 3.9929	34.3382	27.2670	 0.30	 12.87	0.041	  140.45	100.00
 861.00	 852.03	 3.9929	34.3381	27.2669	 0.30	 12.88	0.042	  140.40	100.00
 862.00	 853.02	 3.9925	34.3382	27.2670	 0.30	 12.87	0.041	  140.42	100.00
 863.00	 854.01	 3.9917	34.3382	27.2671	 0.29	 12.82	0.040	  140.46	100.00
 864.00	 854.99	 3.9905	34.3380	27.2671	 0.29	 12.82	0.041	  140.45	100.00
 865.00	 855.98	 3.9874	34.3378	27.2673	 0.30	 12.86	0.041	  140.43	100.00
 866.00	 856.97	 3.9847	34.3378	27.2676	 0.30	 12.93	0.041	  140.41	100.00
 867.00	 857.96	 3.9848	34.3379	27.2677	 0.30	 12.89	0.042	  140.46	100.00
 868.00	 858.94	 3.9820	34.3378	27.2679	 0.30	 12.91	0.042	  140.39	100.00
 869.00	 859.93	 3.9747	34.3371	27.2681	 0.30	 12.98	0.041	  140.39	100.00
 870.00	 860.92	 3.9668	34.3374	27.2691	 0.30	 12.99	0.040	  140.43	100.00
 871.00	 861.91	 3.9541	34.3374	27.2704	 0.30	 12.99	0.041	  140.35	100.00
 872.00	 862.89	 3.9490	34.3379	27.2713	 0.30	 12.99	0.041	  140.40	100.00
 873.00	 863.88	 3.9442	34.3390	27.2726	 0.30	 13.00	0.041	  140.40	100.00
 874.00	 864.87	 3.9377	34.3402	27.2743	 0.30	 13.02	0.041	  140.41	100.00
 875.00	 865.86	 3.9291	34.3423	27.2768	 0.30	 13.03	0.042	  140.42	100.00
 876.00	 866.84	 3.9267	34.3428	27.2775	 0.30	 13.05	0.041	  140.41	100.00
 877.00	 867.83	 3.9258	34.3430	27.2778	 0.30	 13.04	0.040	  140.36	100.00
 878.00	 868.82	 3.9260	34.3430	27.2777	 0.30	 13.03	0.041	  140.42	100.00
 879.00	 869.81	 3.9261	34.3431	27.2778	 0.30	 13.03	0.041	  140.41	100.00
 880.00	 870.79	 3.9265	34.3436	27.2782	 0.30	 13.04	0.042	  140.37	100.00
 881.00	 871.78	 3.9259	34.3442	27.2787	 0.30	 13.05	0.042	  140.36	100.00
 882.00	 872.77	 3.9259	34.3441	27.2787	 0.30	 13.02	0.042	  140.40	100.00
 883.00	 873.76	 3.9255	34.3442	27.2788	 0.30	 13.04	0.041	  140.42	100.00
 884.00	 874.74	 3.9241	34.3444	27.2791	 0.30	 13.04	0.041	  140.43	100.00
 885.00	 875.73	 3.9179	34.3453	27.2804	 0.30	 13.04	0.042	  140.40	100.00
 886.00	 876.72	 3.9152	34.3458	27.2811	 0.30	 13.03	0.041	  140.38	100.00
 887.00	 877.71	 3.9152	34.3459	27.2812	 0.30	 13.05	0.041	  140.41	100.00
 888.00	 878.69	 3.9146	34.3460	27.2814	 0.30	 13.04	0.042	  140.45	100.00
 889.00	 879.68	 3.9146	34.3460	27.2814	 0.30	 13.06	0.042	  140.43	100.00
 890.00	 880.67	 3.9139	34.3462	27.2816	 0.30	 13.10	0.040	  140.38	100.00
 891.00	 881.66	 3.9098	34.3471	27.2827	 0.30	 13.18	0.042	  140.37	100.00
 892.00	 882.64	 3.9060	34.3485	27.2843	 0.30	 13.18	0.042	  140.37	100.00
 893.00	 883.63	 3.9044	34.3490	27.2848	 0.30	 13.16	0.041	  140.31	100.00
 894.00	 884.62	 3.9018	34.3495	27.2855	 0.30	 13.17	0.041	  140.31	100.00
 895.00	 885.61	 3.9002	34.3498	27.2859	 0.30	 13.17	0.040	  140.31	100.00
 896.00	 886.59	 3.8988	34.3501	27.2862	 0.30	 13.17	0.041	  140.32	100.00
 897.00	 887.58	 3.8967	34.3502	27.2866	 0.30	 13.13	0.042	  140.33	100.00
 898.00	 888.57	 3.8951	34.3505	27.2870	 0.30	 13.19	0.042	  140.31	100.00
 899.00	 889.56	 3.8942	34.3509	27.2874	 0.30	 13.10	0.042	  140.33	100.00
 900.00	 890.54	 3.8939	34.3511	27.2875	 0.30	 13.13	0.041	  140.34	100.00
 901.00	 891.53	 3.8840	34.3516	27.2890	 0.30	 13.10	0.041	  140.36	100.00
 902.00	 892.52	 3.8768	34.3525	27.2904	 0.30	 13.15	0.041	  140.34	100.00
 903.00	 893.50	 3.8710	34.3537	27.2920	 0.30	 13.15	0.040	  140.33	100.00
 904.00	 894.49	 3.8684	34.3541	27.2926	 0.30	 13.25	0.040	  140.34	100.00
 905.00	 895.48	 3.8676	34.3544	27.2929	 0.30	 13.19	0.041	  140.37	100.00
 906.00	 896.47	 3.8673	34.3545	27.2930	 0.30	 13.13	0.040	  140.34	100.00
 907.00	 897.45	 3.8668	34.3546	27.2932	 0.30	 13.20	0.040	  140.26	100.00
 908.00	 898.44	 3.8658	34.3549	27.2935	 0.30	 13.12	0.040	  140.38	100.00
 909.00	 899.43	 3.8656	34.3548	27.2934	 0.30	 13.20	0.041	  140.27	100.00
 910.00	 900.42	 3.8631	34.3554	27.2942	 0.31	 13.33	0.042	  140.36	100.00
 911.00	 901.40	 3.8619	34.3558	27.2947	 0.31	 13.31	0.041	  140.35	100.00
 912.00	 902.39	 3.8610	34.3559	27.2948	 0.31	 13.31	0.041	  140.32	100.00
 913.00	 903.38	 3.8598	34.3562	27.2951	 0.31	 13.29	0.040	  140.31	100.00
 914.00	 904.37	 3.8578	34.3569	27.2960	 0.31	 13.29	0.040	  140.25	100.00
 915.00	 905.35	 3.8566	34.3573	27.2964	 0.31	 13.31	0.040	  140.29	100.00
 916.00	 906.34	 3.8547	34.3577	27.2969	 0.31	 13.28	0.041	  140.27	100.00
 917.00	 907.33	 3.8530	34.3583	27.2975	 0.30	 13.25	0.041	  140.28	100.00
 918.00	 908.31	 3.8529	34.3585	27.2977	 0.31	 13.26	0.040	  140.24	100.00
 919.00	 909.30	 3.8531	34.3586	27.2978	 0.31	 13.26	0.041	  140.24	100.00
 920.00	 910.29	 3.8536	34.3587	27.2978	 0.31	 13.27	0.042	  140.17	100.00
 921.00	 911.28	 3.8511	34.3595	27.2987	 0.31	 13.27	0.042	  140.18	100.00
 922.00	 912.26	 3.8477	34.3604	27.2998	 0.31	 13.27	0.042	  140.26	100.00
 923.00	 913.25	 3.8467	34.3607	27.3001	 0.31	 13.27	0.042	  140.25	100.00
 924.00	 914.24	 3.8466	34.3608	27.3002	 0.31	 13.35	0.042	  140.28	100.00
 925.00	 915.23	 3.8458	34.3609	27.3004	 0.31	 13.33	0.040	  140.22	100.00
 926.00	 916.21	 3.8448	34.3611	27.3007	 0.31	 13.33	0.041	  140.23	100.00
 927.00	 917.20	 3.8444	34.3617	27.3012	 0.31	 13.35	0.041	  140.29	100.00
 928.00	 918.19	 3.8439	34.3617	27.3013	 0.31	 13.30	0.040	  140.28	100.00
 929.00	 919.17	 3.8432	34.3617	27.3014	 0.31	 13.27	0.040	  140.26	100.00
 930.00	 920.16	 3.8413	34.3618	27.3016	 0.31	 13.32	0.041	  140.22	100.00
 931.00	 921.15	 3.8404	34.3619	27.3018	 0.31	 13.30	0.041	  140.19	100.00
 932.00	 922.14	 3.8387	34.3619	27.3019	 0.31	 13.28	0.041	  140.16	100.00
 933.00	 923.12	 3.8345	34.3631	27.3034	 0.31	 13.35	0.041	  140.22	100.00
 934.00	 924.11	 3.8334	34.3637	27.3039	 0.31	 13.37	0.042	  140.19	100.00
 935.00	 925.10	 3.8332	34.3637	27.3039	 0.31	 13.37	0.042	  140.23	100.00
 936.00	 926.08	 3.8330	34.3639	27.3041	 0.31	 13.37	0.042	  140.22	100.00
 937.00	 927.07	 3.8305	34.3642	27.3047	 0.31	 13.37	0.041	  140.13	100.00
 938.00	 928.06	 3.8284	34.3647	27.3053	 0.31	 13.37	0.040	  140.21	100.00
 939.00	 929.05	 3.8255	34.3651	27.3059	 0.31	 13.36	0.040	  140.23	100.00
 940.00	 930.03	 3.8246	34.3653	27.3061	 0.31	 13.35	0.042	  140.19	100.00
 941.00	 931.02	 3.8239	34.3654	27.3063	 0.31	 13.39	0.042	  140.14	100.00
 942.00	 932.01	 3.8236	34.3657	27.3066	 0.31	 13.39	0.041	  140.16	100.00
 943.00	 932.99	 3.8233	34.3658	27.3067	 0.31	 13.39	0.040	  140.19	100.00
 944.00	 933.98	 3.8200	34.3674	27.3083	 0.31	 13.40	0.040	  140.15	100.00
 945.00	 934.97	 3.8193	34.3678	27.3087	 0.31	 13.42	0.040	  140.19	100.00
 946.00	 935.96	 3.8194	34.3679	27.3088	 0.31	 13.41	0.041	  140.20	100.00
 947.00	 936.94	 3.8196	34.3679	27.3087	 0.31	 13.41	0.041	  140.20	100.00
 948.00	 937.93	 3.8193	34.3681	27.3090	 0.31	 13.40	0.042	  140.10	100.00
 949.00	 938.92	 3.8182	34.3685	27.3094	 0.31	 13.40	0.042	  140.12	100.00
 950.00	 939.90	 3.8146	34.3688	27.3100	 0.31	 13.41	0.041	  140.13	100.00
 951.00	 940.89	 3.8129	34.3690	27.3103	 0.31	 13.44	0.040	  140.16	100.00
 952.00	 941.88	 3.8108	34.3688	27.3104	 0.31	 13.50	0.040	  140.21	100.00
 953.00	 942.87	 3.8067	34.3685	27.3105	 0.31	 13.55	0.041	  140.16	100.00
 954.00	 943.85	 3.7991	34.3701	27.3126	 0.31	 13.53	0.042	  140.13	100.00
 955.00	 944.84	 3.7976	34.3708	27.3133	 0.31	 13.53	0.041	  140.11	100.00
 956.00	 945.83	 3.7959	34.3711	27.3138	 0.31	 13.50	0.041	  140.07	100.00
 957.00	 946.81	 3.7957	34.3713	27.3139	 0.31	 13.52	0.041	  140.07	100.00
 958.00	 947.80	 3.7957	34.3712	27.3139	 0.31	 13.45	0.040	  140.12	100.00
 959.00	 948.79	 3.7951	34.3715	27.3142	 0.31	 13.45	0.041	  140.17	100.00
 960.00	 949.78	 3.7939	34.3721	27.3148	 0.31	 13.52	0.041	  140.14	100.00
 961.00	 950.76	 3.7934	34.3722	27.3149	 0.31	 13.63	0.041	  140.13	100.00
 962.00	 951.75	 3.7919	34.3725	27.3153	 0.31	 13.62	0.042	  140.20	100.00
 963.00	 952.74	 3.7906	34.3729	27.3158	 0.31	 13.62	0.040	  140.12	100.00
 964.00	 953.72	 3.7894	34.3732	27.3162	 0.31	 13.63	0.041	  140.09	100.00
 965.00	 954.71	 3.7882	34.3735	27.3165	 0.31	 13.63	0.042	  140.08	100.00
 966.00	 955.70	 3.7868	34.3738	27.3169	 0.31	 13.57	0.042	  140.10	100.00
 967.00	 956.69	 3.7855	34.3743	27.3174	 0.31	 13.63	0.041	  140.10	100.00
 968.00	 957.67	 3.7852	34.3743	27.3175	 0.31	 13.66	0.041	  140.12	100.00
 969.00	 958.66	 3.7848	34.3744	27.3176	 0.31	 13.65	0.041	  140.12	100.00
 970.00	 959.65	 3.7846	34.3745	27.3177	 0.31	 13.65	0.041	  140.11	100.00
 971.00	 960.63	 3.7841	34.3747	27.3179	 0.31	 13.62	0.041	  140.09	100.00
 972.00	 961.62	 3.7834	34.3748	27.3181	 0.31	 13.66	0.042	  140.12	100.00
 973.00	 962.61	 3.7823	34.3751	27.3184	 0.32	 13.71	0.041	  140.10	100.00
 974.00	 963.59	 3.7807	34.3757	27.3191	 0.32	 13.80	0.041	  140.15	100.00
 975.00	 964.58	 3.7773	34.3773	27.3207	 0.32	 13.85	0.042	  140.20	100.00
 976.00	 965.57	 3.7747	34.3784	27.3218	 0.32	 13.83	0.042	  140.12	100.00
 977.00	 966.56	 3.7738	34.3785	27.3220	 0.32	 13.83	0.041	  140.12	100.00
 978.00	 967.54	 3.7723	34.3786	27.3222	 0.32	 13.89	0.040	  140.03	100.00
 979.00	 968.53	 3.7723	34.3788	27.3224	 0.32	 13.95	0.041	  140.16	100.00
 980.00	 969.52	 3.7681	34.3793	27.3232	 0.32	 13.97	0.041	  140.10	100.00
 981.00	 970.50	 3.7630	34.3802	27.3245	 0.32	 13.95	0.040	  140.07	100.00
 982.00	 971.49	 3.7608	34.3808	27.3252	 0.32	 13.98	0.040	  140.05	100.00
 983.00	 972.48	 3.7588	34.3810	27.3256	 0.32	 13.98	0.040	  140.10	100.00
 984.00	 973.46	 3.7580	34.3813	27.3259	 0.32	 14.01	0.040	  140.05	100.00
 985.00	 974.45	 3.7519	34.3817	27.3268	 0.32	 13.94	0.040	  140.05	100.00
 986.00	 975.44	 3.7458	34.3831	27.3285	 0.32	 13.98	0.042	  140.04	100.00
 987.00	 976.43	 3.7446	34.3832	27.3287	 0.32	 14.07	0.041	  140.03	100.00
 988.00	 977.41	 3.7444	34.3834	27.3289	 0.32	 13.93	0.040	  140.06	100.00
 989.00	 978.40	 3.7434	34.3835	27.3291	 0.32	 13.98	0.041	  140.05	100.00
 990.00	 979.39	 3.7432	34.3836	27.3292	 0.32	 13.96	0.040	  140.05	100.00
 991.00	 980.37	 3.7427	34.3837	27.3294	 0.32	 14.09	0.040	  140.02	100.00
 992.00	 981.36	 3.7424	34.3837	27.3294	 0.33	 14.15	0.041	  140.05	100.00
 993.00	 982.35	 3.7417	34.3841	27.3297	 0.32	 14.12	0.041	  140.04	100.00
 994.00	 983.33	 3.7408	34.3842	27.3300	 0.32	 14.03	0.041	  140.04	100.00
 995.00	 984.32	 3.7375	34.3848	27.3307	 0.32	 14.00	0.041	  140.02	100.00
 996.00	 985.31	 3.7341	34.3856	27.3317	 0.32	 13.96	0.040	  140.05	100.00
 997.00	 986.29	 3.7334	34.3857	27.3319	 0.32	 14.06	0.040	  140.00	100.00
 998.00	 987.28	 3.7329	34.3860	27.3322	 0.32	 14.04	0.040	  140.01	100.00
 999.00	 988.27	 3.7316	34.3866	27.3328	 0.32	 13.98	0.040	  139.98	100.00
1000.00	 989.26	 3.7296	34.3872	27.3335	 0.32	 13.96	0.040	  140.02	100.00
1001.00	 990.24	 3.7282	34.3874	27.3338	 0.32	 14.00	0.041	  139.97	100.00
1002.00	 991.23	 3.7268	34.3877	27.3342	 0.32	 14.11	0.040	  140.00	100.00
1003.00	 992.22	 3.7263	34.3878	27.3343	 0.33	 14.13	0.040	  139.96	100.00
1004.00	 993.20	 3.7242	34.3879	27.3346	 0.32	 14.08	0.040	  139.95	100.00
1005.00	 994.19	 3.7224	34.3884	27.3352	 0.32	 14.07	0.041	  139.92	100.00
1006.00	 995.18	 3.7210	34.3886	27.3355	 0.32	 14.10	0.040	  139.99	100.00
1007.00	 996.16	 3.7194	34.3887	27.3357	 0.32	 14.08	0.040	  140.01	100.00
1008.00	 997.15	 3.7186	34.3887	27.3358	 0.33	 14.17	0.040	  139.97	100.00
1009.00	 998.14	 3.7174	34.3888	27.3360	 0.33	 14.14	0.040	  140.00	100.00
1010.00	 999.12	 3.7169	34.3889	27.3362	 0.32	 14.12	0.040	  140.01	100.00
1011.00	1000.11	 3.7165	34.3890	27.3363	 0.33	 14.22	0.042	  139.97	100.00
1012.00	1001.10	 3.7166	34.3891	27.3363	 0.33	 14.20	0.041	  140.01	100.00
1013.00	1002.08	 3.7151	34.3890	27.3365	 0.33	 14.18	0.041	  139.97	100.00
1014.00	1003.07	 3.7148	34.3891	27.3366	 0.33	 14.18	0.042	  139.89	100.00
1015.00	1004.06	 3.7124	34.3892	27.3369	 0.33	 14.17	0.041	  140.02	100.00
1016.00	1005.05	 3.7101	34.3895	27.3374	 0.33	 14.18	0.040	  139.96	100.00
1017.00	1006.03	 3.7082	34.3897	27.3377	 0.33	 14.22	0.040	  139.90	100.00
1018.00	1007.02	 3.7069	34.3897	27.3378	 0.33	 14.22	0.040	  139.92	100.00
1019.00	1008.01	 3.7045	34.3897	27.3381	 0.33	 14.25	0.041	  139.91	100.00
1020.00	1008.99	 3.6992	34.3901	27.3389	 0.33	 14.30	0.041	  140.02	100.00
1021.00	1009.98	 3.6905	34.3905	27.3401	 0.33	 14.46	0.040	  139.93	100.00
1022.00	1010.97	 3.6810	34.3910	27.3414	 0.33	 14.41	0.040	  139.97	100.00
1023.00	1011.95	 3.6721	34.3925	27.3435	 0.33	 14.44	0.040	  139.94	100.00
1024.00	1012.94	 3.6708	34.3926	27.3438	 0.33	 14.49	0.040	  139.90	100.00
1025.00	1013.93	 3.6702	34.3926	27.3438	 0.33	 14.54	0.040	  139.97	100.00
1026.00	1014.91	 3.6665	34.3930	27.3445	 0.34	 14.64	0.041	  139.89	100.00
1027.00	1015.90	 3.6639	34.3935	27.3451	 0.34	 14.64	0.042	  139.92	100.00
1028.00	1016.89	 3.6600	34.3937	27.3457	 0.34	 14.68	0.041	  139.94	100.00
1029.00	1017.87	 3.6487	34.3954	27.3482	 0.34	 14.86	0.040	  139.90	100.00
1030.00	1018.86	 3.6388	34.3970	27.3504	 0.34	 14.90	0.040	  139.92	100.00
1031.00	1019.85	 3.6361	34.3976	27.3511	 0.34	 14.96	0.040	  139.98	100.00
1032.00	1020.83	 3.6342	34.3979	27.3516	 0.34	 14.96	0.040	  139.87	100.00
1033.00	1021.82	 3.6312	34.3983	27.3522	 0.35	 15.02	0.041	  139.92	100.00
1034.00	1022.81	 3.6303	34.3985	27.3524	 0.35	 15.08	0.041	  139.94	100.00
1035.00	1023.79	 3.6290	34.3985	27.3526	 0.35	 15.12	0.042	  139.96	100.00
1036.00	1024.78	 3.6231	34.3997	27.3541	 0.35	 15.09	0.041	  139.91	100.00
1037.00	1025.77	 3.6214	34.3999	27.3545	 0.35	 15.13	0.040	  139.94	100.00
1038.00	1026.75	 3.6167	34.4007	27.3556	 0.35	 15.30	0.041	  139.92	100.00
1039.00	1027.74	 3.6090	34.4019	27.3573	 0.35	 15.30	0.040	  139.90	100.00
1040.00	1028.73	 3.6067	34.4023	27.3578	 0.35	 15.33	0.040	  139.95	100.00
1041.00	1029.71	 3.6002	34.4033	27.3592	 0.35	 15.39	0.040	  139.84	100.00
1042.00	1030.70	 3.5927	34.4046	27.3610	 0.36	 15.50	0.040	  139.94	100.00
1043.00	1031.69	 3.5873	34.4056	27.3624	 0.36	 15.54	0.040	  139.94	100.00
1044.00	1032.67	 3.5849	34.4062	27.3631	 0.36	 15.48	0.040	  139.95	100.00
1045.00	1033.66	 3.5844	34.4064	27.3633	 0.36	 15.55	0.041	  139.92	100.00
1046.00	1034.65	 3.5843	34.4063	27.3633	 0.36	 15.56	0.041	  139.90	100.00
1047.00	1035.63	 3.5844	34.4065	27.3633	 0.36	 15.53	0.040	  139.90	100.00
1048.00	1036.62	 3.5840	34.4066	27.3635	 0.36	 15.53	0.040	  139.91	100.00
1049.00	1037.61	 3.5837	34.4067	27.3636	 0.36	 15.55	0.040	  139.84	100.00
1050.00	1038.59	 3.5834	34.4069	27.3638	 0.36	 15.55	0.041	  139.90	100.00
1051.00	1039.58	 3.5838	34.4068	27.3637	 0.36	 15.52	0.040	  139.88	100.00
1052.00	1040.57	 3.5845	34.4067	27.3636	 0.36	 15.52	0.040	  139.91	100.00
1053.00	1041.55	 3.5840	34.4068	27.3637	 0.36	 15.55	0.041	  139.88	100.00
1054.00	1042.54	 3.5839	34.4068	27.3637	 0.36	 15.58	0.042	  139.85	100.00
1055.00	1043.53	 3.5838	34.4069	27.3638	 0.36	 15.55	0.041	  139.85	100.00
1056.00	1044.51	 3.5825	34.4073	27.3643	 0.36	 15.55	0.041	  139.82	100.00
1057.00	1045.50	 3.5815	34.4077	27.3647	 0.36	 15.57	0.042	  139.81	100.00
1058.00	1046.49	 3.5793	34.4081	27.3652	 0.36	 15.59	0.041	  139.88	100.00
1059.00	1047.47	 3.5785	34.4081	27.3653	 0.36	 15.59	0.040	  139.87	100.00
1060.00	1048.46	 3.5770	34.4085	27.3658	 0.36	 15.69	0.040	  139.87	100.00
1061.00	1049.45	 3.5751	34.4085	27.3660	 0.36	 15.72	0.041	  139.82	100.00
1062.00	1050.43	 3.5714	34.4089	27.3667	 0.36	 15.79	0.040	  139.86	100.00
1063.00	1051.42	 3.5574	34.4101	27.3690	 0.36	 15.81	0.040	  139.84	100.00
1064.00	1052.41	 3.5446	34.4124	27.3721	 0.37	 15.89	0.040	  139.83	100.00
1065.00	1053.39	 3.5408	34.4133	27.3731	 0.37	 16.03	0.041	  139.82	100.00
1066.00	1054.38	 3.5392	34.4137	27.3736	 0.37	 16.01	0.042	  139.82	100.00
1067.00	1055.37	 3.5358	34.4142	27.3744	 0.37	 16.26	0.042	  139.79	100.00
1068.00	1056.35	 3.5274	34.4159	27.3765	 0.37	 16.25	0.041	  139.80	100.00
1069.00	1057.34	 3.5225	34.4168	27.3777	 0.37	 16.26	0.040	  139.87	100.00
1070.00	1058.33	 3.5181	34.4175	27.3787	 0.38	 16.34	0.041	  139.77	100.00
1071.00	1059.31	 3.5117	34.4183	27.3800	 0.38	 16.39	0.042	  139.80	100.00
1072.00	1060.30	 3.5085	34.4190	27.3808	 0.38	 16.35	0.040	  139.82	100.00
1073.00	1061.29	 3.5083	34.4188	27.3807	 0.38	 16.37	0.040	  139.80	100.00
1074.00	1062.27	 3.5071	34.4190	27.3810	 0.38	 16.40	0.041	  139.81	100.00
1075.00	1063.26	 3.5062	34.4192	27.3812	 0.38	 16.49	0.040	  139.80	100.00
1076.00	1064.25	 3.4976	34.4199	27.3826	 0.38	 16.59	0.040	  139.77	100.00
1077.00	1065.23	 3.4941	34.4208	27.3837	 0.38	 16.62	0.042	  139.83	100.00
1078.00	1066.22	 3.4933	34.4210	27.3839	 0.38	 16.54	0.041	  139.80	100.00
1079.00	1067.21	 3.4931	34.4211	27.3841	 0.38	 16.51	0.040	  139.76	100.00
1080.00	1068.19	 3.4931	34.4211	27.3840	 0.38	 16.58	0.041	  139.77	100.00
1081.00	1069.18	 3.4927	34.4213	27.3842	 0.38	 16.68	0.042	  139.80	100.00
1082.00	1070.17	 3.4923	34.4214	27.3843	 0.38	 16.63	0.042	  139.73	100.00
1083.00	1071.15	 3.4914	34.4214	27.3845	 0.38	 16.70	0.041	  139.77	100.00
1084.00	1072.14	 3.4866	34.4222	27.3856	 0.38	 16.71	0.041	  139.78	100.00
1085.00	1073.12	 3.4840	34.4228	27.3863	 0.38	 16.71	0.042	  139.72	100.00
1086.00	1074.11	 3.4828	34.4232	27.3867	 0.38	 16.73	0.040	  139.74	100.00
1087.00	1075.10	 3.4825	34.4233	27.3868	 0.39	 16.79	0.040	  139.76	100.00
1088.00	1076.08	 3.4773	34.4240	27.3879	 0.39	 16.80	0.041	  139.75	100.00
1089.00	1077.07	 3.4752	34.4244	27.3885	 0.39	 16.78	0.041	  139.77	100.00
1090.00	1078.06	 3.4709	34.4251	27.3894	 0.39	 16.91	0.040	  139.74	100.00
1091.00	1079.04	 3.4661	34.4258	27.3905	 0.39	 16.96	0.041	  139.73	100.00
1092.00	1080.03	 3.4629	34.4263	27.3911	 0.39	 17.06	0.042	  139.70	100.00
1093.00	1081.02	 3.4596	34.4265	27.3917	 0.39	 17.07	0.042	  139.76	100.00
1094.00	1082.00	 3.4550	34.4275	27.3929	 0.39	 17.09	0.042	  139.71	100.00
1095.00	1082.99	 3.4531	34.4277	27.3933	 0.40	 17.19	0.041	  139.69	100.00
1096.00	1083.98	 3.4518	34.4279	27.3935	 0.40	 17.18	0.041	  139.73	100.00
1097.00	1084.96	 3.4502	34.4281	27.3939	 0.40	 17.18	0.042	  139.73	100.00
1098.00	1085.95	 3.4483	34.4282	27.3941	 0.40	 17.20	0.042	  139.73	100.00
1099.00	1086.94	 3.4450	34.4289	27.3950	 0.40	 17.24	0.041	  139.75	100.00
1100.00	1087.92	 3.4446	34.4288	27.3949	 0.40	 17.21	0.040	  139.75	100.00
1101.00	1088.91	 3.4441	34.4288	27.3950	 0.40	 17.23	0.040	  139.71	100.00
1102.00	1089.89	 3.4442	34.4290	27.3952	 0.40	 17.23	0.042	  139.70	100.00
1103.00	1090.88	 3.4436	34.4290	27.3953	 0.40	 17.23	0.041	  139.64	100.00
1104.00	1091.87	 3.4429	34.4291	27.3954	 0.40	 17.33	0.040	  139.69	100.00
1105.00	1092.85	 3.4396	34.4295	27.3960	 0.40	 17.37	0.040	  139.68	100.00
1106.00	1093.84	 3.4387	34.4296	27.3962	 0.40	 17.26	0.040	  139.70	100.00
1107.00	1094.83	 3.4397	34.4297	27.3962	 0.40	 17.41	0.040	  139.69	100.00
1108.00	1095.81	 3.4396	34.4297	27.3962	 0.40	 17.32	0.041	  139.71	100.00
1109.00	1096.80	 3.4397	34.4297	27.3962	 0.40	 17.27	0.042	  139.67	100.00
1110.00	1097.79	 3.4396	34.4296	27.3962	 0.40	 17.31	0.041	  139.66	100.00
1111.00	1098.77	 3.4401	34.4295	27.3961	 0.40	 17.33	0.040	  139.68	100.00
1112.00	1099.76	 3.4402	34.4296	27.3961	 0.40	 17.33	0.041	  139.69	100.00
1113.00	1100.74	 3.4405	34.4296	27.3961	 0.40	 17.39	0.042	  139.67	100.00
1114.00	1101.73	 3.4401	34.4297	27.3962	 0.40	 17.27	0.042	  139.69	100.00
1115.00	1102.72	 3.4405	34.4297	27.3962	 0.40	 17.35	0.041	  139.67	100.00
1116.00	1103.70	 3.4405	34.4297	27.3962	 0.40	 17.40	0.041	  139.65	100.00
1117.00	1104.69	 3.4401	34.4297	27.3962	 0.40	 17.32	0.041	  139.61	100.00
1118.00	1105.68	 3.4402	34.4297	27.3962	 0.40	 17.25	0.040	  139.66	100.00
1119.00	1106.66	 3.4396	34.4296	27.3962	 0.40	 17.31	0.041	  139.64	100.00
1120.00	1107.65	 3.4370	34.4298	27.3966	 0.40	 17.38	0.041	  139.64	100.00
1121.00	1108.64	 3.4362	34.4299	27.3968	 0.40	 17.39	0.042	  139.61	100.00
1122.00	1109.62	 3.4347	34.4301	27.3971	 0.40	 17.41	0.042	  139.62	100.00
1123.00	1110.61	 3.4344	34.4301	27.3971	 0.40	 17.33	0.042	  139.64	100.00
1124.00	1111.59	 3.4349	34.4301	27.3971	 0.40	 17.44	0.042	  139.66	100.00
1125.00	1112.58	 3.4349	34.4300	27.3970	 0.40	 17.33	0.041	  139.50	100.00
1126.00	1113.57	 3.4325	34.4301	27.3973	 0.40	 17.38	0.041	  139.60	100.00
1127.00	1114.55	 3.4295	34.4303	27.3978	 0.40	 17.48	0.041	  139.63	100.00
1128.00	1115.54	 3.4207	34.4314	27.3995	 0.40	 17.57	0.041	  139.64	100.00
1129.00	1116.53	 3.4111	34.4327	27.4014	 0.41	 17.63	0.041	  139.55	100.00
1130.00	1117.51	 3.4066	34.4334	27.4025	 0.41	 17.66	0.042	  139.57	100.00
1131.00	1118.50	 3.4046	34.4338	27.4030	 0.41	 17.67	0.040	  139.61	100.00
1132.00	1119.49	 3.4033	34.4339	27.4032	 0.41	 17.73	0.040	  139.56	100.00
1133.00	1120.47	 3.4020	34.4340	27.4034	 0.41	 17.71	0.041	  139.59	100.00
1134.00	1121.46	 3.4006	34.4343	27.4037	 0.41	 17.75	0.042	  139.55	100.00
1135.00	1122.44	 3.4002	34.4343	27.4038	 0.41	 17.71	0.042	  139.64	100.00
1136.00	1123.43	 3.4000	34.4345	27.4040	 0.41	 17.73	0.041	  139.51	100.00
1137.00	1124.42	 3.3990	34.4346	27.4041	 0.41	 17.76	0.041	  139.52	100.00
1138.00	1125.40	 3.3983	34.4346	27.4043	 0.41	 17.76	0.041	  139.52	100.00
1139.00	1126.39	 3.3983	34.4348	27.4044	 0.41	 17.80	0.041	  139.61	100.00
1140.00	1127.38	 3.3984	34.4347	27.4043	 0.41	 17.77	0.042	  139.58	100.00
1141.00	1128.36	 3.3983	34.4348	27.4045	 0.41	 17.84	0.042	  139.55	100.00
1142.00	1129.35	 3.3984	34.4348	27.4045	 0.41	 17.73	0.042	  139.58	100.00
1143.00	1130.33	 3.3983	34.4348	27.4044	 0.41	 17.73	0.042	  139.51	100.00
1144.00	1131.32	 3.3983	34.4349	27.4045	 0.41	 17.75	0.042	  139.50	100.00
1145.00	1132.31	 3.3986	34.4349	27.4045	 0.41	 17.76	0.042	  139.44	100.00
1146.00	1133.29	 3.3992	34.4348	27.4044	 0.41	 17.75	0.042	  139.54	100.00
1147.00	1134.28	 3.3986	34.4349	27.4046	 0.41	 17.79	0.042	  139.49	100.00
1148.00	1135.27	 3.3983	34.4348	27.4045	 0.41	 17.87	0.041	  139.46	100.00
1149.00	1136.25	 3.3973	34.4351	27.4048	 0.41	 17.76	0.042	  139.46	100.00
1150.00	1137.24	 3.3959	34.4354	27.4052	 0.41	 17.85	0.041	  139.47	100.00
1151.00	1138.22	 3.3955	34.4353	27.4051	 0.41	 17.85	0.040	  139.50	100.00
1152.00	1139.21	 3.3946	34.4355	27.4054	 0.41	 17.86	0.040	  139.42	100.00
1153.00	1140.20	 3.3951	34.4355	27.4054	 0.41	 17.78	0.040	  139.51	100.00
1154.00	1141.18	 3.3943	34.4356	27.4055	 0.41	 17.78	0.041	  139.46	100.00
1155.00	1142.17	 3.3935	34.4355	27.4055	 0.41	 17.81	0.042	  139.46	100.00
1156.00	1143.15	 3.3961	34.4352	27.4051	 0.41	 17.80	0.041	  139.51	100.00
1157.00	1144.14	 3.3907	34.4358	27.4061	 0.41	 17.98	0.040	  139.49	100.00
1158.00	1145.13	 3.3897	34.4363	27.4065	 0.41	 17.95	0.040	  139.50	100.00
1159.00	1146.11	 3.3900	34.4360	27.4063	 0.41	 17.78	0.040	  139.49	100.00
1160.00	1147.10	 3.3901	34.4361	27.4064	 0.41	 17.85	0.042	  139.48	100.00
1161.00	1148.09	 3.3894	34.4361	27.4064	 0.41	 17.96	0.041	  139.46	100.00
1162.00	1149.07	 3.3876	34.4365	27.4070	 0.41	 17.93	0.041	  139.49	 88.46
1163.00	1150.06	 3.3878	34.4363	27.4068	 0.41	 18.02	0.042	  139.48	 85.28
1164.00	1151.04	 3.3867	34.4366	27.4071	 0.41	 17.86	0.042	  139.49	 99.66
1165.00	1152.03	 3.3865	34.4365	27.4071	 0.41	 17.92	0.042	  139.42	 95.75
1166.00	1153.02	 3.3860	34.4365	27.4072	 0.41	 17.97	0.041	  139.40	 91.62
1167.00	1154.00	 3.3858	34.4366	27.4073	 0.41	 18.01	0.041	  139.37	 90.98
1168.00	1154.99	 3.3855	34.4367	27.4073	 0.41	 18.00	0.042	  139.29	 89.99
1169.00	1155.97	 3.3854	34.4367	27.4074	 0.41	 18.01	0.042	  139.35	 89.15
1170.00	1156.96	 3.3845	34.4369	27.4077	 0.41	 18.03	0.041	  139.34	 88.10
1171.00	1157.95	 3.3843	34.4369	27.4077	 0.41	 18.01	0.040	  139.24	 86.91
1172.00	1158.93	 3.3834	34.4371	27.4079	 0.41	 18.03	0.041	  139.28	 85.77
1173.00	1159.92	 3.3815	34.4372	27.4082	 0.42	 18.04	0.042	  139.28	 84.87
1174.00	1160.90	 3.3774	34.4376	27.4089	 0.42	 18.08	0.041	  139.21	 83.94
1175.00	1161.89	 3.3752	34.4381	27.4095	 0.42	 18.05	0.040	  139.32	 83.17
1176.00	1162.88	 3.3757	34.4380	27.4094	 0.42	 18.07	0.041	  139.28	 82.03
1177.00	1163.86	 3.3743	34.4381	27.4096	 0.42	 18.16	0.042	  139.22	 80.83
1178.00	1164.85	 3.3741	34.4380	27.4095	 0.42	 18.17	0.042	  139.31	 79.64
1179.00	1165.84	 3.3739	34.4382	27.4098	 0.42	 18.13	0.042	  139.26	 78.76
1180.00	1166.82	 3.3735	34.4383	27.4098	 0.42	 18.15	0.042	  139.30	 78.19
1181.00	1167.81	 3.3709	34.4384	27.4102	 0.42	 18.17	0.042	  139.28	 77.25
1182.00	1168.79	 3.3678	34.4389	27.4109	 0.42	 18.18	0.042	  139.29	 76.22
1183.00	1169.78	 3.3638	34.4394	27.4117	 0.42	 18.22	0.042	  139.29	 74.80
1184.00	1170.77	 3.3627	34.4395	27.4119	 0.42	 18.24	0.042	  139.24	 73.72
1185.00	1171.75	 3.3614	34.4398	27.4122	 0.42	 18.30	0.041	  139.31	 72.91
1186.00	1172.74	 3.3612	34.4399	27.4123	 0.42	 18.27	0.040	  139.31	 71.94
1187.00	1173.72	 3.3615	34.4398	27.4123	 0.42	 18.30	0.041	  139.25	 70.97
1188.00	1174.71	 3.3599	34.4399	27.4125	 0.42	 18.30	0.042	  139.33	 69.78
1189.00	1175.70	 3.3570	34.4405	27.4132	 0.42	 18.32	0.042	  139.27	 68.93
1190.00	1176.68	 3.3565	34.4405	27.4133	 0.42	 18.30	0.042	  139.26	 67.84
1191.00	1177.67	 3.3562	34.4405	27.4133	 0.42	 18.30	0.042	  139.29	 66.97
1192.00	1178.65	 3.3584	34.4402	27.4129	 0.42	 18.25	0.042	  139.25	 65.78
1193.00	1179.64	 3.3573	34.4403	27.4131	 0.42	 18.30	0.041	  139.22	 64.69
1194.00	1180.63	 3.3560	34.4405	27.4134	 0.42	 18.30	0.042	  139.18	 63.82
1195.00	1181.61	 3.3555	34.4408	27.4137	 0.42	 18.30	0.041	  139.17	 62.95
1196.00	1182.60	 3.3552	34.4408	27.4137	 0.42	 18.30	0.042	  139.20	 61.87
1197.00	1183.58	 3.3553	34.4407	27.4136	 0.42	 18.32	0.041	  139.21	 60.62
1198.00	1184.57	 3.3562	34.4407	27.4135	 0.42	 18.33	0.041	  139.16	 59.80
1199.00	1185.56	 3.3526	34.4410	27.4142	 0.42	 18.36	0.041	  139.15	 58.82
1200.00	1186.54	 3.3501	34.4413	27.4146	 0.42	 18.42	0.042	  139.08	 57.87
1201.00	1187.53	 3.3446	34.4422	27.4158	 0.42	 18.46	0.042	  139.17	 56.81
1202.00	1188.51	 3.3443	34.4422	27.4159	 0.43	 18.50	0.041	  139.13	 55.82
1203.00	1189.50	 3.3436	34.4423	27.4160	 0.43	 18.53	0.041	  139.13	 54.64
1204.00	1190.49	 3.3431	34.4423	27.4161	 0.43	 18.56	0.042	  139.11	 53.63
1205.00	1191.47	 3.3405	34.4426	27.4166	 0.43	 18.58	0.042	  139.17	 52.75
1206.00	1192.46	 3.3386	34.4429	27.4170	 0.43	 18.61	0.042	  139.12	 51.62
1207.00	1193.44	 3.3357	34.4430	27.4174	 0.43	 18.70	0.042	  139.17	 50.70
1208.00	1194.43	 3.3250	34.4447	27.4197	 0.43	 18.80	0.042	  139.13	 49.84
1209.00	1195.41	 3.3228	34.4449	27.4201	 0.43	 18.80	0.041	  139.13	 48.87
1210.00	1196.40	 3.3219	34.4451	27.4204	 0.43	 18.82	0.040	  139.06	 47.92
1211.00	1197.39	 3.3220	34.4449	27.4202	 0.43	 18.84	0.041	  139.07	 46.82
1212.00	1198.37	 3.3218	34.4449	27.4202	 0.43	 18.88	0.042	  139.08	 45.56
1213.00	1199.36	 3.3150	34.4454	27.4213	 0.44	 18.97	0.042	  139.04	 44.63
1214.00	1200.34	 3.3082	34.4465	27.4228	 0.44	 19.08	0.042	  139.07	 43.75
1215.00	1201.33	 3.3057	34.4468	27.4233	 0.44	 19.04	0.042	  139.10	 42.94
1216.00	1202.32	 3.3039	34.4470	27.4236	 0.44	 19.05	0.042	  139.18	 41.86
1217.00	1203.30	 3.3033	34.4471	27.4237	 0.44	 19.10	0.041	  139.06	 40.67
1218.00	1204.29	 3.3027	34.4473	27.4239	 0.44	 19.19	0.041	  139.00	 39.54
1219.00	1205.27	 3.3033	34.4472	27.4238	 0.44	 19.20	0.040	  139.06	 38.73
1220.00	1206.26	 3.3015	34.4477	27.4244	 0.44	 19.19	0.040	  139.02	 37.77
1221.00	1207.25	 3.3020	34.4474	27.4241	 0.44	 19.18	0.041	  139.05	 36.75
1222.00	1208.23	 3.3017	34.4474	27.4242	 0.44	 19.19	0.041	  139.01	 35.50
1223.00	1209.22	 3.3008	34.4477	27.4245	 0.44	 19.20	0.041	  139.05	 34.86
1224.00	1210.20	 3.2981	34.4479	27.4249	 0.44	 19.26	0.042	  139.04	 33.84
1225.00	1211.19	 3.2980	34.4482	27.4251	 0.44	 19.25	0.041	  138.99	 32.87
1226.00	1212.18	 3.2983	34.4480	27.4250	 0.44	 19.26	0.041	  138.99	 31.68
1227.00	1213.16	 3.2994	34.4477	27.4247	 0.44	 19.27	0.042	  138.99	 30.55
1228.00	1214.15	 3.2984	34.4480	27.4250	 0.44	 19.26	0.040	  138.98	 29.72
1229.00	1215.13	 3.2985	34.4481	27.4251	 0.44	 19.31	0.040	  138.97	 28.76
1230.00	1216.12	 3.2982	34.4482	27.4252	 0.44	 19.30	0.041	  138.97	 27.79
1231.00	1217.10	 3.2976	34.4483	27.4253	 0.44	 19.31	0.042	  139.04	 26.73
1232.00	1218.09	 3.2977	34.4481	27.4251	 0.44	 19.32	0.042	  138.98	 25.73
1233.00	1219.08	 3.2962	34.4483	27.4255	 0.44	 19.30	0.042	  138.95	 24.74
1234.00	1220.06	 3.2945	34.4486	27.4259	 0.44	 19.31	0.042	  139.00	 23.68
1235.00	1221.05	 3.2950	34.4484	27.4257	 0.44	 19.32	0.042	  138.95	 22.70
1236.00	1222.03	 3.2918	34.4487	27.4262	 0.45	 19.36	0.042	  139.00	 21.69
1237.00	1223.02	 3.2888	34.4492	27.4269	 0.44	 19.32	0.042	  138.93	 20.65
1238.00	1224.00	 3.2892	34.4491	27.4268	 0.44	 19.32	0.041	  139.03	 19.55
1239.00	1224.99	 3.2897	34.4491	27.4267	 0.44	 19.26	0.041	  138.97	 18.41
1240.00	1225.98	 3.2844	34.4496	27.4276	 0.44	 19.32	0.041	  138.92	 17.46
1241.00	1226.96	 3.2833	34.4497	27.4279	 0.44	 19.32	0.041	  138.92	 16.34
1242.00	1227.95	 3.2803	34.4500	27.4284	 0.45	 19.34	0.041	  138.90	 15.27
1243.00	1228.93	 3.2789	34.4502	27.4287	 0.45	 19.36	0.041	  138.88	 14.29
1244.00	1229.92	 3.2786	34.4503	27.4288	 0.45	 19.35	0.041	  138.82	 13.34
1245.00	1230.91	 3.2780	34.4504	27.4289	 0.45	 19.37	0.041	  138.87	 12.35
1246.00	1231.89	 3.2777	34.4504	27.4289	 0.45	 19.39	0.041	  138.82	 11.32
1247.00	1232.88	 3.2753	34.4507	27.4294	 0.45	 19.36	0.042	  138.83	 10.21
1248.00	1233.86	 3.2591	34.4525	27.4324	 0.45	 19.51	0.041	  138.78	  8.93
