* Sea-Bird SBE 9 Data:
* Software Version Seasave V 7.26.7.107
* Vessel: NOAA Ship Ronald H. Brown
* Cruise: RB2102, West Coast Ocean Acidification (WCOA) 2021
* Dates: 20210622 to 20210723
* Region: NE Pacific, USA West Coast
* Ports: San Diego, CA to Port Angeles, WA to San Diego, CA
* Chief Scientists: R. Feely, NOAA PMEL; D. Greeley, NOAA PMEL; B. Carter, NOAA PMEL / UW CICOES
* Contacts: R. Feely, richard.a.feely@noaa.gov; D. Greeley, dana.greeley@noaa.gov; B. Carter, brendan.carter@noaa.gov
* Station: 002
* Cast: 1
* Cast Date-Time [GMT]: 25-Jun-2021 13:58:11
* Longitude: -130.6418 W
* Latitude: 51.7108 N
* Water Depth [m]: 909
**********
* Column  1: Pressure [decibar]
* Column  2: Depth [m]
* Column  3: Temperature ITS-90 [degree C]
* Column  4: Salinity PSS-78 [psu]
* Column  5: Sigma-theta EOS-80 [kg/m^3 - 1000]
* Column  6: Oxygen [ml/L]
* Column  7: Oxygen [umol/kg]
* Column  8: Fluorescence [volts]
* Column  9: Oxygen Reduction Potential [mV]
* Column 10: Altimeter [m]
**********
*END*
   2.00	   1.98	 9.8063	32.1227	24.7378	 6.00	261.55	0.076	  494.95	 66.35
   3.00	   2.97	 9.8000	32.1234	24.7394	 6.00	261.46	0.075	  494.92	 66.35
   4.00	   3.97	 9.7979	32.1248	24.7408	 5.99	260.99	0.076	  494.91	 66.32
   5.00	   4.96	 9.7737	32.1282	24.7475	 5.97	260.23	0.076	  494.88	 66.31
   6.00	   5.95	 9.7195	32.1353	24.7618	 5.96	259.87	0.076	  494.88	 66.31
   7.00	   6.94	 9.4884	32.1638	24.8213	 5.91	257.60	0.077	  494.82	 66.32
   8.00	   7.93	 9.3892	32.1772	24.8475	 5.90	256.96	0.077	  494.67	 66.32
   9.00	   8.92	 9.3676	32.1769	24.8508	 5.89	256.56	0.076	  494.61	 66.32
  10.00	   9.91	 9.3368	32.1809	24.8588	 5.89	256.52	0.077	  494.47	 66.31
  11.00	  10.90	 9.3212	32.1834	24.8632	 5.89	256.52	0.075	  494.48	 66.31
  12.00	  11.89	 9.2926	32.1875	24.8710	 5.88	256.35	0.074	  494.48	 66.31
  13.00	  12.89	 9.2444	32.1954	24.8848	 5.88	256.04	0.073	  494.47	 66.31
  14.00	  13.88	 9.1910	32.2069	24.9021	 5.86	255.33	0.073	  494.48	 66.31
  15.00	  14.87	 9.0767	32.2300	24.9380	 5.82	253.73	0.072	  494.40	 66.31
  16.00	  15.86	 8.9224	32.2570	24.9830	 5.74	250.27	0.072	  494.29	 66.31
  17.00	  16.85	 8.7421	32.2912	25.0374	 5.73	249.57	0.071	  494.16	 66.32
  18.00	  17.84	 8.6565	32.3126	25.0672	 5.71	248.89	0.070	  494.12	 66.32
  19.00	  18.83	 8.5982	32.3284	25.0883	 5.66	246.54	0.068	  493.96	 66.32
  20.00	  19.82	 8.5095	32.3531	25.1211	 5.60	243.94	0.066	  493.76	 66.32
  21.00	  20.82	 8.4408	32.3731	25.1470	 5.58	243.16	0.064	  493.66	 66.32
  22.00	  21.81	 8.4226	32.3790	25.1544	 5.56	242.31	0.065	  493.66	 66.32
  23.00	  22.80	 8.3915	32.3875	25.1657	 5.55	241.81	0.064	  493.65	 66.32
  24.00	  23.79	 8.3765	32.3928	25.1720	 5.53	240.75	0.064	  493.57	 66.32
  25.00	  24.78	 8.3517	32.3991	25.1807	 5.51	240.08	0.064	  493.50	 66.32
  26.00	  25.77	 8.3131	32.4107	25.1955	 5.50	239.64	0.064	  493.45	 66.32
  27.00	  26.76	 8.3081	32.4121	25.1974	 5.49	239.11	0.063	  493.43	 66.32
  28.00	  27.75	 8.3019	32.4142	25.1999	 5.48	238.61	0.062	  493.41	 66.31
  29.00	  28.74	 8.3009	32.4149	25.2006	 5.47	238.35	0.062	  493.41	 66.31
  30.00	  29.74	 8.2919	32.4177	25.2042	 5.47	238.26	0.062	  493.41	 66.31
  31.00	  30.73	 8.2845	32.4202	25.2073	 5.47	238.40	0.062	  493.41	 66.31
  32.00	  31.72	 8.2776	32.4222	25.2099	 5.47	238.31	0.062	  493.41	 66.31
  33.00	  32.71	 8.2746	32.4231	25.2110	 5.46	238.00	0.062	  493.41	 66.31
  34.00	  33.70	 8.2752	32.4229	25.2108	 5.46	237.69	0.062	  493.41	 66.31
  35.00	  34.69	 8.2698	32.4245	25.2129	 5.45	237.40	0.063	  493.41	 66.31
  36.00	  35.68	 8.2663	32.4254	25.2141	 5.44	237.18	0.062	  493.41	 66.31
  37.00	  36.67	 8.2642	32.4262	25.2150	 5.44	237.14	0.062	  493.41	 66.31
  38.00	  37.66	 8.2623	32.4264	25.2155	 5.45	237.23	0.062	  493.41	 66.31
  39.00	  38.66	 8.2603	32.4269	25.2162	 5.44	236.98	0.062	  493.40	 66.31
  40.00	  39.65	 8.2598	32.4274	25.2166	 5.44	236.97	0.062	  493.41	 66.31
  41.00	  40.64	 8.2600	32.4269	25.2163	 5.44	236.78	0.062	  493.41	 66.31
  42.00	  41.63	 8.2463	32.4305	25.2211	 5.43	236.74	0.061	  493.41	 66.30
  43.00	  42.62	 8.2486	32.4298	25.2202	 5.43	236.57	0.061	  493.41	 66.30
  44.00	  43.61	 8.2410	32.4315	25.2227	 5.43	236.51	0.061	  493.40	 66.30
  45.00	  44.60	 8.2301	32.4342	25.2264	 5.43	236.38	0.062	  493.41	 66.30
  46.00	  45.59	 8.2299	32.4345	25.2267	 5.42	236.21	0.061	  493.41	 66.30
  47.00	  46.58	 8.2204	32.4364	25.2296	 5.41	235.61	0.061	  493.41	 66.29
  48.00	  47.58	 8.2110	32.4383	25.2325	 5.40	235.31	0.060	  493.40	 66.30
  49.00	  48.57	 8.1898	32.4437	25.2399	 5.40	235.18	0.060	  493.40	 66.30
  50.00	  49.56	 8.1825	32.4456	25.2424	 5.39	234.73	0.060	  493.41	 66.30
  51.00	  50.55	 8.1395	32.4574	25.2580	 5.38	234.16	0.061	  493.39	 66.30
  52.00	  51.54	 8.0989	32.4696	25.2734	 5.36	233.52	0.059	  493.38	 66.30
  53.00	  52.53	 8.0844	32.4746	25.2795	 5.35	233.06	0.059	  493.36	 66.30
  54.00	  53.52	 8.0628	32.4819	25.2884	 5.35	232.91	0.059	  493.31	 66.30
  55.00	  54.51	 8.0556	32.4845	25.2914	 5.34	232.43	0.059	  493.26	 66.30
  56.00	  55.50	 8.0237	32.4954	25.3047	 5.32	231.60	0.058	  493.20	 66.30
  57.00	  56.49	 7.9930	32.5069	25.3181	 5.30	231.07	0.057	  493.20	 66.30
  58.00	  57.49	 7.9865	32.5093	25.3209	 5.28	229.85	0.057	  318.29	 66.30
  59.00	  58.48	 7.9560	32.5223	25.3355	 5.24	228.13	0.057	  489.67	 66.30
  60.00	  59.47	 7.8560	32.5651	25.3835	 5.18	225.54	0.057	  493.16	 66.30
  61.00	  60.46	 7.7846	32.6119	25.4305	 5.11	222.59	0.055	  493.16	 66.30
  62.00	  61.45	 7.7433	32.6338	25.4536	 5.06	220.43	0.055	  493.16	 66.31
  63.00	  62.44	 7.7177	32.6433	25.4647	 5.03	219.14	0.053	  493.15	 66.31
  64.00	  63.43	 7.6941	32.6493	25.4727	 5.01	218.36	0.053	  493.10	 66.31
  65.00	  64.42	 7.6730	32.6525	25.4782	 5.00	217.92	0.053	  493.03	 66.31
  66.00	  65.41	 7.6628	32.6561	25.4825	 4.99	217.10	0.053	  493.03	 66.31
  67.00	  66.40	 7.6538	32.6606	25.4874	 4.95	215.50	0.053	  493.05	 66.31
  68.00	  67.40	 7.6350	32.6747	25.5011	 4.88	212.51	0.053	  493.03	 66.31
  69.00	  68.39	 7.5401	32.7255	25.5543	 4.82	209.69	0.053	  493.04	 66.31
  70.00	  69.38	 7.4835	32.7538	25.5845	 4.75	207.00	0.051	  493.03	 66.31
  71.00	  70.37	 7.4317	32.7785	25.6111	 4.71	204.92	0.051	  493.08	 66.31
  72.00	  71.36	 7.4040	32.7882	25.6226	 4.67	203.51	0.051	  493.14	 66.31
  73.00	  72.35	 7.3970	32.7921	25.6266	 4.65	202.58	0.050	  493.16	 66.31
  74.00	  73.34	 7.3924	32.7954	25.6298	 4.63	201.72	0.050	  493.16	 66.31
  75.00	  74.33	 7.3890	32.7980	25.6324	 4.62	201.09	0.051	  493.16	 66.31
  76.00	  75.32	 7.3829	32.8024	25.6367	 4.60	200.52	0.050	  493.16	 66.31
  77.00	  76.31	 7.3798	32.8051	25.6393	 4.59	199.88	0.049	  493.16	 66.31
  78.00	  77.30	 7.3782	32.8065	25.6407	 4.58	199.31	0.049	  493.16	 66.31
  79.00	  78.30	 7.3704	32.8111	25.6453	 4.56	198.77	0.050	  493.16	 66.32
  80.00	  79.29	 7.3522	32.8202	25.6550	 4.55	198.13	0.050	  493.18	 66.31
  81.00	  80.28	 7.3355	32.8270	25.6627	 4.53	197.07	0.050	  493.21	 66.31
  82.00	  81.27	 7.2933	32.8460	25.6835	 4.49	195.48	0.050	  493.29	 66.32
  83.00	  82.26	 7.2745	32.8555	25.6935	 4.45	193.89	0.049	  493.30	 66.32
  84.00	  83.25	 7.2325	32.8753	25.7148	 4.43	192.76	0.049	  493.33	 66.32
  85.00	  84.24	 7.2002	32.8921	25.7325	 4.40	191.68	0.049	  493.39	 66.32
  86.00	  85.23	 7.1866	32.9002	25.7407	 4.36	189.75	0.048	  493.41	 66.31
  87.00	  86.22	 7.1656	32.9117	25.7526	 4.31	187.80	0.048	  493.41	 66.32
  88.00	  87.21	 7.1338	32.9290	25.7706	 4.26	185.40	0.047	  493.42	 66.32
  89.00	  88.20	 7.0978	32.9471	25.7898	 4.18	181.80	0.047	  493.43	 66.32
  90.00	  89.20	 6.9065	33.0365	25.8859	 4.08	177.61	0.046	  493.54	 66.33
  91.00	  90.19	 6.8341	33.0630	25.9164	 3.96	172.37	0.045	  493.66	 66.34
  92.00	  91.18	 6.7856	33.0856	25.9406	 3.86	168.00	0.044	  493.88	 66.34
  93.00	  92.17	 6.6825	33.1297	25.9889	 3.80	165.28	0.045	  493.98	 66.34
  94.00	  93.16	 6.6576	33.1416	26.0016	 3.75	163.41	0.044	  494.14	 66.34
  95.00	  94.15	 6.6513	33.1463	26.0062	 3.72	161.76	0.044	  494.31	 66.33
  96.00	  95.14	 6.6489	33.1520	26.0110	 3.68	160.32	0.044	  494.55	 66.33
  97.00	  96.13	 6.6499	33.1557	26.0138	 3.68	160.03	0.044	  494.62	 66.33
  98.00	  97.12	 6.6513	33.1602	26.0171	 3.67	159.94	0.044	  494.64	 66.34
  99.00	  98.11	 6.6532	33.1621	26.0184	 3.67	159.72	0.044	  494.63	 66.33
 100.00	  99.10	 6.6536	33.1624	26.0186	 3.66	159.40	0.044	  494.64	 66.33
 101.00	 100.09	 6.6527	33.1623	26.0187	 3.65	159.03	0.044	  494.69	 66.33
 102.00	 101.08	 6.6514	33.1628	26.0192	 3.65	158.81	0.044	  494.73	 66.33
 103.00	 102.08	 6.6505	33.1632	26.0197	 3.65	158.79	0.044	  494.77	 66.33
 104.00	 103.07	 6.6510	33.1631	26.0195	 3.65	158.67	0.044	  494.76	 66.33
 105.00	 104.06	 6.6492	33.1630	26.0197	 3.64	158.39	0.043	  494.77	 66.33
 106.00	 105.05	 6.6491	33.1629	26.0197	 3.63	158.14	0.043	  494.79	 66.32
 107.00	 106.04	 6.6487	33.1629	26.0197	 3.63	157.86	0.044	  494.76	 66.33
 108.00	 107.03	 6.6480	33.1633	26.0202	 3.62	157.70	0.044	  494.79	 66.33
 109.00	 108.02	 6.6472	33.1636	26.0205	 3.62	157.39	0.044	  494.86	 66.33
 110.00	 109.01	 6.6421	33.1690	26.0254	 3.61	157.25	0.044	  494.85	 66.32
 111.00	 110.00	 6.6357	33.1724	26.0290	 3.61	157.10	0.044	  494.84	 66.33
 112.00	 110.99	 6.6339	33.1727	26.0294	 3.61	156.94	0.044	  494.86	 66.33
 113.00	 111.98	 6.6329	33.1735	26.0302	 3.60	156.85	0.043	  494.87	 66.33
 114.00	 112.97	 6.6323	33.1756	26.0319	 3.60	156.62	0.043	  494.86	 66.32
 115.00	 113.96	 6.6316	33.1785	26.0343	 3.59	156.41	0.044	  494.86	 66.32
 116.00	 114.96	 6.6330	33.1816	26.0366	 3.59	156.37	0.044	  494.86	 66.32
 117.00	 115.95	 6.6334	33.1833	26.0379	 3.59	156.18	0.044	  494.87	 66.33
 118.00	 116.94	 6.6323	33.1846	26.0391	 3.59	156.13	0.044	  494.87	 66.32
 119.00	 117.93	 6.6298	33.1859	26.0405	 3.59	156.10	0.044	  494.87	 66.32
 120.00	 118.92	 6.6289	33.1875	26.0419	 3.58	155.91	0.044	  494.87	 66.32
 121.00	 119.91	 6.6281	33.1890	26.0432	 3.58	155.77	0.044	  494.87	 66.32
 122.00	 120.90	 6.6273	33.1898	26.0439	 3.58	155.80	0.044	  494.87	 66.32
 123.00	 121.89	 6.6258	33.1921	26.0459	 3.58	155.80	0.044	  494.87	 66.32
 124.00	 122.88	 6.6236	33.1947	26.0482	 3.58	155.68	0.044	  494.87	 66.32
 125.00	 123.87	 6.6234	33.1951	26.0486	 3.57	155.49	0.044	  494.87	 66.32
 126.00	 124.86	 6.6230	33.1959	26.0493	 3.57	155.30	0.044	  494.87	 66.31
 127.00	 125.85	 6.6221	33.1976	26.0508	 3.56	155.01	0.044	  494.87	 66.31
 128.00	 126.84	 6.6190	33.2020	26.0547	 3.56	154.93	0.044	  494.88	 66.32
 129.00	 127.83	 6.6106	33.2112	26.0630	 3.55	154.71	0.044	  494.87	 66.31
 130.00	 128.82	 6.6017	33.2184	26.0699	 3.55	154.31	0.044	  494.87	 66.31
 131.00	 129.82	 6.5930	33.2255	26.0767	 3.53	153.83	0.044	  494.87	 66.31
 132.00	 130.81	 6.5864	33.2312	26.0820	 3.52	153.39	0.044	  494.87	 66.31
 133.00	 131.80	 6.5843	33.2331	26.0838	 3.52	153.04	0.044	  494.90	 66.31
 134.00	 132.79	 6.5784	33.2394	26.0895	 3.51	152.62	0.044	  494.93	 66.31
 135.00	 133.78	 6.5726	33.2437	26.0937	 3.49	151.79	0.044	  494.98	 66.31
 136.00	 134.77	 6.5495	33.2626	26.1116	 3.45	150.32	0.044	  495.03	 66.31
 137.00	 135.76	 6.5228	33.2989	26.1437	 3.42	148.92	0.044	  495.06	 66.31
 138.00	 136.75	 6.5004	33.3174	26.1612	 3.40	148.00	0.044	  495.09	 66.31
 139.00	 137.74	 6.4943	33.3226	26.1661	 3.38	147.28	0.044	  495.12	 66.31
 140.00	 138.73	 6.4912	33.3259	26.1692	 3.36	146.45	0.044	  495.15	 66.31
 141.00	 139.72	 6.4785	33.3354	26.1783	 3.34	145.54	0.044	  495.22	 66.31
 142.00	 140.71	 6.4580	33.3491	26.1918	 3.33	144.77	0.043	  495.28	 66.31
 143.00	 141.70	 6.4452	33.3583	26.2006	 3.31	143.90	0.044	  495.34	 66.31
 144.00	 142.69	 6.4376	33.3624	26.2049	 3.29	143.15	0.044	  495.36	 66.31
 145.00	 143.68	 6.4312	33.3687	26.2107	 3.27	142.20	0.044	  495.37	 66.31
 146.00	 144.67	 6.4141	33.3824	26.2237	 3.23	140.65	0.043	  495.37	 66.31
 147.00	 145.67	 6.3858	33.4048	26.2451	 3.19	138.93	0.043	  495.39	 66.31
 148.00	 146.66	 6.3585	33.4294	26.2680	 3.16	137.32	0.043	  495.49	 66.31
 149.00	 147.65	 6.3347	33.4535	26.2900	 3.12	135.70	0.043	  495.54	 66.31
 150.00	 148.64	 6.2996	33.4906	26.3238	 3.09	134.26	0.043	  495.60	 66.32
 151.00	 149.63	 6.2855	33.5017	26.3344	 3.04	132.44	0.043	  495.78	 66.32
 152.00	 150.62	 6.2677	33.5241	26.3544	 3.00	130.70	0.043	  495.87	 66.32
 153.00	 151.61	 6.2511	33.5656	26.3892	 2.97	129.32	0.043	  495.86	 66.32
 154.00	 152.60	 6.2378	33.5926	26.4122	 2.94	127.87	0.043	  495.95	 66.32
 155.00	 153.59	 6.2084	33.6389	26.4526	 2.91	126.49	0.043	  495.94	 66.32
 156.00	 154.58	 6.1860	33.6593	26.4715	 2.87	125.00	0.043	  496.08	 66.32
 157.00	 155.57	 6.1773	33.6721	26.4828	 2.84	123.53	0.043	  496.13	 66.32
 158.00	 156.56	 6.1758	33.6755	26.4856	 2.82	122.58	0.043	  496.32	 66.32
 159.00	 157.55	 6.1742	33.6808	26.4900	 2.80	121.87	0.043	  496.34	 66.32
 160.00	 158.54	 6.1695	33.6888	26.4969	 2.78	121.16	0.042	  496.35	 66.31
 161.00	 159.53	 6.1675	33.6932	26.5006	 2.78	120.79	0.043	  496.37	 66.31
 162.00	 160.52	 6.1614	33.6971	26.5046	 2.77	120.46	0.043	  496.44	 66.31
 163.00	 161.51	 6.1593	33.6982	26.5057	 2.76	120.10	0.043	  496.47	 66.32
 164.00	 162.50	 6.1563	33.7000	26.5075	 2.75	119.56	0.043	  496.50	 66.32
 165.00	 163.49	 6.1505	33.7035	26.5110	 2.73	118.66	0.043	  496.49	 66.31
 166.00	 164.49	 6.1335	33.7139	26.5214	 2.71	117.74	0.043	  496.53	 66.31
 167.00	 165.48	 6.1250	33.7175	26.5253	 2.69	117.01	0.043	  496.53	 66.31
 168.00	 166.47	 6.1200	33.7235	26.5307	 2.67	116.24	0.043	  496.57	 66.31
 169.00	 167.46	 6.1164	33.7280	26.5347	 2.66	115.71	0.043	  496.58	 66.31
 170.00	 168.45	 6.1154	33.7311	26.5373	 2.65	115.15	0.043	  496.63	 66.31
 171.00	 169.44	 6.1124	33.7370	26.5424	 2.63	114.50	0.042	  496.68	 66.31
 172.00	 170.43	 6.1078	33.7443	26.5487	 2.61	113.58	0.041	  496.72	 66.31
 173.00	 171.42	 6.0945	33.7584	26.5615	 2.58	112.27	0.043	  496.74	 66.31
 174.00	 172.41	 6.0681	33.7827	26.5841	 2.55	110.96	0.042	  496.78	 66.31
 175.00	 173.40	 6.0325	33.8126	26.6121	 2.52	109.67	0.042	  496.80	 66.31
 176.00	 174.39	 6.0238	33.8188	26.6181	 2.49	108.51	0.042	  496.83	 66.31
 177.00	 175.38	 6.0205	33.8215	26.6207	 2.47	107.48	0.042	  496.92	 66.31
 178.00	 176.37	 6.0170	33.8242	26.6233	 2.46	106.82	0.042	  497.03	 66.31
 179.00	 177.36	 6.0163	33.8249	26.6239	 2.45	106.49	0.041	  497.07	 66.31
 180.00	 178.35	 6.0144	33.8262	26.6252	 2.44	106.11	0.042	  497.08	 66.31
 181.00	 179.34	 6.0109	33.8285	26.6275	 2.43	105.86	0.042	  497.07	 66.31
 182.00	 180.33	 6.0072	33.8304	26.6295	 2.43	105.57	0.041	  497.08	 66.31
 183.00	 181.32	 6.0048	33.8315	26.6306	 2.42	105.35	0.042	  497.09	 66.31
 184.00	 182.31	 6.0059	33.8310	26.6301	 2.42	105.24	0.041	  497.13	 66.31
 185.00	 183.30	 6.0035	33.8322	26.6314	 2.41	105.02	0.041	  497.15	 66.31
 186.00	 184.29	 6.0015	33.8332	26.6324	 2.41	104.89	0.041	  497.13	 66.31
 187.00	 185.28	 6.0008	33.8337	26.6329	 2.41	104.73	0.042	  497.20	 66.31
 188.00	 186.27	 6.0007	33.8339	26.6331	 2.41	104.66	0.042	  497.22	 66.31
 189.00	 187.27	 6.0004	33.8340	26.6332	 2.40	104.52	0.041	  497.22	 66.31
 190.00	 188.26	 5.9992	33.8346	26.6338	 2.40	104.45	0.041	  497.22	 66.31
 191.00	 189.25	 5.9988	33.8347	26.6340	 2.40	104.25	0.041	  497.22	 66.31
 192.00	 190.24	 5.9944	33.8365	26.6360	 2.39	104.03	0.041	  497.24	 66.31
 193.00	 191.23	 5.9904	33.8382	26.6379	 2.38	103.70	0.041	  497.21	 66.31
 194.00	 192.22	 5.9788	33.8414	26.6418	 2.37	103.16	0.042	  497.23	 66.31
 195.00	 193.21	 5.9635	33.8457	26.6471	 2.36	102.64	0.042	  497.28	 66.30
 196.00	 194.20	 5.9593	33.8461	26.6480	 2.35	102.15	0.041	  497.30	 66.30
 197.00	 195.19	 5.9516	33.8468	26.6495	 2.34	101.92	0.042	  497.31	 66.30
 198.00	 196.18	 5.9487	33.8472	26.6502	 2.34	101.76	0.041	  497.30	 66.30
 199.00	 197.17	 5.9476	33.8471	26.6502	 2.34	101.72	0.041	  497.31	 66.30
 200.00	 198.16	 5.9463	33.8472	26.6505	 2.34	101.68	0.041	  497.32	 66.30
 201.00	 199.15	 5.9465	33.8473	26.6506	 2.34	101.63	0.041	  497.32	 66.30
 202.00	 200.14	 5.9475	33.8470	26.6502	 2.33	101.51	0.042	  497.32	 66.30
 203.00	 201.13	 5.9441	33.8476	26.6512	 2.33	101.35	0.041	  497.31	 66.30
 204.00	 202.12	 5.9419	33.8479	26.6516	 2.33	101.17	0.041	  497.31	 66.30
 205.00	 203.11	 5.9349	33.8486	26.6531	 2.32	100.91	0.042	  497.31	 66.30
 206.00	 204.10	 5.9283	33.8492	26.6544	 2.31	100.39	0.042	  497.32	 66.30
 207.00	 205.09	 5.9034	33.8526	26.6602	 2.30	 99.88	0.041	  497.33	 66.30
 208.00	 206.08	 5.8956	33.8538	26.6621	 2.28	 99.26	0.041	  497.32	 66.30
 209.00	 207.07	 5.8872	33.8546	26.6638	 2.27	 98.79	0.041	  497.35	 66.30
 210.00	 208.06	 5.8857	33.8551	26.6644	 2.26	 98.42	0.041	  497.35	 66.30
 211.00	 209.05	 5.8802	33.8557	26.6656	 2.25	 98.08	0.041	  497.45	 66.30
 212.00	 210.04	 5.8626	33.8577	26.6693	 2.25	 97.72	0.041	  497.43	 66.30
 213.00	 211.03	 5.8621	33.8578	26.6695	 2.23	 97.16	0.042	  497.49	 66.30
 214.00	 212.02	 5.8335	33.8619	26.6762	 2.22	 96.65	0.041	  497.48	 66.30
 215.00	 213.01	 5.8164	33.8631	26.6793	 2.21	 96.10	0.041	  497.51	 66.30
 216.00	 214.00	 5.7976	33.8648	26.6830	 2.19	 95.13	0.042	  497.56	 66.30
 217.00	 214.99	 5.7788	33.8665	26.6866	 2.16	 94.13	0.041	  497.55	 66.30
 218.00	 215.98	 5.7548	33.8711	26.6932	 2.15	 93.41	0.041	  497.56	 66.30
 219.00	 216.97	 5.7483	33.8714	26.6943	 2.13	 92.56	0.041	  497.58	 66.30
 220.00	 217.96	 5.7405	33.8723	26.6959	 2.10	 91.53	0.042	  497.58	 66.30
 221.00	 218.95	 5.6911	33.8826	26.7101	 2.09	 90.70	0.042	  497.65	 66.30
 222.00	 219.94	 5.6770	33.8860	26.7145	 2.07	 89.98	0.042	  497.70	 66.30
 223.00	 220.93	 5.6697	33.8885	26.7174	 2.06	 89.46	0.043	  497.78	 66.30
 224.00	 221.93	 5.6694	33.8886	26.7175	 2.05	 89.03	0.042	  497.79	 66.30
 225.00	 222.92	 5.6715	33.8884	26.7171	 2.04	 88.69	0.041	  497.80	 66.30
 226.00	 223.91	 5.6707	33.8888	26.7175	 2.03	 88.48	0.042	  497.81	 66.30
 227.00	 224.90	 5.6706	33.8890	26.7177	 2.03	 88.33	0.042	  497.81	 66.30
 228.00	 225.89	 5.6707	33.8893	26.7179	 2.03	 88.18	0.042	  497.88	 66.30
 229.00	 226.88	 5.6701	33.8895	26.7182	 2.03	 88.14	0.041	  497.83	 66.30
 230.00	 227.87	 5.6696	33.8895	26.7183	 2.02	 88.05	0.042	  497.81	 66.29
 231.00	 228.86	 5.6679	33.8900	26.7188	 2.02	 87.94	0.042	  497.82	 66.30
 232.00	 229.85	 5.6682	33.8900	26.7188	 2.02	 87.83	0.041	  497.85	 66.30
 233.00	 230.84	 5.6707	33.8906	26.7190	 2.02	 87.67	0.041	  497.84	 66.30
 234.00	 231.83	 5.6703	33.8910	26.7194	 2.01	 87.58	0.042	  497.92	 66.29
 235.00	 232.82	 5.6685	33.8921	26.7205	 2.01	 87.48	0.042	  497.87	 66.30
 236.00	 233.81	 5.6666	33.8924	26.7209	 2.01	 87.46	0.042	  497.89	 66.29
 237.00	 234.80	 5.6672	33.8924	26.7209	 2.01	 87.34	0.041	  497.91	 66.29
 238.00	 235.79	 5.6673	33.8924	26.7209	 2.00	 87.14	0.043	  497.92	 66.29
 239.00	 236.78	 5.6585	33.8949	26.7240	 2.00	 86.95	0.041	  497.94	 66.30
 240.00	 237.77	 5.6514	33.8966	26.7262	 1.99	 86.70	0.041	  497.87	 66.29
 241.00	 238.76	 5.6455	33.8979	26.7280	 1.99	 86.37	0.041	  497.92	 66.29
 242.00	 239.75	 5.6384	33.8997	26.7302	 1.98	 86.20	0.041	  497.96	 66.29
 243.00	 240.74	 5.6409	33.8993	26.7296	 1.98	 86.04	0.041	  498.00	 66.29
 244.00	 241.73	 5.6434	33.8989	26.7290	 1.98	 86.01	0.041	  497.99	 66.29
 245.00	 242.72	 5.6397	33.8994	26.7299	 1.98	 85.94	0.041	  497.99	 66.29
 246.00	 243.71	 5.6397	33.8995	26.7300	 1.97	 85.84	0.041	  498.01	 66.29
 247.00	 244.70	 5.6414	33.8996	26.7298	 1.97	 85.74	0.041	  498.04	 66.30
 248.00	 245.69	 5.6406	33.8997	26.7300	 1.97	 85.62	0.041	  498.01	 66.29
 249.00	 246.68	 5.6339	33.9001	26.7312	 1.97	 85.49	0.041	  498.03	 66.29
 250.00	 247.67	 5.6310	33.9003	26.7317	 1.96	 85.32	0.041	  498.05	 66.29
 251.00	 248.66	 5.6302	33.9004	26.7318	 1.96	 85.21	0.041	  498.03	 66.29
 252.00	 249.65	 5.6285	33.9004	26.7320	 1.96	 85.11	0.041	  498.02	 66.29
 253.00	 250.64	 5.6268	33.9005	26.7324	 1.95	 84.80	0.041	  498.02	 66.29
 254.00	 251.63	 5.6153	33.9011	26.7342	 1.94	 84.42	0.041	  498.05	 66.29
 255.00	 252.62	 5.5924	33.9047	26.7398	 1.93	 84.04	0.041	  498.05	 66.29
 256.00	 253.61	 5.5902	33.9054	26.7407	 1.92	 83.73	0.041	  498.04	 66.29
 257.00	 254.60	 5.5870	33.9060	26.7415	 1.92	 83.47	0.041	  498.05	 66.29
 258.00	 255.59	 5.5830	33.9064	26.7424	 1.91	 83.22	0.041	  498.05	 66.29
 259.00	 256.58	 5.5784	33.9070	26.7434	 1.91	 83.01	0.042	  498.05	 66.29
 260.00	 257.57	 5.5708	33.9074	26.7446	 1.91	 82.86	0.042	  498.06	 66.29
 261.00	 258.56	 5.5678	33.9084	26.7458	 1.90	 82.61	0.041	  498.06	 66.29
 262.00	 259.55	 5.5667	33.9093	26.7466	 1.89	 82.33	0.041	  498.09	 66.29
 263.00	 260.54	 5.5626	33.9101	26.7478	 1.89	 82.07	0.041	  498.07	 66.29
 264.00	 261.53	 5.5595	33.9108	26.7487	 1.88	 81.88	0.041	  498.11	 66.29
 265.00	 262.52	 5.5577	33.9111	26.7492	 1.88	 81.71	0.041	  498.10	 66.29
 266.00	 263.51	 5.5555	33.9111	26.7494	 1.87	 81.51	0.042	  498.12	 66.29
 267.00	 264.50	 5.5485	33.9114	26.7505	 1.87	 81.29	0.042	  498.16	 66.29
 268.00	 265.49	 5.5430	33.9123	26.7519	 1.87	 81.17	0.042	  498.18	 66.29
 269.00	 266.48	 5.5426	33.9123	26.7520	 1.86	 81.03	0.042	  498.16	 66.29
 270.00	 267.47	 5.5416	33.9127	26.7524	 1.86	 80.94	0.042	  498.23	 66.28
 271.00	 268.46	 5.5407	33.9128	26.7526	 1.86	 80.90	0.042	  498.18	 66.29
 272.00	 269.45	 5.5402	33.9130	26.7529	 1.86	 80.78	0.041	  498.24	 66.28
 273.00	 270.44	 5.5385	33.9134	26.7534	 1.85	 80.58	0.041	  498.25	 66.28
 274.00	 271.43	 5.5335	33.9156	26.7557	 1.85	 80.40	0.041	  498.25	 66.28
 275.00	 272.42	 5.5307	33.9167	26.7569	 1.84	 80.21	0.041	  498.21	 66.28
 276.00	 273.41	 5.5276	33.9178	26.7582	 1.84	 80.00	0.041	  498.23	 66.29
 277.00	 274.40	 5.5262	33.9186	26.7590	 1.84	 79.85	0.041	  498.20	 66.28
 278.00	 275.39	 5.5223	33.9196	26.7603	 1.83	 79.69	0.041	  498.26	 66.28
 279.00	 276.38	 5.5204	33.9200	26.7609	 1.83	 79.41	0.041	  498.28	 66.28
 280.00	 277.37	 5.5172	33.9207	26.7618	 1.82	 79.22	0.041	  498.28	 66.29
 281.00	 278.36	 5.5169	33.9208	26.7620	 1.82	 79.17	0.041	  498.29	 66.29
 282.00	 279.35	 5.5124	33.9211	26.7627	 1.82	 79.08	0.041	  498.29	 66.28
 283.00	 280.34	 5.5107	33.9215	26.7632	 1.82	 79.00	0.041	  498.29	 66.28
 284.00	 281.33	 5.5104	33.9215	26.7633	 1.81	 78.90	0.041	  498.29	 66.28
 285.00	 282.32	 5.5074	33.9221	26.7641	 1.81	 78.69	0.041	  498.29	 66.28
 286.00	 283.31	 5.5045	33.9228	26.7650	 1.80	 78.47	0.041	  498.28	 66.28
 287.00	 284.30	 5.4985	33.9260	26.7682	 1.80	 78.28	0.041	  498.29	 66.28
 288.00	 285.29	 5.4978	33.9261	26.7685	 1.80	 78.10	0.041	  498.28	 66.28
 289.00	 286.28	 5.4978	33.9263	26.7686	 1.79	 77.98	0.041	  498.29	 66.28
 290.00	 287.27	 5.4977	33.9265	26.7688	 1.79	 77.87	0.041	  498.29	 66.28
 291.00	 288.26	 5.4971	33.9267	26.7690	 1.79	 77.68	0.041	  498.29	 66.27
 292.00	 289.25	 5.4890	33.9259	26.7694	 1.78	 77.49	0.041	  498.30	 66.27
 293.00	 290.24	 5.4881	33.9260	26.7695	 1.78	 77.41	0.042	  498.29	 66.28
 294.00	 291.23	 5.4851	33.9261	26.7701	 1.78	 77.27	0.041	  498.29	 66.28
 295.00	 292.22	 5.4844	33.9263	26.7703	 1.77	 77.11	0.041	  498.29	 66.27
 296.00	 293.21	 5.4838	33.9264	26.7705	 1.77	 77.13	0.042	  498.30	 66.28
 297.00	 294.20	 5.4832	33.9269	26.7709	 1.77	 77.10	0.042	  498.30	 66.28
 298.00	 295.19	 5.4832	33.9276	26.7715	 1.77	 77.06	0.041	  498.32	 66.27
 299.00	 296.18	 5.4829	33.9285	26.7723	 1.77	 77.04	0.041	  498.30	 66.27
 300.00	 297.17	 5.4848	33.9298	26.7731	 1.77	 76.92	0.041	  498.29	 66.28
 301.00	 298.16	 5.4851	33.9306	26.7737	 1.77	 76.82	0.041	  498.30	 66.28
 302.00	 299.15	 5.4852	33.9318	26.7746	 1.76	 76.73	0.041	  498.32	 66.27
 303.00	 300.14	 5.4858	33.9321	26.7748	 1.76	 76.65	0.041	  498.29	 66.27
 304.00	 301.13	 5.4860	33.9321	26.7747	 1.76	 76.50	0.041	  498.30	 66.27
 305.00	 302.12	 5.4859	33.9326	26.7752	 1.76	 76.37	0.041	  498.32	 66.27
 306.00	 303.11	 5.4799	33.9346	26.7775	 1.75	 76.23	0.042	  498.29	 66.27
 307.00	 304.10	 5.4767	33.9350	26.7782	 1.75	 76.06	0.042	  498.30	 66.27
 308.00	 305.08	 5.4732	33.9364	26.7797	 1.74	 75.80	0.041	  498.30	 66.27
 309.00	 306.07	 5.4591	33.9400	26.7843	 1.73	 75.44	0.041	  498.30	 66.27
 310.00	 307.06	 5.4504	33.9417	26.7867	 1.73	 75.10	0.041	  498.31	 66.28
 311.00	 308.05	 5.4460	33.9422	26.7876	 1.72	 74.79	0.042	  498.33	 66.27
 312.00	 309.04	 5.4360	33.9437	26.7900	 1.71	 74.49	0.042	  498.40	 66.27
 313.00	 310.03	 5.4300	33.9455	26.7921	 1.71	 74.16	0.041	  498.32	 66.27
 314.00	 311.02	 5.4277	33.9462	26.7930	 1.70	 73.92	0.041	  498.43	 66.27
 315.00	 312.01	 5.4246	33.9468	26.7938	 1.70	 73.80	0.042	  498.38	 66.28
 316.00	 313.00	 5.4252	33.9466	26.7936	 1.69	 73.66	0.041	  498.45	 66.28
 317.00	 313.99	 5.4234	33.9469	26.7940	 1.69	 73.44	0.042	  498.46	 66.27
 318.00	 314.98	 5.4158	33.9470	26.7950	 1.68	 73.23	0.041	  498.47	 66.27
 319.00	 315.97	 5.4107	33.9465	26.7953	 1.68	 73.05	0.042	  498.52	 66.27
 320.00	 316.96	 5.4077	33.9461	26.7953	 1.68	 72.96	0.041	  498.51	 66.27
 321.00	 317.95	 5.4075	33.9462	26.7954	 1.67	 72.79	0.041	  498.51	 66.27
 322.00	 318.94	 5.4016	33.9474	26.7971	 1.67	 72.64	0.041	  498.50	 66.27
 323.00	 319.93	 5.3956	33.9489	26.7990	 1.67	 72.48	0.042	  498.53	 66.27
 324.00	 320.92	 5.3926	33.9498	26.8001	 1.66	 72.34	0.041	  498.51	 66.27
 325.00	 321.91	 5.3912	33.9503	26.8006	 1.66	 72.19	0.042	  498.51	 66.27
 326.00	 322.90	 5.3894	33.9506	26.8011	 1.66	 72.00	0.041	  498.53	 66.27
 327.00	 323.89	 5.3887	33.9509	26.8014	 1.65	 71.87	0.041	  498.53	 66.26
 328.00	 324.88	 5.3872	33.9512	26.8019	 1.65	 71.76	0.041	  498.53	 66.27
 329.00	 325.87	 5.3852	33.9518	26.8026	 1.65	 71.71	0.041	  498.53	 66.27
 330.00	 326.86	 5.3845	33.9517	26.8026	 1.65	 71.66	0.042	  498.53	 66.26
 331.00	 327.85	 5.3830	33.9521	26.8031	 1.65	 71.61	0.042	  498.53	 66.26
 332.00	 328.84	 5.3823	33.9522	26.8032	 1.64	 71.50	0.041	  498.53	 66.27
 333.00	 329.83	 5.3821	33.9523	26.8034	 1.64	 71.40	0.041	  498.53	 66.27
 334.00	 330.82	 5.3821	33.9523	26.8034	 1.64	 71.36	0.042	  498.54	 66.27
 335.00	 331.81	 5.3821	33.9525	26.8036	 1.64	 71.30	0.041	  498.54	 66.26
 336.00	 332.80	 5.3822	33.9525	26.8035	 1.64	 71.31	0.041	  498.53	 66.27
 337.00	 333.79	 5.3825	33.9526	26.8036	 1.64	 71.19	0.041	  498.52	 66.27
 338.00	 334.78	 5.3827	33.9532	26.8040	 1.64	 71.19	0.041	  498.53	 66.27
 339.00	 335.77	 5.3831	33.9532	26.8040	 1.64	 71.18	0.041	  498.53	 66.27
 340.00	 336.76	 5.3826	33.9533	26.8041	 1.63	 71.09	0.041	  498.53	 66.26
 341.00	 337.75	 5.3804	33.9538	26.8049	 1.63	 70.96	0.041	  498.54	 66.26
 342.00	 338.74	 5.3772	33.9546	26.8059	 1.63	 70.93	0.042	  498.53	 66.26
 343.00	 339.73	 5.3768	33.9548	26.8061	 1.63	 70.86	0.041	  498.54	 66.26
 344.00	 340.71	 5.3757	33.9548	26.8062	 1.63	 70.72	0.041	  498.55	 66.27
 345.00	 341.70	 5.3698	33.9562	26.8080	 1.62	 70.56	0.041	  498.52	 66.27
 346.00	 342.69	 5.3671	33.9570	26.8090	 1.62	 70.47	0.041	  498.53	 66.26
 347.00	 343.68	 5.3623	33.9595	26.8115	 1.62	 70.32	0.041	  498.53	 66.26
 348.00	 344.67	 5.3611	33.9602	26.8122	 1.61	 70.21	0.041	  498.54	 66.26
 349.00	 345.66	 5.3607	33.9606	26.8126	 1.61	 70.03	0.041	  498.54	 66.26
 350.00	 346.65	 5.3609	33.9613	26.8131	 1.61	 69.89	0.041	  498.53	 66.26
 351.00	 347.64	 5.3585	33.9615	26.8136	 1.60	 69.80	0.041	  498.55	 66.26
 352.00	 348.63	 5.3557	33.9620	26.8144	 1.60	 69.67	0.041	  498.56	 66.26
 353.00	 349.62	 5.3534	33.9627	26.8152	 1.60	 69.56	0.041	  498.53	 66.26
 354.00	 350.61	 5.3528	33.9627	26.8152	 1.60	 69.43	0.041	  498.57	 66.26
 355.00	 351.60	 5.3486	33.9631	26.8161	 1.59	 69.24	0.041	  498.58	 66.26
 356.00	 352.59	 5.3333	33.9655	26.8198	 1.58	 68.93	0.041	  498.56	 66.26
 357.00	 353.58	 5.3197	33.9680	26.8233	 1.58	 68.62	0.041	  498.56	 66.26
 358.00	 354.57	 5.3133	33.9692	26.8251	 1.57	 68.23	0.041	  498.59	 66.26
 359.00	 355.56	 5.3051	33.9701	26.8267	 1.56	 67.88	0.041	  498.56	 66.27
 360.00	 356.55	 5.2950	33.9713	26.8289	 1.55	 67.60	0.041	  498.59	 66.26
 361.00	 357.54	 5.2910	33.9717	26.8297	 1.55	 67.37	0.041	  498.65	 66.26
 362.00	 358.53	 5.2866	33.9724	26.8308	 1.55	 67.20	0.041	  498.70	 66.26
 363.00	 359.52	 5.2847	33.9730	26.8315	 1.54	 67.04	0.041	  498.68	 66.26
 364.00	 360.51	 5.2834	33.9735	26.8320	 1.54	 66.87	0.041	  498.71	 66.26
 365.00	 361.50	 5.2817	33.9739	26.8325	 1.53	 66.73	0.041	  498.75	 66.25
 366.00	 362.49	 5.2765	33.9751	26.8342	 1.52	 66.10	0.041	  498.72	 66.26
 367.00	 363.47	 5.2495	33.9807	26.8417	 1.50	 65.35	0.041	  498.76	 66.26
 368.00	 364.46	 5.2457	33.9815	26.8428	 1.50	 65.04	0.041	  498.78	 66.26
 369.00	 365.45	 5.2420	33.9817	26.8434	 1.49	 64.82	0.041	  498.77	 66.26
 370.00	 366.44	 5.2396	33.9822	26.8441	 1.48	 64.57	0.041	  498.77	 66.26
 371.00	 367.43	 5.2360	33.9828	26.8450	 1.48	 64.33	0.041	  498.78	 66.26
 372.00	 368.42	 5.2322	33.9838	26.8462	 1.47	 64.07	0.041	  498.78	 66.26
 373.00	 369.41	 5.2295	33.9845	26.8471	 1.47	 63.74	0.042	  498.78	 66.26
 374.00	 370.40	 5.2252	33.9859	26.8487	 1.46	 63.56	0.041	  498.78	 66.26
 375.00	 371.39	 5.2256	33.9856	26.8485	 1.46	 63.38	0.041	  498.79	 66.26
 376.00	 372.38	 5.2251	33.9859	26.8487	 1.45	 63.26	0.041	  498.79	 66.26
 377.00	 373.37	 5.2237	33.9866	26.8495	 1.45	 63.17	0.041	  498.81	 66.25
 378.00	 374.36	 5.2229	33.9868	26.8498	 1.45	 63.07	0.041	  498.78	 66.26
 379.00	 375.35	 5.2230	33.9869	26.8498	 1.45	 63.04	0.042	  498.84	 66.26
 380.00	 376.34	 5.2225	33.9871	26.8501	 1.45	 62.92	0.041	  498.81	 66.25
 381.00	 377.33	 5.2209	33.9873	26.8504	 1.45	 62.87	0.041	  498.82	 66.26
 382.00	 378.32	 5.2202	33.9875	26.8507	 1.44	 62.82	0.041	  498.82	 66.25
 383.00	 379.31	 5.2197	33.9875	26.8507	 1.44	 62.68	0.041	  498.81	 66.25
 384.00	 380.30	 5.2195	33.9875	26.8507	 1.44	 62.62	0.041	  498.87	 66.25
 385.00	 381.29	 5.2180	33.9878	26.8511	 1.44	 62.62	0.041	  498.85	 66.25
 386.00	 382.27	 5.2166	33.9878	26.8514	 1.44	 62.51	0.041	  498.80	 66.26
 387.00	 383.26	 5.2128	33.9882	26.8521	 1.43	 62.38	0.041	  498.88	 66.25
 388.00	 384.25	 5.2046	33.9889	26.8536	 1.43	 62.25	0.042	  498.85	 66.25
 389.00	 385.24	 5.2023	33.9888	26.8538	 1.43	 62.19	0.041	  498.86	 66.25
 390.00	 386.23	 5.1968	33.9893	26.8548	 1.43	 62.15	0.041	  498.86	 66.25
 391.00	 387.22	 5.1958	33.9897	26.8553	 1.43	 62.03	0.041	  498.89	 66.25
 392.00	 388.21	 5.1962	33.9892	26.8549	 1.43	 61.99	0.041	  498.89	 66.25
 393.00	 389.20	 5.1912	33.9897	26.8558	 1.42	 61.85	0.042	  498.84	 66.25
 394.00	 390.19	 5.1880	33.9899	26.8564	 1.42	 61.78	0.041	  498.89	 66.25
 395.00	 391.18	 5.1868	33.9902	26.8568	 1.42	 61.61	0.041	  498.89	 66.25
 396.00	 392.17	 5.1817	33.9909	26.8579	 1.41	 61.46	0.041	  498.92	 66.25
 397.00	 393.16	 5.1789	33.9910	26.8583	 1.41	 61.28	0.041	  498.90	 66.25
 398.00	 394.15	 5.1702	33.9923	26.8604	 1.41	 61.15	0.041	  498.94	 66.25
 399.00	 395.14	 5.1687	33.9927	26.8609	 1.40	 61.04	0.042	  498.95	 66.25
 400.00	 396.13	 5.1681	33.9930	26.8612	 1.40	 60.86	0.041	  498.94	 66.25
 401.00	 397.12	 5.1675	33.9930	26.8613	 1.40	 60.82	0.041	  498.93	 66.25
 402.00	 398.11	 5.1670	33.9932	26.8615	 1.40	 60.78	0.041	  498.94	 66.25
 403.00	 399.09	 5.1668	33.9933	26.8616	 1.39	 60.65	0.041	  498.92	 66.25
 404.00	 400.08	 5.1663	33.9933	26.8617	 1.39	 60.58	0.041	  499.00	 66.25
 405.00	 401.07	 5.1655	33.9935	26.8620	 1.39	 60.56	0.041	  498.99	 66.25
 406.00	 402.06	 5.1640	33.9940	26.8625	 1.39	 60.48	0.041	  498.97	 66.25
 407.00	 403.05	 5.1612	33.9942	26.8630	 1.39	 60.38	0.041	  498.98	 66.25
 408.00	 404.04	 5.1589	33.9948	26.8638	 1.38	 60.22	0.041	  498.97	 66.25
 409.00	 405.03	 5.1535	33.9954	26.8649	 1.38	 60.09	0.041	  499.00	 66.25
 410.00	 406.02	 5.1480	33.9966	26.8665	 1.38	 59.92	0.041	  499.00	 66.25
 411.00	 407.01	 5.1472	33.9966	26.8665	 1.37	 59.71	0.041	  498.97	 66.25
 412.00	 408.00	 5.1437	33.9973	26.8675	 1.37	 59.58	0.041	  498.99	 66.25
 413.00	 408.99	 5.1414	33.9978	26.8682	 1.37	 59.42	0.041	  499.01	 66.25
 414.00	 409.98	 5.1406	33.9980	26.8685	 1.36	 59.27	0.041	  498.98	 66.25
 415.00	 410.97	 5.1392	33.9982	26.8688	 1.36	 59.11	0.041	  499.01	 66.24
 416.00	 411.96	 5.1318	33.9997	26.8708	 1.36	 58.96	0.041	  499.02	 66.24
 417.00	 412.94	 5.1233	34.0013	26.8731	 1.35	 58.77	0.041	  499.00	 66.25
 418.00	 413.93	 5.1213	34.0017	26.8736	 1.35	 58.66	0.041	  498.99	 66.24
 419.00	 414.92	 5.1162	34.0025	26.8749	 1.34	 58.41	0.042	  499.02	 66.25
 420.00	 415.91	 5.1116	34.0032	26.8760	 1.34	 58.24	0.042	  499.02	 66.24
 421.00	 416.90	 5.1053	34.0046	26.8778	 1.33	 58.06	0.041	  499.01	 66.24
 422.00	 417.89	 5.0993	34.0060	26.8796	 1.33	 57.85	0.041	  499.02	 66.24
 423.00	 418.88	 5.0970	34.0066	26.8804	 1.32	 57.33	0.041	  499.02	 66.24
 424.00	 419.87	 5.0830	34.0096	26.8844	 1.31	 57.03	0.041	  499.02	 66.24
 425.00	 420.86	 5.0785	34.0104	26.8855	 1.30	 56.69	0.040	  499.02	 66.25
 426.00	 421.85	 5.0699	34.0125	26.8882	 1.30	 56.53	0.041	  499.02	 66.25
 427.00	 422.84	 5.0690	34.0127	26.8885	 1.29	 56.30	0.041	  499.02	 66.25
 428.00	 423.83	 5.0620	34.0142	26.8905	 1.29	 56.11	0.041	  499.05	 66.24
 429.00	 424.82	 5.0587	34.0146	26.8912	 1.28	 55.88	0.041	  499.03	 66.24
 430.00	 425.81	 5.0499	34.0167	26.8939	 1.28	 55.58	0.041	  499.07	 66.24
 431.00	 426.79	 5.0431	34.0182	26.8958	 1.27	 55.27	0.041	  499.08	 66.24
 432.00	 427.78	 5.0420	34.0186	26.8962	 1.27	 55.12	0.041	  499.08	 66.24
 433.00	 428.77	 5.0419	34.0186	26.8963	 1.26	 54.99	0.041	  499.15	 66.24
 434.00	 429.76	 5.0418	34.0186	26.8963	 1.26	 54.96	0.041	  499.18	 66.24
 435.00	 430.75	 5.0409	34.0188	26.8966	 1.26	 54.85	0.041	  499.18	 66.24
 436.00	 431.74	 5.0404	34.0191	26.8969	 1.26	 54.78	0.041	  499.14	 66.24
 437.00	 432.73	 5.0405	34.0192	26.8969	 1.26	 54.60	0.041	  499.18	 66.24
 438.00	 433.72	 5.0394	34.0195	26.8973	 1.25	 54.38	0.041	  499.13	 66.24
 439.00	 434.71	 5.0327	34.0212	26.8994	 1.25	 54.24	0.042	  499.18	 66.24
 440.00	 435.70	 5.0292	34.0219	26.9004	 1.25	 54.17	0.042	  499.16	 66.24
 441.00	 436.69	 5.0273	34.0223	26.9009	 1.24	 54.05	0.041	  499.22	 66.24
 442.00	 437.68	 5.0261	34.0225	26.9012	 1.24	 53.93	0.042	  499.22	 66.24
 443.00	 438.66	 5.0225	34.0233	26.9023	 1.24	 53.82	0.041	  499.24	 66.24
 444.00	 439.65	 5.0214	34.0236	26.9027	 1.24	 53.72	0.041	  499.22	 66.24
 445.00	 440.64	 5.0211	34.0236	26.9027	 1.23	 53.66	0.041	  499.27	 66.24
 446.00	 441.63	 5.0199	34.0241	26.9033	 1.23	 53.62	0.041	  499.26	 66.24
 447.00	 442.62	 5.0196	34.0244	26.9035	 1.23	 53.59	0.042	  499.21	 66.24
 448.00	 443.61	 5.0195	34.0244	26.9036	 1.23	 53.52	0.042	  499.24	 66.24
 449.00	 444.60	 5.0192	34.0246	26.9038	 1.23	 53.47	0.041	  499.22	 66.24
 450.00	 445.59	 5.0191	34.0246	26.9038	 1.23	 53.36	0.041	  499.23	 66.24
 451.00	 446.58	 5.0175	34.0253	26.9045	 1.22	 53.21	0.041	  499.26	 66.24
 452.00	 447.57	 5.0133	34.0263	26.9058	 1.22	 53.12	0.041	  499.27	 66.24
 453.00	 448.56	 5.0113	34.0272	26.9068	 1.22	 53.09	0.041	  499.27	 66.24
 454.00	 449.55	 5.0111	34.0273	26.9069	 1.22	 52.93	0.041	  499.24	 66.23
 455.00	 450.53	 5.0104	34.0274	26.9071	 1.22	 52.90	0.041	  499.27	 66.24
 456.00	 451.52	 5.0099	34.0276	26.9072	 1.21	 52.76	0.041	  499.25	 66.24
 457.00	 452.51	 5.0068	34.0282	26.9081	 1.21	 52.71	0.041	  499.25	 66.24
 458.00	 453.50	 5.0068	34.0282	26.9081	 1.21	 52.55	0.041	  499.27	 66.24
 459.00	 454.49	 5.0060	34.0285	26.9085	 1.21	 52.46	0.041	  499.25	 66.24
 460.00	 455.48	 5.0033	34.0290	26.9092	 1.20	 52.39	0.042	  499.27	 66.24
 461.00	 456.47	 4.9963	34.0303	26.9110	 1.20	 52.32	0.041	  499.26	 66.24
 462.00	 457.46	 4.9930	34.0310	26.9119	 1.20	 52.21	0.041	  499.27	 66.24
 463.00	 458.45	 4.9908	34.0313	26.9125	 1.20	 52.04	0.041	  499.27	 66.23
 464.00	 459.44	 4.9902	34.0315	26.9127	 1.19	 51.92	0.041	  499.27	 66.24
 465.00	 460.42	 4.9829	34.0330	26.9147	 1.19	 51.77	0.041	  499.26	 66.24
 466.00	 461.41	 4.9790	34.0341	26.9160	 1.19	 51.66	0.041	  499.27	 66.24
 467.00	 462.40	 4.9786	34.0341	26.9160	 1.18	 51.48	0.041	  499.27	 66.24
 468.00	 463.39	 4.9770	34.0346	26.9167	 1.18	 51.19	0.041	  499.27	 66.24
 469.00	 464.38	 4.9624	34.0379	26.9209	 1.17	 50.71	0.042	  499.27	 66.23
 470.00	 465.37	 4.9357	34.0446	26.9293	 1.15	 50.07	0.041	  499.27	 66.23
 471.00	 466.36	 4.9259	34.0469	26.9322	 1.13	 49.26	0.041	  499.27	 66.24
 472.00	 467.35	 4.9082	34.0503	26.9369	 1.12	 48.55	0.041	  499.27	 66.24
 473.00	 468.34	 4.8776	34.0574	26.9460	 1.11	 48.08	0.041	  499.28	 66.23
 474.00	 469.33	 4.8731	34.0585	26.9474	 1.10	 47.72	0.040	  499.29	 66.24
 475.00	 470.32	 4.8714	34.0590	26.9480	 1.09	 47.25	0.040	  499.31	 66.24
 476.00	 471.30	 4.8655	34.0601	26.9495	 1.07	 46.70	0.041	  499.34	 66.24
 477.00	 472.29	 4.8487	34.0631	26.9538	 1.06	 46.16	0.041	  499.42	 66.24
 478.00	 473.28	 4.8342	34.0663	26.9579	 1.05	 45.72	0.041	  499.39	 66.24
 479.00	 474.27	 4.8290	34.0669	26.9590	 1.04	 45.19	0.040	  499.44	 66.23
 480.00	 475.26	 4.8104	34.0699	26.9634	 1.03	 44.63	0.041	  499.47	 66.23
 481.00	 476.25	 4.7976	34.0728	26.9672	 1.02	 44.22	0.040	  499.48	 66.24
 482.00	 477.24	 4.7895	34.0743	26.9693	 1.00	 43.69	0.040	  499.49	 66.24
 483.00	 478.23	 4.7834	34.0754	26.9709	 1.00	 43.27	0.041	  499.50	 66.23
 484.00	 479.22	 4.7773	34.0768	26.9727	 0.98	 42.79	0.041	  499.51	 66.24
 485.00	 480.20	 4.7684	34.0788	26.9753	 0.97	 42.29	0.041	  499.51	 66.23
 486.00	 481.19	 4.7597	34.0806	26.9776	 0.96	 41.82	0.041	  499.51	 66.23
 487.00	 482.18	 4.7526	34.0823	26.9798	 0.94	 41.08	0.040	  499.53	 66.24
 488.00	 483.17	 4.7223	34.0879	26.9876	 0.92	 40.10	0.040	  499.56	 66.24
 489.00	 484.16	 4.6834	34.0952	26.9977	 0.90	 39.11	0.041	  499.56	 66.24
 490.00	 485.15	 4.6351	34.1079	27.0131	 0.88	 38.25	0.040	  499.58	 66.24
 491.00	 486.14	 4.6178	34.1128	27.0189	 0.86	 37.58	0.040	  499.60	 66.24
 492.00	 487.13	 4.6121	34.1142	27.0206	 0.85	 36.89	0.041	  499.64	 66.24
 493.00	 488.12	 4.6040	34.1154	27.0224	 0.83	 36.18	0.041	  499.74	 66.23
 494.00	 489.11	 4.5868	34.1194	27.0275	 0.82	 35.55	0.041	  499.75	 66.24
 495.00	 490.09	 4.5831	34.1198	27.0282	 0.80	 34.99	0.041	  499.76	 66.24
 496.00	 491.08	 4.5789	34.1209	27.0296	 0.79	 34.56	0.041	  499.76	 66.24
 497.00	 492.07	 4.5719	34.1228	27.0318	 0.79	 34.22	0.041	  499.79	 66.24
 498.00	 493.06	 4.5620	34.1261	27.0355	 0.78	 33.95	0.041	  499.79	 66.24
 499.00	 494.05	 4.5559	34.1280	27.0377	 0.77	 33.53	0.041	  499.79	 66.24
 500.00	 495.04	 4.5428	34.1314	27.0418	 0.76	 33.10	0.042	  499.81	 66.24
 501.00	 496.03	 4.5362	34.1329	27.0438	 0.75	 32.82	0.041	  499.84	 66.24
 502.00	 497.02	 4.5316	34.1341	27.0452	 0.75	 32.58	0.041	  499.86	 66.24
 503.00	 498.01	 4.5261	34.1358	27.0471	 0.75	 32.44	0.041	  499.85	 66.24
 504.00	 498.99	 4.5232	34.1369	27.0483	 0.74	 32.30	0.041	  499.87	 66.24
 505.00	 499.98	 4.5232	34.1370	27.0484	 0.74	 32.14	0.041	  499.87	 66.24
 506.00	 500.97	 4.5215	34.1374	27.0490	 0.74	 32.00	0.040	  499.93	 66.24
 507.00	 501.96	 4.5181	34.1386	27.0503	 0.73	 31.90	0.041	  499.91	 66.24
 508.00	 502.95	 4.5172	34.1389	27.0506	 0.73	 31.83	0.041	  499.93	 66.24
 509.00	 503.94	 4.5162	34.1392	27.0510	 0.73	 31.75	0.041	  499.93	 66.24
 510.00	 504.93	 4.5155	34.1395	27.0513	 0.73	 31.66	0.041	  499.95	 66.23
 511.00	 505.92	 4.5145	34.1399	27.0517	 0.73	 31.61	0.041	  499.96	 66.23
 512.00	 506.91	 4.5143	34.1399	27.0517	 0.73	 31.60	0.042	  499.95	 66.23
 513.00	 507.89	 4.5140	34.1401	27.0520	 0.73	 31.59	0.041	  499.97	 66.24
 514.00	 508.88	 4.5146	34.1400	27.0518	 0.73	 31.54	0.041	  499.99	 66.23
 515.00	 509.87	 4.5130	34.1403	27.0523	 0.72	 31.49	0.040	  499.94	 66.23
 516.00	 510.86	 4.5099	34.1412	27.0533	 0.72	 31.46	0.042	  499.99	 66.23
 517.00	 511.85	 4.5101	34.1412	27.0533	 0.72	 31.43	0.040	  499.96	 66.24
 518.00	 512.84	 4.5097	34.1412	27.0534	 0.72	 31.36	0.040	  500.00	 66.23
 519.00	 513.83	 4.5096	34.1412	27.0534	 0.72	 31.29	0.041	  499.98	 66.23
 520.00	 514.82	 4.5099	34.1412	27.0534	 0.72	 31.29	0.040	  499.99	 66.23
 521.00	 515.80	 4.5102	34.1411	27.0533	 0.72	 31.24	0.041	  499.99	 66.23
 522.00	 516.79	 4.5098	34.1412	27.0534	 0.72	 31.24	0.042	  499.97	 66.23
 523.00	 517.78	 4.5094	34.1414	27.0536	 0.72	 31.19	0.042	  500.00	 66.23
 524.00	 518.77	 4.5116	34.1409	27.0530	 0.72	 31.18	0.041	  499.98	 66.23
 525.00	 519.76	 4.5116	34.1409	27.0530	 0.72	 31.20	0.042	  499.96	 66.22
 526.00	 520.75	 4.5102	34.1412	27.0534	 0.72	 31.20	0.042	  499.98	 66.23
 527.00	 521.74	 4.5100	34.1413	27.0535	 0.72	 31.22	0.040	  499.98	 66.23
 528.00	 522.73	 4.5095	34.1415	27.0537	 0.72	 31.20	0.041	  499.98	 66.23
 529.00	 523.71	 4.5095	34.1415	27.0537	 0.72	 31.20	0.041	  499.98	 66.23
 530.00	 524.70	 4.5093	34.1415	27.0538	 0.72	 31.17	0.041	  499.96	 66.23
 531.00	 525.69	 4.5094	34.1415	27.0537	 0.72	 31.17	0.041	  499.97	 66.23
 532.00	 526.68	 4.5091	34.1416	27.0539	 0.72	 31.15	0.041	  500.00	 66.23
 533.00	 527.67	 4.5092	34.1415	27.0538	 0.72	 31.12	0.041	  499.97	 66.22
 534.00	 528.66	 4.5088	34.1417	27.0540	 0.72	 31.10	0.040	  499.98	 66.23
 535.00	 529.65	 4.5090	34.1415	27.0538	 0.72	 31.09	0.040	  499.98	 66.22
 536.00	 530.64	 4.5089	34.1418	27.0540	 0.71	 31.05	0.041	  499.99	 66.22
 537.00	 531.62	 4.5094	34.1417	27.0539	 0.71	 31.07	0.041	  499.98	 66.22
 538.00	 532.61	 4.5097	34.1415	27.0538	 0.71	 31.04	0.040	  500.00	 66.23
 539.00	 533.60	 4.5099	34.1415	27.0538	 0.71	 31.03	0.041	  499.98	 66.23
 540.00	 534.59	 4.5102	34.1414	27.0536	 0.71	 30.99	0.041	  500.00	 66.22
 541.00	 535.58	 4.5081	34.1419	27.0543	 0.71	 30.97	0.041	  500.00	 66.22
 542.00	 536.57	 4.5076	34.1421	27.0545	 0.71	 30.88	0.041	  499.98	 66.22
 543.00	 537.56	 4.5062	34.1426	27.0550	 0.71	 30.82	0.042	  499.98	 66.22
 544.00	 538.55	 4.5060	34.1426	27.0551	 0.71	 30.80	0.042	  499.98	 66.22
 545.00	 539.53	 4.5052	34.1426	27.0552	 0.71	 30.76	0.041	  499.97	 66.22
 546.00	 540.52	 4.5044	34.1427	27.0553	 0.70	 30.62	0.042	  500.00	 66.23
 547.00	 541.51	 4.4978	34.1443	27.0574	 0.70	 30.55	0.042	  499.99	 66.22
 548.00	 542.50	 4.5011	34.1436	27.0564	 0.70	 30.55	0.041	  499.99	 66.22
 549.00	 543.49	 4.5045	34.1429	27.0555	 0.70	 30.45	0.040	  500.00	 66.22
 550.00	 544.48	 4.5036	34.1431	27.0558	 0.70	 30.43	0.041	  500.00	 66.22
 551.00	 545.47	 4.4992	34.1442	27.0572	 0.70	 30.26	0.041	  500.00	 66.22
 552.00	 546.45	 4.4973	34.1446	27.0577	 0.69	 30.18	0.040	  499.98	 66.22
 553.00	 547.44	 4.4995	34.1441	27.0570	 0.69	 30.13	0.040	  500.00	 66.22
 554.00	 548.43	 4.4996	34.1441	27.0570	 0.69	 30.13	0.041	  500.00	 66.22
 555.00	 549.42	 4.5022	34.1436	27.0564	 0.69	 30.12	0.041	  500.00	 66.22
 556.00	 550.41	 4.5005	34.1441	27.0570	 0.69	 30.06	0.041	  499.99	 66.22
 557.00	 551.40	 4.4998	34.1442	27.0571	 0.69	 30.01	0.042	  500.00	 66.21
 558.00	 552.39	 4.4990	34.1445	27.0575	 0.69	 29.96	0.040	  500.00	 66.22
 559.00	 553.37	 4.4982	34.1447	27.0578	 0.69	 29.92	0.041	  500.00	 66.21
 560.00	 554.36	 4.4966	34.1450	27.0581	 0.69	 29.90	0.040	  500.00	 66.21
 561.00	 555.35	 4.4961	34.1453	27.0584	 0.69	 29.85	0.040	  500.00	 66.22
 562.00	 556.34	 4.4952	34.1455	27.0587	 0.69	 29.88	0.040	  500.00	 66.22
 563.00	 557.33	 4.4948	34.1456	27.0588	 0.69	 29.87	0.041	  500.00	 66.21
 564.00	 558.32	 4.4947	34.1456	27.0588	 0.69	 29.93	0.041	  500.00	 66.21
 565.00	 559.31	 4.4934	34.1455	27.0589	 0.69	 29.95	0.041	  500.00	 66.21
 566.00	 560.30	 4.4846	34.1476	27.0615	 0.69	 30.03	0.041	  499.99	 66.21
 567.00	 561.28	 4.4692	34.1515	27.0663	 0.69	 30.10	0.041	  500.00	 66.21
 568.00	 562.27	 4.4634	34.1527	27.0679	 0.69	 29.95	0.041	  500.00	 66.22
 569.00	 563.26	 4.4559	34.1547	27.0703	 0.68	 29.69	0.041	  500.00	 66.21
 570.00	 564.25	 4.4516	34.1560	27.0718	 0.68	 29.53	0.041	  500.00	 66.21
 571.00	 565.24	 4.4491	34.1569	27.0728	 0.68	 29.37	0.041	  500.00	 66.21
 572.00	 566.23	 4.4481	34.1571	27.0731	 0.67	 29.24	0.042	  500.00	 66.22
 573.00	 567.22	 4.4480	34.1572	27.0732	 0.67	 29.12	0.042	  499.99	 66.21
 574.00	 568.20	 4.4472	34.1574	27.0734	 0.67	 29.04	0.041	  500.00	 66.22
 575.00	 569.19	 4.4467	34.1575	27.0735	 0.66	 28.90	0.041	  500.00	 66.21
 576.00	 570.18	 4.4430	34.1583	27.0746	 0.66	 28.78	0.041	  500.00	 66.22
 577.00	 571.17	 4.4405	34.1590	27.0754	 0.66	 28.74	0.041	  500.00	 66.21
 578.00	 572.16	 4.4403	34.1589	27.0754	 0.66	 28.75	0.041	  500.00	 66.21
 579.00	 573.15	 4.4392	34.1590	27.0756	 0.66	 28.78	0.041	  500.00	 66.21
 580.00	 574.13	 4.4388	34.1592	27.0758	 0.66	 28.77	0.041	  500.00	 66.21
 581.00	 575.12	 4.4392	34.1592	27.0758	 0.66	 28.76	0.041	  500.00	 66.21
 582.00	 576.11	 4.4401	34.1590	27.0755	 0.66	 28.77	0.041	  500.00	 66.21
 583.00	 577.10	 4.4392	34.1593	27.0759	 0.66	 28.74	0.041	  500.00	 66.21
 584.00	 578.09	 4.4339	34.1605	27.0774	 0.66	 28.75	0.040	  500.00	 66.21
 585.00	 579.08	 4.4336	34.1608	27.0777	 0.66	 28.68	0.040	  500.00	 66.21
 586.00	 580.07	 4.4339	34.1609	27.0777	 0.66	 28.64	0.040	  500.00	 66.21
 587.00	 581.05	 4.4337	34.1607	27.0776	 0.66	 28.58	0.041	  500.00	 66.21
 588.00	 582.04	 4.4332	34.1610	27.0779	 0.66	 28.55	0.041	  500.00	 66.21
 589.00	 583.03	 4.4340	34.1606	27.0775	 0.65	 28.48	0.041	  500.00	 66.21
 590.00	 584.02	 4.4352	34.1604	27.0772	 0.66	 28.51	0.041	  500.00	 66.20
 591.00	 585.01	 4.4347	34.1605	27.0773	 0.65	 28.39	0.042	  500.00	 66.21
 592.00	 586.00	 4.4281	34.1623	27.0795	 0.65	 28.28	0.042	  500.00	 66.20
 593.00	 586.98	 4.4227	34.1635	27.0811	 0.65	 28.23	0.040	  500.00	 66.20
 594.00	 587.97	 4.4148	34.1653	27.0833	 0.65	 28.25	0.040	  500.00	 66.20
 595.00	 588.96	 4.4131	34.1657	27.0838	 0.65	 28.10	0.040	  500.00	 66.21
 596.00	 589.95	 4.4117	34.1661	27.0843	 0.65	 28.09	0.040	  500.00	 66.21
 597.00	 590.94	 4.4087	34.1668	27.0852	 0.64	 28.03	0.041	  500.00	 66.20
 598.00	 591.93	 4.4015	34.1684	27.0872	 0.64	 27.99	0.041	  500.00	 66.21
 599.00	 592.92	 4.4002	34.1686	27.0876	 0.64	 27.99	0.041	  500.00	 66.20
 600.00	 593.90	 4.3998	34.1686	27.0876	 0.64	 28.04	0.041	  500.00	 66.20
 601.00	 594.89	 4.3980	34.1690	27.0881	 0.64	 28.03	0.041	  500.00	 66.20
 602.00	 595.88	 4.3989	34.1688	27.0878	 0.64	 28.02	0.041	  500.00	 66.20
 603.00	 596.87	 4.3978	34.1691	27.0882	 0.65	 28.05	0.041	  500.00	 66.20
 604.00	 597.86	 4.3976	34.1692	27.0883	 0.64	 28.01	0.042	  500.00	 66.20
 605.00	 598.85	 4.3977	34.1691	27.0883	 0.64	 28.04	0.042	  500.00	 66.20
 606.00	 599.83	 4.3977	34.1692	27.0884	 0.64	 28.02	0.041	  500.00	 66.20
 607.00	 600.82	 4.3977	34.1693	27.0884	 0.64	 28.00	0.041	  500.00	 66.20
 608.00	 601.81	 4.3978	34.1693	27.0884	 0.64	 27.97	0.041	  500.00	 66.19
 609.00	 602.80	 4.3979	34.1694	27.0885	 0.64	 27.96	0.040	  500.00	 66.20
 610.00	 603.79	 4.3983	34.1692	27.0883	 0.64	 27.87	0.040	  500.00	 66.20
 611.00	 604.78	 4.3985	34.1692	27.0883	 0.64	 27.79	0.040	  500.00	 66.20
 612.00	 605.76	 4.3970	34.1697	27.0889	 0.64	 27.70	0.040	  500.00	 66.20
 613.00	 606.75	 4.3960	34.1700	27.0892	 0.63	 27.58	0.040	  500.00	 66.20
 614.00	 607.74	 4.3934	34.1708	27.0902	 0.63	 27.50	0.041	  500.00	 66.19
 615.00	 608.73	 4.3915	34.1713	27.0907	 0.63	 27.37	0.041	  500.00	 66.19
 616.00	 609.72	 4.3890	34.1719	27.0915	 0.63	 27.39	0.040	  500.00	 66.20
 617.00	 610.71	 4.3829	34.1727	27.0928	 0.63	 27.40	0.041	  500.00	 66.19
 618.00	 611.69	 4.3641	34.1769	27.0981	 0.63	 27.37	0.041	  500.00	 66.19
 619.00	 612.68	 4.3555	34.1786	27.1004	 0.63	 27.36	0.040	  500.00	 66.19
 620.00	 613.67	 4.3482	34.1804	27.1026	 0.63	 27.30	0.041	  500.00	 66.19
 621.00	 614.66	 4.3412	34.1814	27.1042	 0.63	 27.26	0.042	  500.00	 66.19
 622.00	 615.65	 4.3358	34.1827	27.1058	 0.63	 27.18	0.041	  500.00	 66.19
 623.00	 616.64	 4.3336	34.1831	27.1063	 0.62	 27.11	0.040	  500.00	 66.19
 624.00	 617.62	 4.3292	34.1843	27.1077	 0.62	 27.09	0.042	  500.00	 66.19
 625.00	 618.61	 4.3296	34.1843	27.1077	 0.62	 27.05	0.041	  500.00	 66.19
 626.00	 619.60	 4.3304	34.1841	27.1075	 0.62	 27.04	0.041	  500.00	 66.19
 627.00	 620.59	 4.3288	34.1846	27.1081	 0.62	 27.00	0.040	  500.00	 66.19
 628.00	 621.58	 4.3289	34.1846	27.1080	 0.62	 26.99	0.042	  500.00	 66.19
 629.00	 622.57	 4.3252	34.1854	27.1091	 0.62	 26.87	0.041	  500.00	 66.19
 630.00	 623.55	 4.3273	34.1850	27.1086	 0.62	 26.87	0.040	  500.00	 66.19
 631.00	 624.54	 4.3301	34.1844	27.1078	 0.62	 26.86	0.041	  500.00	 66.19
 632.00	 625.53	 4.3329	34.1838	27.1070	 0.62	 26.90	0.041	  500.00	 66.19
 633.00	 626.52	 4.3303	34.1845	27.1079	 0.62	 26.88	0.041	  500.00	 66.19
 634.00	 627.51	 4.3283	34.1850	27.1085	 0.62	 26.86	0.041	  500.00	 66.19
 635.00	 628.50	 4.3287	34.1849	27.1084	 0.62	 26.82	0.042	  500.00	 66.19
 636.00	 629.48	 4.3266	34.1856	27.1092	 0.62	 26.86	0.041	  500.00	 66.19
 637.00	 630.47	 4.3272	34.1850	27.1086	 0.62	 26.83	0.040	  500.00	 66.18
 638.00	 631.46	 4.3279	34.1844	27.1081	 0.62	 26.80	0.041	  500.00	 66.19
 639.00	 632.45	 4.3205	34.1866	27.1106	 0.61	 26.62	0.041	  500.00	 66.19
 640.00	 633.44	 4.3078	34.1900	27.1147	 0.61	 26.48	0.041	  500.00	 66.19
 641.00	 634.42	 4.3095	34.1895	27.1141	 0.61	 26.42	0.040	  500.00	 66.19
 642.00	 635.41	 4.3112	34.1890	27.1135	 0.61	 26.33	0.041	  500.00	 66.19
 643.00	 636.40	 4.3031	34.1913	27.1163	 0.60	 26.26	0.041	  500.00	 66.19
 644.00	 637.39	 4.3058	34.1906	27.1154	 0.60	 26.17	0.041	  500.00	 66.19
 645.00	 638.38	 4.3086	34.1898	27.1145	 0.60	 26.10	0.041	  500.00	 66.19
 646.00	 639.37	 4.3028	34.1909	27.1159	 0.60	 25.99	0.041	  500.00	 66.19
 647.00	 640.35	 4.2890	34.1946	27.1203	 0.59	 25.81	0.040	  500.00	 66.19
 648.00	 641.34	 4.2810	34.1962	27.1225	 0.59	 25.60	0.040	  500.00	 66.19
 649.00	 642.33	 4.2711	34.1987	27.1255	 0.58	 25.42	0.041	  500.00	 66.19
 650.00	 643.32	 4.2638	34.2000	27.1273	 0.58	 25.29	0.040	  500.00	 66.19
 651.00	 644.31	 4.2565	34.2013	27.1291	 0.58	 25.14	0.041	  500.00	 66.19
 652.00	 645.29	 4.2570	34.2009	27.1288	 0.58	 25.10	0.042	  500.00	 66.19
 653.00	 646.28	 4.2503	34.2022	27.1306	 0.58	 25.03	0.042	  500.00	 66.19
 654.00	 647.27	 4.2470	34.2028	27.1313	 0.57	 24.92	0.042	  500.00	 66.19
 655.00	 648.26	 4.2435	34.2026	27.1316	 0.57	 24.90	0.042	  500.00	 66.19
 656.00	 649.25	 4.2431	34.2031	27.1320	 0.57	 24.91	0.042	  500.00	 66.18
 657.00	 650.24	 4.2451	34.2026	27.1314	 0.57	 24.91	0.041	  500.00	 66.18
 658.00	 651.22	 4.2279	34.2041	27.1344	 0.57	 24.92	0.041	  500.00	 66.18
 659.00	 652.21	 4.2132	34.2071	27.1384	 0.57	 24.88	0.041	  500.00	 66.19
 660.00	 653.20	 4.2173	34.2065	27.1374	 0.57	 24.80	0.040	  500.00	 66.18
 661.00	 654.19	 4.2214	34.2058	27.1365	 0.57	 24.78	0.042	  500.00	 66.18
 662.00	 655.18	 4.2231	34.2059	27.1364	 0.57	 24.81	0.041	  500.00	 66.18
 663.00	 656.16	 4.2264	34.2054	27.1356	 0.57	 24.79	0.041	  500.00	 66.18
 664.00	 657.15	 4.2296	34.2048	27.1349	 0.57	 24.77	0.042	  500.00	 66.18
 665.00	 658.14	 4.2194	34.2060	27.1369	 0.57	 24.75	0.041	  500.00	 66.18
 666.00	 659.13	 4.2133	34.2072	27.1385	 0.57	 24.72	0.041	  500.00	 66.18
 667.00	 660.12	 4.2125	34.2074	27.1387	 0.57	 24.72	0.040	  500.00	 66.18
 668.00	 661.11	 4.2133	34.2072	27.1385	 0.57	 24.71	0.040	  500.00	 66.18
 669.00	 662.09	 4.2129	34.2073	27.1386	 0.57	 24.71	0.040	  500.00	 66.18
 670.00	 663.08	 4.2112	34.2076	27.1391	 0.57	 24.71	0.042	  500.00	 66.17
 671.00	 664.07	 4.2082	34.2082	27.1398	 0.57	 24.70	0.041	  500.00	 66.18
 672.00	 665.06	 4.2064	34.2084	27.1402	 0.57	 24.69	0.040	  500.00	 66.18
 673.00	 666.05	 4.2047	34.2088	27.1407	 0.57	 24.64	0.040	  500.00	 66.17
 674.00	 667.03	 4.2040	34.2088	27.1408	 0.57	 24.66	0.040	  500.00	 66.18
 675.00	 668.02	 4.2036	34.2088	27.1408	 0.57	 24.64	0.041	  500.00	 66.17
 676.00	 669.01	 4.2034	34.2088	27.1409	 0.57	 24.59	0.041	  500.00	 66.18
 677.00	 670.00	 4.2025	34.2089	27.1410	 0.57	 24.60	0.040	  500.00	 66.18
 678.00	 670.99	 4.2016	34.2090	27.1412	 0.57	 24.62	0.040	  500.00	 66.18
 679.00	 671.97	 4.2008	34.2091	27.1414	 0.57	 24.62	0.040	  500.00	 66.17
 680.00	 672.96	 4.2008	34.2091	27.1414	 0.57	 24.67	0.040	  500.00	 66.17
 681.00	 673.95	 4.2005	34.2092	27.1415	 0.57	 24.65	0.040	  500.00	 66.18
 682.00	 674.94	 4.1974	34.2096	27.1421	 0.57	 24.63	0.041	  500.00	 66.17
 683.00	 675.93	 4.1954	34.2099	27.1426	 0.57	 24.65	0.041	  500.00	 66.17
 684.00	 676.91	 4.1936	34.2101	27.1430	 0.57	 24.62	0.041	  500.00	 66.17
 685.00	 677.90	 4.1916	34.2102	27.1433	 0.57	 24.63	0.041	  500.00	 66.17
 686.00	 678.89	 4.1819	34.2117	27.1455	 0.57	 24.63	0.041	  500.00	 66.17
 687.00	 679.88	 4.1782	34.2122	27.1463	 0.57	 24.62	0.041	  500.00	 66.17
 688.00	 680.87	 4.1759	34.2126	27.1469	 0.57	 24.62	0.040	  500.00	 66.17
 689.00	 681.85	 4.1761	34.2126	27.1469	 0.57	 24.61	0.040	  500.00	 66.17
 690.00	 682.84	 4.1800	34.2120	27.1460	 0.56	 24.54	0.040	  500.00	 66.17
 691.00	 683.83	 4.1832	34.2115	27.1453	 0.57	 24.59	0.041	  500.00	 66.17
 692.00	 684.82	 4.1798	34.2121	27.1461	 0.57	 24.59	0.042	  500.00	 66.17
 693.00	 685.81	 4.1787	34.2123	27.1464	 0.56	 24.55	0.042	  500.00	 66.17
 694.00	 686.79	 4.1779	34.2124	27.1465	 0.57	 24.57	0.042	  500.00	 66.17
 695.00	 687.78	 4.1770	34.2126	27.1468	 0.57	 24.57	0.042	  500.00	 66.17
 696.00	 688.77	 4.1762	34.2127	27.1470	 0.56	 24.54	0.041	  500.00	 66.17
 697.00	 689.76	 4.1744	34.2131	27.1474	 0.56	 24.51	0.041	  500.00	 66.16
 698.00	 690.75	 4.1749	34.2130	27.1474	 0.56	 24.47	0.041	  500.00	 66.16
 699.00	 691.73	 4.1742	34.2131	27.1475	 0.56	 24.47	0.040	  500.00	 66.17
 700.00	 692.72	 4.1654	34.2142	27.1493	 0.56	 24.46	0.041	  500.00	 66.16
 701.00	 693.71	 4.1571	34.2160	27.1516	 0.56	 24.46	0.042	  500.00	 66.17
 702.00	 694.70	 4.1525	34.2172	27.1530	 0.56	 24.42	0.042	  500.00	 66.16
 703.00	 695.69	 4.1521	34.2172	27.1531	 0.56	 24.38	0.042	  500.00	 66.17
 704.00	 696.67	 4.1506	34.2175	27.1535	 0.56	 24.36	0.041	  500.00	 66.16
 705.00	 697.66	 4.1479	34.2181	27.1542	 0.56	 24.29	0.041	  500.00	 66.17
 706.00	 698.65	 4.1471	34.2184	27.1546	 0.56	 24.31	0.042	  500.00	 66.17
 707.00	 699.64	 4.1462	34.2186	27.1549	 0.56	 24.21	0.041	  500.00	 66.16
 708.00	 700.62	 4.1461	34.2188	27.1550	 0.56	 24.13	0.041	  500.00	 66.16
 709.00	 701.61	 4.1451	34.2190	27.1553	 0.55	 24.12	0.041	  500.00	 66.16
 710.00	 702.60	 4.1454	34.2188	27.1552	 0.55	 24.12	0.041	  500.00	 66.16
 711.00	 703.59	 4.1432	34.2196	27.1560	 0.55	 24.05	0.042	  500.00	 66.16
 712.00	 704.58	 4.1430	34.2197	27.1561	 0.55	 24.03	0.042	  500.00	 66.16
 713.00	 705.56	 4.1428	34.2198	27.1562	 0.55	 24.02	0.041	  500.00	 66.16
 714.00	 706.55	 4.1420	34.2200	27.1564	 0.55	 24.03	0.040	  500.00	 66.16
 715.00	 707.54	 4.1409	34.2202	27.1567	 0.55	 24.00	0.042	  500.00	 66.16
 716.00	 708.53	 4.1407	34.2202	27.1568	 0.55	 23.95	0.041	  500.00	 66.16
 717.00	 709.52	 4.1401	34.2203	27.1569	 0.55	 23.95	0.041	  500.00	 66.17
 718.00	 710.50	 4.1397	34.2205	27.1571	 0.55	 23.92	0.041	  500.00	 66.16
 719.00	 711.49	 4.1395	34.2206	27.1572	 0.55	 23.92	0.041	  500.00	 66.16
 720.00	 712.48	 4.1398	34.2206	27.1572	 0.55	 23.92	0.042	  500.00	 66.16
 721.00	 713.47	 4.1392	34.2207	27.1574	 0.55	 23.91	0.041	  500.00	 66.16
 722.00	 714.46	 4.1404	34.2206	27.1572	 0.55	 23.90	0.041	  500.00	 66.15
 723.00	 715.44	 4.1398	34.2207	27.1573	 0.55	 23.90	0.042	  500.00	 66.16
 724.00	 716.43	 4.1386	34.2210	27.1577	 0.55	 23.90	0.040	  500.00	 66.16
 725.00	 717.42	 4.1381	34.2212	27.1579	 0.55	 23.87	0.041	  500.00	 66.15
 726.00	 718.41	 4.1357	34.2217	27.1586	 0.55	 23.82	0.040	  500.00	 66.15
 727.00	 719.39	 4.1296	34.2228	27.1600	 0.55	 23.74	0.040	  500.00	 66.15
 728.00	 720.38	 4.1253	34.2239	27.1614	 0.55	 23.72	0.041	  500.00	 66.15
 729.00	 721.37	 4.1239	34.2241	27.1617	 0.54	 23.65	0.041	  500.00	 66.15
 730.00	 722.36	 4.1239	34.2241	27.1618	 0.54	 23.60	0.041	  500.00	 66.16
 731.00	 723.35	 4.1255	34.2239	27.1614	 0.54	 23.62	0.041	  500.00	 66.16
 732.00	 724.33	 4.1248	34.2241	27.1617	 0.54	 23.61	0.040	  500.00	 66.16
 733.00	 725.32	 4.1259	34.2239	27.1614	 0.54	 23.58	0.041	  500.00	 66.16
 734.00	 726.31	 4.1253	34.2241	27.1616	 0.54	 23.61	0.041	  500.00	 66.16
 735.00	 727.30	 4.1265	34.2238	27.1613	 0.54	 23.61	0.040	  500.00	 66.15
 736.00	 728.28	 4.1258	34.2239	27.1614	 0.54	 23.56	0.040	  500.00	 66.15
 737.00	 729.27	 4.1257	34.2239	27.1614	 0.54	 23.55	0.041	  500.00	 66.15
 738.00	 730.26	 4.1256	34.2239	27.1615	 0.54	 23.56	0.041	  500.00	 66.15
 739.00	 731.25	 4.1260	34.2239	27.1614	 0.54	 23.55	0.041	  500.00	 66.15
 740.00	 732.24	 4.1230	34.2243	27.1621	 0.54	 23.56	0.041	  500.00	 66.15
 741.00	 733.22	 4.1218	34.2246	27.1624	 0.54	 23.56	0.042	  500.00	 66.15
 742.00	 734.21	 4.1193	34.2251	27.1631	 0.54	 23.57	0.042	  500.00	 66.15
 743.00	 735.20	 4.1182	34.2253	27.1633	 0.54	 23.56	0.041	  500.00	 66.15
 744.00	 736.19	 4.1184	34.2253	27.1633	 0.54	 23.54	0.040	  500.00	 66.15
 745.00	 737.17	 4.1184	34.2254	27.1634	 0.54	 23.53	0.041	  500.00	 66.15
 746.00	 738.16	 4.1218	34.2248	27.1627	 0.54	 23.53	0.041	  500.00	 66.15
 747.00	 739.15	 4.1212	34.2248	27.1627	 0.54	 23.52	0.042	  500.00	 66.15
 748.00	 740.14	 4.1212	34.2249	27.1628	 0.54	 23.50	0.042	  500.00	 66.15
 749.00	 741.13	 4.1173	34.2257	27.1638	 0.54	 23.47	0.041	  500.00	 66.14
 750.00	 742.11	 4.1080	34.2275	27.1662	 0.54	 23.38	0.041	  500.00	 66.15
 751.00	 743.10	 4.1057	34.2282	27.1670	 0.54	 23.38	0.041	  500.00	 66.14
 752.00	 744.09	 4.1073	34.2277	27.1665	 0.54	 23.35	0.042	  500.00	 66.14
 753.00	 745.08	 4.1061	34.2280	27.1668	 0.54	 23.35	0.042	  500.00	 66.14
 754.00	 746.06	 4.1051	34.2284	27.1673	 0.54	 23.33	0.041	  500.00	 66.15
 755.00	 747.05	 4.1058	34.2284	27.1672	 0.54	 23.31	0.041	  500.00	 66.14
 756.00	 748.04	 4.1052	34.2287	27.1676	 0.53	 23.25	0.040	  500.00	 66.14
 757.00	 749.03	 4.1049	34.2287	27.1675	 0.53	 23.24	0.041	  500.00	 66.14
 758.00	 750.01	 4.1053	34.2285	27.1674	 0.53	 23.22	0.041	  500.00	 66.14
 759.00	 751.00	 4.1048	34.2288	27.1677	 0.53	 23.16	0.040	  500.00	 66.14
 760.00	 751.99	 4.1051	34.2287	27.1676	 0.53	 23.15	0.040	  500.00	 66.14
 761.00	 752.98	 4.1042	34.2290	27.1679	 0.53	 23.16	0.040	  500.00	 66.14
 762.00	 753.97	 4.1031	34.2292	27.1682	 0.53	 23.14	0.041	  500.00	 66.14
 763.00	 754.95	 4.1039	34.2291	27.1680	 0.53	 23.15	0.042	  500.00	 66.15
 764.00	 755.94	 4.1033	34.2293	27.1683	 0.53	 23.13	0.040	  500.00	 66.14
 765.00	 756.93	 4.1032	34.2293	27.1683	 0.53	 23.10	0.041	  500.00	 66.14
 766.00	 757.92	 4.1016	34.2298	27.1688	 0.53	 23.11	0.041	  500.00	 66.14
 767.00	 758.90	 4.1018	34.2297	27.1687	 0.53	 23.06	0.041	  500.00	 66.14
 768.00	 759.89	 4.0984	34.2305	27.1697	 0.53	 23.04	0.041	  500.00	 66.14
 769.00	 760.88	 4.0966	34.2309	27.1702	 0.53	 22.99	0.040	  500.00	 66.14
 770.00	 761.87	 4.0944	34.2316	27.1710	 0.53	 22.94	0.041	  500.00	 66.14
 771.00	 762.85	 4.0945	34.2317	27.1711	 0.53	 22.91	0.041	  500.00	 66.14
 772.00	 763.84	 4.0950	34.2316	27.1710	 0.53	 22.86	0.040	  500.00	 66.14
 773.00	 764.83	 4.0952	34.2317	27.1710	 0.53	 22.85	0.041	  500.00	 66.14
 774.00	 765.82	 4.0959	34.2316	27.1709	 0.53	 22.85	0.040	  500.00	 66.14
 775.00	 766.80	 4.0959	34.2316	27.1709	 0.53	 22.86	0.040	  500.00	 66.14
 776.00	 767.79	 4.0930	34.2321	27.1716	 0.53	 22.86	0.041	  500.00	 66.14
 777.00	 768.78	 4.0897	34.2330	27.1727	 0.52	 22.79	0.040	  500.00	 66.14
 778.00	 769.77	 4.0900	34.2329	27.1726	 0.52	 22.79	0.040	  500.00	 66.14
 779.00	 770.75	 4.0902	34.2330	27.1727	 0.52	 22.78	0.040	  500.00	 66.14
 780.00	 771.74	 4.0902	34.2328	27.1726	 0.52	 22.79	0.040	  500.00	 66.13
 781.00	 772.73	 4.0910	34.2327	27.1724	 0.52	 22.78	0.041	  500.00	 66.14
 782.00	 773.72	 4.0896	34.2329	27.1727	 0.52	 22.75	0.042	  500.00	 66.13
 783.00	 774.70	 4.0905	34.2328	27.1725	 0.52	 22.78	0.041	  500.00	 66.14
 784.00	 775.69	 4.0911	34.2326	27.1723	 0.52	 22.76	0.040	  500.00	 66.14
 785.00	 776.68	 4.0907	34.2328	27.1725	 0.52	 22.74	0.040	  500.00	 66.14
 786.00	 777.67	 4.0912	34.2328	27.1724	 0.52	 22.75	0.040	  500.00	 66.14
 787.00	 778.65	 4.0910	34.2328	27.1725	 0.52	 22.76	0.040	  500.00	 66.14
 788.00	 779.64	 4.0910	34.2327	27.1724	 0.52	 22.74	0.041	  500.00	 66.14
 789.00	 780.63	 4.0906	34.2329	27.1726	 0.52	 22.76	0.040	  500.00	 66.14
 790.00	 781.62	 4.0918	34.2327	27.1723	 0.52	 22.75	0.040	  500.00	 66.14
 791.00	 782.60	 4.0918	34.2326	27.1723	 0.52	 22.73	0.040	  500.00	 66.13
 792.00	 783.59	 4.0898	34.2331	27.1729	 0.52	 22.73	0.040	  500.00	 66.13
 793.00	 784.58	 4.0906	34.2329	27.1727	 0.52	 22.74	0.040	  500.00	 66.14
 794.00	 785.57	 4.0911	34.2328	27.1725	 0.52	 22.72	0.041	  500.00	 66.13
 795.00	 786.55	 4.0903	34.2327	27.1726	 0.52	 22.72	0.041	  500.00	 66.13
 796.00	 787.54	 4.0818	34.2340	27.1745	 0.52	 22.73	0.041	  500.00	 66.13
 797.00	 788.53	 4.0765	34.2351	27.1759	 0.52	 22.73	0.042	  500.00	 66.14
 798.00	 789.52	 4.0697	34.2360	27.1773	 0.52	 22.73	0.041	  500.00	 66.13
 799.00	 790.50	 4.0648	34.2369	27.1785	 0.52	 22.73	0.040	  500.00	 66.13
 800.00	 791.49	 4.0640	34.2369	27.1786	 0.52	 22.73	0.040	  500.00	 66.13
 801.00	 792.48	 4.0642	34.2368	27.1786	 0.52	 22.74	0.041	  500.00	 66.13
 802.00	 793.47	 4.0617	34.2374	27.1793	 0.52	 22.73	0.042	  500.00	 66.14
 803.00	 794.45	 4.0608	34.2378	27.1797	 0.52	 22.71	0.041	  500.00	 66.13
 804.00	 795.44	 4.0608	34.2377	27.1796	 0.52	 22.70	0.040	  500.00	 66.13
 805.00	 796.43	 4.0608	34.2377	27.1797	 0.52	 22.68	0.041	  500.00	 66.13
 806.00	 797.42	 4.0621	34.2374	27.1793	 0.52	 22.67	0.042	  500.00	 66.13
 807.00	 798.40	 4.0613	34.2377	27.1796	 0.52	 22.65	0.041	  500.00	 66.13
 808.00	 799.39	 4.0611	34.2377	27.1796	 0.52	 22.66	0.040	  500.00	 66.13
 809.00	 800.38	 4.0608	34.2377	27.1797	 0.52	 22.66	0.040	  500.00	 66.13
 810.00	 801.37	 4.0597	34.2379	27.1800	 0.52	 22.68	0.040	  500.00	 66.13
 811.00	 802.35	 4.0601	34.2379	27.1799	 0.52	 22.65	0.040	  500.00	 66.13
 812.00	 803.34	 4.0601	34.2379	27.1799	 0.52	 22.64	0.040	  500.00	 66.13
 813.00	 804.33	 4.0565	34.2386	27.1809	 0.52	 22.65	0.040	  500.00	 66.13
 814.00	 805.32	 4.0596	34.2383	27.1803	 0.52	 22.60	0.041	  500.00	 66.13
 815.00	 806.30	 4.0601	34.2380	27.1801	 0.52	 22.62	0.042	  500.00	 66.13
 816.00	 807.29	 4.0570	34.2387	27.1809	 0.52	 22.58	0.041	  500.00	 66.12
 817.00	 808.28	 4.0570	34.2386	27.1809	 0.52	 22.58	0.042	  500.00	 66.13
 818.00	 809.27	 4.0558	34.2388	27.1811	 0.52	 22.54	0.042	  500.00	 66.12
 819.00	 810.25	 4.0542	34.2392	27.1816	 0.52	 22.55	0.042	  500.00	 66.13
 820.00	 811.24	 4.0550	34.2390	27.1814	 0.52	 22.54	0.041	  500.00	 66.13
 821.00	 812.23	 4.0577	34.2386	27.1808	 0.52	 22.51	0.041	  303.14	 66.13
 822.00	 813.22	 4.0568	34.2388	27.1811	 0.52	 22.50	0.041	  506.20	 66.13
 823.00	 814.20	 4.0544	34.2393	27.1817	 0.52	 22.52	0.042	  500.00	 66.13
 824.00	 815.19	 4.0546	34.2392	27.1817	 0.52	 22.49	0.042	  500.00	 66.13
 825.00	 816.18	 4.0543	34.2393	27.1818	 0.52	 22.47	0.042	  325.66	 66.12
 826.00	 817.16	 4.0547	34.2392	27.1816	 0.52	 22.43	0.041	  484.43	 66.12
 827.00	 818.15	 4.0570	34.2387	27.1810	 0.51	 22.33	0.041	  500.00	 66.12
 828.00	 819.14	 4.0594	34.2383	27.1804	 0.51	 22.33	0.040	  394.68	 66.11
 829.00	 820.13	 4.0610	34.2380	27.1800	 0.51	 22.33	0.041	  500.83	 66.10
 830.00	 821.11	 4.0627	34.2377	27.1796	 0.51	 22.33	0.041	  500.00	 66.10
 831.00	 822.10	 4.0616	34.2377	27.1798	 0.51	 22.31	0.040	  500.00	 66.09
 832.00	 823.09	 4.0645	34.2373	27.1791	 0.51	 22.33	0.041	  500.00	 66.09
 833.00	 824.08	 4.0651	34.2371	27.1790	 0.51	 22.32	0.041	  500.00	 66.10
 834.00	 825.06	 4.0647	34.2370	27.1789	 0.51	 22.35	0.041	  500.00	 66.10
 835.00	 826.05	 4.0629	34.2374	27.1795	 0.51	 22.31	0.041	  500.00	 66.09
 836.00	 827.04	 4.0642	34.2371	27.1791	 0.51	 22.32	0.041	  500.00	 66.09
 837.00	 828.03	 4.0639	34.2373	27.1792	 0.51	 22.30	0.040	  500.00	 66.09
 838.00	 829.01	 4.0639	34.2373	27.1793	 0.51	 22.29	0.041	  500.00	 66.09
 839.00	 830.00	 4.0598	34.2382	27.1804	 0.51	 22.25	0.040	  500.00	 66.08
 840.00	 830.99	 4.0571	34.2388	27.1812	 0.51	 22.23	0.041	  500.00	 66.08
 841.00	 831.97	 4.0585	34.2385	27.1808	 0.51	 22.22	0.042	  500.00	 66.08
 842.00	 832.96	 4.0578	34.2389	27.1812	 0.51	 22.19	0.041	  500.00	 66.07
 843.00	 833.95	 4.0582	34.2389	27.1811	 0.51	 22.11	0.041	  500.00	 66.05
 844.00	 834.94	 4.0596	34.2384	27.1806	 0.51	 22.12	0.041	  500.00	 66.05
 845.00	 835.92	 4.0579	34.2388	27.1812	 0.51	 22.11	0.041	  500.00	 66.05
 846.00	 836.91	 4.0589	34.2387	27.1810	 0.51	 22.09	0.041	  500.00	 66.04
 847.00	 837.90	 4.0569	34.2391	27.1815	 0.51	 22.10	0.041	  500.00	 66.05
 848.00	 838.89	 4.0554	34.2395	27.1820	 0.51	 22.07	0.041	  500.00	 66.05
 849.00	 839.87	 4.0559	34.2394	27.1819	 0.51	 22.05	0.041	  500.00	 66.04
 850.00	 840.86	 4.0570	34.2391	27.1815	 0.51	 22.06	0.041	  500.00	 66.04
 851.00	 841.85	 4.0593	34.2392	27.1813	 0.51	 21.99	0.040	  500.00	 66.04
 852.00	 842.83	 4.0595	34.2391	27.1813	 0.51	 21.96	0.041	  500.00	 66.04
 853.00	 843.82	 4.0595	34.2394	27.1815	 0.50	 21.92	0.041	  500.00	 66.04
 854.00	 844.81	 4.0574	34.2398	27.1821	 0.50	 21.92	0.041	  500.00	 66.03
 855.00	 845.80	 4.0557	34.2400	27.1824	 0.50	 21.90	0.041	  500.00	 66.03
 856.00	 846.78	 4.0539	34.2409	27.1833	 0.50	 21.80	0.041	  500.00	 66.03
 857.00	 847.77	 4.0510	34.2412	27.1838	 0.50	 21.81	0.040	  500.00	 66.02
 858.00	 848.76	 4.0500	34.2411	27.1839	 0.50	 21.86	0.040	  500.00	 66.03
 859.00	 849.74	 4.0518	34.2412	27.1838	 0.50	 21.79	0.041	  500.00	 66.02
 860.00	 850.73	 4.0541	34.2408	27.1833	 0.50	 21.75	0.042	  500.00	 66.02
 861.00	 851.72	 4.0558	34.2405	27.1828	 0.50	 21.76	0.041	  500.00	 66.02
 862.00	 852.71	 4.0511	34.2417	27.1843	 0.50	 21.73	0.040	  500.00	 66.02
 863.00	 853.69	 4.0535	34.2414	27.1838	 0.50	 21.70	0.040	  500.00	 66.02
 864.00	 854.68	 4.0512	34.2418	27.1844	 0.50	 21.66	0.041	  500.00	 66.02
 865.00	 855.67	 4.0562	34.2413	27.1835	 0.50	 21.66	0.041	  500.00	 66.02
 866.00	 856.66	 4.0612	34.2409	27.1826	 0.50	 21.55	0.040	  500.00	 65.99
 867.00	 857.64	 4.0630	34.2406	27.1823	 0.50	 21.54	0.041	  500.00	 66.00
 868.00	 858.63	 4.0625	34.2406	27.1823	 0.50	 21.54	0.040	  500.00	 65.99
 869.00	 859.62	 4.0589	34.2412	27.1831	 0.50	 21.54	0.041	  500.00	 65.99
 870.00	 860.60	 4.0559	34.2415	27.1837	 0.50	 21.56	0.041	  500.00	 65.99
 871.00	 861.59	 4.0565	34.2417	27.1838	 0.50	 21.56	0.041	  500.00	 65.99
 872.00	 862.58	 4.0571	34.2415	27.1836	 0.50	 21.53	0.040	  500.00	 65.99
 873.00	 863.57	 4.0563	34.2417	27.1839	 0.50	 21.53	0.041	  500.00	 66.00
 874.00	 864.55	 4.0564	34.2418	27.1839	 0.50	 21.54	0.041	  500.00	 65.98
 875.00	 865.54	 4.0571	34.2417	27.1838	 0.50	 21.53	0.041	  500.00	 65.99
 876.00	 866.53	 4.0605	34.2413	27.1831	 0.49	 21.48	0.041	  500.00	 65.98
 877.00	 867.51	 4.0604	34.2414	27.1832	 0.49	 21.47	0.041	  500.00	 65.98
 878.00	 868.50	 4.0603	34.2414	27.1833	 0.49	 21.46	0.041	  500.00	 65.97
 879.00	 869.49	 4.0617	34.2413	27.1830	 0.49	 21.47	0.041	  500.00	 65.97
 880.00	 870.48	 4.0594	34.2415	27.1835	 0.49	 21.46	0.041	  500.00	 65.97
 881.00	 871.46	 4.0568	34.2419	27.1840	 0.49	 21.45	0.041	  500.00	 65.97
 882.00	 872.45	 4.0561	34.2421	27.1843	 0.49	 21.45	0.041	  500.00	 65.97
 883.00	 873.44	 4.0573	34.2420	27.1841	 0.49	 21.45	0.041	  500.00	 65.97
 884.00	 874.42	 4.0556	34.2430	27.1851	 0.49	 21.31	0.040	  500.00	 65.97
 885.00	 875.41	 4.0549	34.2434	27.1854	 0.49	 21.23	0.041	  500.00	 65.97
 886.00	 876.40	 4.0541	34.2435	27.1856	 0.49	 21.20	0.040	  500.00	 65.97
 887.00	 877.38	 4.0535	34.2436	27.1858	 0.49	 21.19	0.041	  500.00	 65.97
 888.00	 878.37	 4.0532	34.2439	27.1861	 0.49	 21.18	0.041	  500.00	 65.97
 889.00	 879.36	 4.0541	34.2438	27.1859	 0.49	 21.16	0.041	  500.00	 65.96
 890.00	 880.35	 4.0541	34.2433	27.1855	 0.49	 21.19	0.040	  500.00	 65.97
