* Sea-Bird SBE 9 Data:
* Software Version Seasave V 7.26.7.107
* Vessel: NOAA Ship Ronald H. Brown
* Cruise: RB2102, West Coast Ocean Acidification (WCOA) 2021
* Dates: 20210622 to 20210723
* Region: NE Pacific, USA West Coast
* Ports: San Diego, CA to Port Angeles, WA to San Diego, CA
* Chief Scientists: R. Feely, NOAA PMEL; D. Greeley, NOAA PMEL; B. Carter, NOAA PMEL / UW CICOES
* Contacts: R. Feely, richard.a.feely@noaa.gov; D. Greeley, dana.greeley@noaa.gov; B. Carter, brendan.carter@noaa.gov
* Station: 021
* Cast: 1
* Cast Date-Time [GMT]: 29-Jun-2021 02:46:43
* Longitude: -125.333 W
* Latitude: 47.9592 N
* Water Depth [m]: 503.1
**********
* Column  1: Pressure [decibar]
* Column  2: Depth [m]
* Column  3: Temperature ITS-90 [degree C]
* Column  4: Salinity PSS-78 [psu]
* Column  5: Sigma-theta EOS-80 [kg/m^3 - 1000]
* Column  6: Oxygen [ml/L]
* Column  7: Oxygen [umol/kg]
* Column  8: Fluorescence [volts]
* Column  9: Oxygen Reduction Potential [mV]
* Column 10: Altimeter [m]
**********
*END*
   3.00	   2.97	13.8219	31.5354	23.5474	 8.58	374.47	0.124	  179.07	 99.10
   4.00	   3.97	13.5451	31.5580	23.6206	 8.44	368.32	0.142	  178.61	 82.09
   5.00	   4.96	13.2683	31.5805	23.6928	 8.58	374.25	0.134	  178.34	100.92
   6.00	   5.95	12.9915	31.6027	23.7642	 7.78	339.32	0.121	  178.57	 99.95
   7.00	   6.94	11.9312	31.6798	24.0244	 7.54	328.87	0.153	  179.05	 99.94
   8.00	   7.93	11.4205	31.6684	24.1083	 7.14	311.21	0.180	  179.25	 99.93
   9.00	   8.92	11.0421	31.6647	24.1723	 6.64	289.53	0.150	  179.56	 99.90
  10.00	   9.92	10.7782	31.6675	24.2203	 6.28	273.83	0.110	  179.76	 90.82
  11.00	  10.91	10.7036	31.6740	24.2382	 6.11	266.38	0.088	  179.88	 99.54
  12.00	  11.90	10.6820	31.6771	24.2443	 6.04	263.30	0.086	  179.93	 99.63
  13.00	  12.89	10.6235	31.7012	24.2731	 5.94	258.88	0.084	  179.99	 99.62
  14.00	  13.88	10.5032	31.7459	24.3283	 5.75	250.75	0.081	  180.02	 99.59
  15.00	  14.87	10.4029	31.7879	24.3781	 5.61	244.75	0.074	  180.18	 99.53
  16.00	  15.87	10.3442	31.8215	24.4141	 5.50	239.76	0.075	  180.21	 99.47
  17.00	  16.86	10.2793	31.8443	24.4428	 5.36	233.61	0.080	  180.25	 99.45
  18.00	  17.85	10.1025	31.8872	24.5057	 5.13	223.83	0.077	  180.30	 99.42
  19.00	  18.84	 9.8684	31.9386	24.5843	 4.80	209.18	0.071	  180.46	 99.36
  20.00	  19.83	 9.6884	31.9786	24.6448	 4.58	199.59	0.068	  180.56	 99.33
  21.00	  20.82	 9.4792	32.0245	24.7142	 4.32	188.35	0.062	  180.69	 99.30
  22.00	  21.81	 9.3706	32.0417	24.7449	 4.15	180.85	0.057	  180.76	 99.30
  23.00	  22.81	 9.3590	32.0636	24.7638	 4.00	174.31	0.053	  180.80	 99.32
  24.00	  23.80	 9.1350	32.0883	24.8183	 3.83	166.79	0.049	  180.91	 99.33
  25.00	  24.79	 9.0144	32.1187	24.8608	 3.69	160.63	0.048	  180.99	 99.35
  26.00	  25.78	 8.9113	32.1542	24.9045	 3.61	157.33	0.047	  181.03	 99.37
  27.00	  26.77	 8.8467	32.1974	24.9482	 3.57	155.43	0.047	  181.06	 99.39
  28.00	  27.76	 8.8482	32.2151	24.9619	 3.51	153.04	0.045	  181.10	 99.41
  29.00	  28.75	 8.8406	32.2398	24.9823	 3.49	152.09	0.046	  181.03	 99.42
  30.00	  29.75	 8.7967	32.2706	25.0132	 3.46	150.82	0.046	  181.08	 99.43
  31.00	  30.74	 8.7662	32.2899	25.0330	 3.41	148.53	0.045	  181.09	 99.44
  32.00	  31.73	 8.7040	32.3322	25.0756	 3.37	146.72	0.046	  181.15	 99.44
  33.00	  32.72	 8.6820	32.3611	25.1015	 3.35	146.15	0.045	  181.20	 99.44
  34.00	  33.71	 8.6716	32.3976	25.1317	 3.32	144.81	0.046	  181.16	 99.46
  35.00	  34.70	 8.6159	32.4508	25.1818	 3.30	143.54	0.045	  181.19	 99.46
  36.00	  35.69	 8.6059	32.4578	25.1888	 3.28	142.86	0.045	  181.20	 99.46
  37.00	  36.69	 8.5865	32.4760	25.2061	 3.25	141.40	0.046	  181.15	 99.46
  38.00	  37.68	 8.5511	32.5114	25.2392	 3.21	139.83	0.046	  181.19	 99.47
  39.00	  38.67	 8.4908	32.5703	25.2944	 3.19	138.78	0.045	  181.21	 99.48
  40.00	  39.66	 8.4614	32.5990	25.3213	 3.16	137.43	0.045	  181.16	 99.49
  41.00	  40.65	 8.4452	32.6146	25.3360	 3.14	136.88	0.045	  181.16	 99.49
  42.00	  41.64	 8.4315	32.6287	25.3490	 3.13	136.49	0.045	  181.21	 99.49
  43.00	  42.63	 8.4008	32.6496	25.3700	 3.14	136.62	0.045	  181.16	 96.57
  44.00	  43.63	 8.2748	32.7170	25.4416	 3.15	137.26	0.045	  181.22	 97.77
  45.00	  44.62	 8.1826	32.7788	25.5037	 3.18	138.29	0.044	  181.18	 99.45
  46.00	  45.61	 8.0974	32.8044	25.5363	 3.29	143.10	0.044	  181.16	 99.51
  47.00	  46.60	 8.0349	32.8198	25.5575	 3.38	147.19	0.044	  181.11	 99.50
  48.00	  47.59	 7.9611	32.8424	25.5860	 3.43	149.38	0.043	  181.13	 99.49
  49.00	  48.58	 7.9389	32.8514	25.5962	 3.49	152.12	0.044	  181.14	 99.47
  50.00	  49.57	 7.9057	32.8541	25.6032	 3.58	156.08	0.043	  181.04	 99.46
  51.00	  50.57	 7.8778	32.8535	25.6067	 3.69	160.53	0.043	  181.01	 98.35
  52.00	  51.56	 7.8355	32.8521	25.6117	 3.82	166.22	0.043	  180.97	 96.98
  53.00	  52.55	 7.7797	32.8534	25.6207	 4.03	175.53	0.043	  180.92	 99.44
  54.00	  53.54	 7.6713	32.8910	25.6657	 4.23	184.06	0.043	  180.85	 99.39
  55.00	  54.53	 7.6548	32.9042	25.6785	 4.29	186.77	0.042	  180.79	 99.38
  56.00	  55.52	 7.6318	32.9403	25.7101	 4.30	187.42	0.042	  180.76	 93.70
  57.00	  56.51	 7.6264	32.9569	25.7239	 4.28	186.47	0.042	  180.76	 95.22
  58.00	  57.51	 7.6259	32.9594	25.7259	 4.26	185.37	0.042	  180.73	 99.46
  59.00	  58.50	 7.6253	32.9606	25.7270	 4.21	183.46	0.042	  180.65	 94.11
  60.00	  59.49	 7.6200	32.9686	25.7340	 4.13	179.81	0.042	  180.64	 95.95
  61.00	  60.48	 7.5970	32.9986	25.7609	 4.07	177.18	0.042	  180.72	 99.28
  62.00	  61.47	 7.5787	33.0197	25.7800	 4.02	175.02	0.041	  180.63	 98.06
  63.00	  62.46	 7.5623	33.0395	25.7980	 3.97	173.05	0.042	  180.63	 96.38
  64.00	  63.45	 7.5554	33.0470	25.8048	 3.96	172.46	0.042	  180.60	 99.36
  65.00	  64.44	 7.5443	33.0593	25.8161	 3.95	171.93	0.040	  180.57	 99.37
  66.00	  65.44	 7.5231	33.0852	25.8394	 3.97	172.70	0.041	  180.59	 99.37
  67.00	  66.43	 7.5032	33.1090	25.8610	 3.97	172.97	0.042	  180.56	 99.38
  68.00	  67.42	 7.4821	33.1369	25.8859	 3.94	171.44	0.042	  180.52	 90.83
  69.00	  68.41	 7.4431	33.1907	25.9336	 3.88	169.10	0.041	  180.56	 99.29
  70.00	  69.40	 7.4146	33.2260	25.9654	 3.81	165.73	0.040	  180.54	 99.38
  71.00	  70.39	 7.3730	33.2886	26.0205	 3.74	162.88	0.040	  180.59	 99.39
  72.00	  71.38	 7.3580	33.3091	26.0387	 3.69	160.50	0.041	  180.54	 96.55
  73.00	  72.37	 7.3469	33.3263	26.0537	 3.63	158.07	0.041	  180.53	 99.37
  74.00	  73.37	 7.3314	33.3495	26.0742	 3.58	156.01	0.041	  180.53	 99.41
  75.00	  74.36	 7.3283	33.3531	26.0775	 3.53	153.75	0.041	  180.47	 99.42
  76.00	  75.35	 7.3203	33.3736	26.0947	 3.41	148.50	0.041	  180.45	 99.44
  77.00	  76.34	 7.3419	33.4555	26.1561	 3.31	144.26	0.041	  180.54	 99.44
  78.00	  77.33	 7.3472	33.4743	26.1702	 3.27	142.34	0.041	  180.53	 99.45
  79.00	  78.32	 7.3386	33.4753	26.1722	 3.24	141.14	0.041	  180.56	 99.47
  80.00	  79.31	 7.3360	33.4756	26.1728	 3.22	140.00	0.041	  180.53	 99.49
  81.00	  80.30	 7.3305	33.4844	26.1805	 3.20	139.35	0.041	  180.47	 99.49
  82.00	  81.30	 7.3312	33.4902	26.1850	 3.18	138.55	0.041	  180.46	 99.50
  83.00	  82.29	 7.3568	33.5195	26.2045	 3.15	137.21	0.041	  180.46	 98.34
  84.00	  83.28	 7.3898	33.5487	26.2229	 3.12	135.96	0.041	  180.47	 99.54
  85.00	  84.27	 7.4204	33.5666	26.2326	 3.11	135.47	0.041	  180.47	 99.51
  86.00	  85.26	 7.4543	33.5911	26.2471	 3.10	135.04	0.041	  180.44	 99.51
  87.00	  86.25	 7.5037	33.6040	26.2503	 3.10	135.03	0.041	  180.45	 99.52
  88.00	  87.24	 7.5350	33.6150	26.2546	 3.11	135.47	0.041	  180.42	 99.53
  89.00	  88.23	 7.5746	33.6336	26.2636	 3.12	135.64	0.041	  180.35	 99.53
  90.00	  89.23	 7.6370	33.6573	26.2733	 3.10	134.95	0.041	  180.31	 99.53
  91.00	  90.22	 7.6486	33.6756	26.2861	 3.08	134.00	0.041	  180.34	 99.53
  92.00	  91.21	 7.6398	33.6900	26.2987	 3.06	133.28	0.041	  180.29	 99.52
  93.00	  92.20	 7.6630	33.7028	26.3054	 3.05	132.72	0.041	  180.29	 99.53
  94.00	  93.19	 7.6765	33.7108	26.3098	 3.04	132.38	0.041	  180.24	 99.54
  95.00	  94.18	 7.6798	33.7202	26.3167	 3.04	132.19	0.041	  180.25	 99.54
  96.00	  95.17	 7.6766	33.7237	26.3199	 3.03	131.80	0.041	  180.21	 99.54
  97.00	  96.16	 7.6733	33.7237	26.3204	 3.03	131.82	0.041	  180.22	 99.54
  98.00	  97.15	 7.6584	33.7271	26.3252	 3.04	132.32	0.041	  180.22	 99.54
  99.00	  98.15	 7.6261	33.7325	26.3341	 3.05	132.83	0.041	  180.17	 99.54
 100.00	  99.14	 7.6057	33.7358	26.3396	 3.06	133.04	0.041	  180.19	 99.54
 101.00	 100.13	 7.6033	33.7392	26.3427	 3.06	132.95	0.041	  180.18	 99.54
 102.00	 101.12	 7.5906	33.7425	26.3471	 3.06	133.13	0.041	  180.15	 99.54
 103.00	 102.11	 7.5732	33.7442	26.3509	 3.06	133.10	0.041	  180.16	 99.54
 104.00	 103.10	 7.5513	33.7469	26.3562	 3.07	133.37	0.041	  180.12	 99.54
 105.00	 104.09	 7.5076	33.7511	26.3657	 3.06	133.35	0.041	  180.16	 99.54
 106.00	 105.08	 7.5007	33.7612	26.3746	 3.05	132.53	0.041	  180.11	 99.54
 107.00	 106.08	 7.5115	33.7669	26.3776	 3.03	131.81	0.041	  180.11	 99.54
 108.00	 107.07	 7.5048	33.7735	26.3838	 3.01	131.14	0.041	  180.11	 99.54
 109.00	 108.06	 7.5041	33.7785	26.3878	 3.00	130.62	0.041	  180.13	 99.54
 110.00	 109.05	 7.4817	33.7811	26.3930	 3.00	130.41	0.041	  180.09	 99.54
 111.00	 110.04	 7.4650	33.7860	26.3993	 2.99	129.98	0.042	  180.14	 99.54
 112.00	 111.03	 7.4606	33.7918	26.4045	 2.97	129.22	0.041	  180.07	 99.54
 113.00	 112.02	 7.4581	33.7987	26.4103	 2.95	128.31	0.042	  180.01	 99.55
 114.00	 113.01	 7.4574	33.8011	26.4123	 2.93	127.38	0.041	  180.05	 99.55
 115.00	 114.00	 7.4535	33.8095	26.4194	 2.90	126.15	0.041	  179.99	 99.56
 116.00	 114.99	 7.4481	33.8203	26.4287	 2.87	124.91	0.041	  180.00	 99.56
 117.00	 115.99	 7.4448	33.8272	26.4346	 2.84	123.46	0.041	  180.01	 99.56
 118.00	 116.98	 7.4502	33.8334	26.4388	 2.81	122.22	0.042	  180.01	 99.56
 119.00	 117.97	 7.4470	33.8371	26.4421	 2.79	121.47	0.042	  179.98	 99.57
 120.00	 118.96	 7.4341	33.8373	26.4441	 2.78	120.85	0.042	  180.01	 99.58
 121.00	 119.95	 7.4222	33.8392	26.4473	 2.76	120.24	0.042	  179.98	 99.58
 122.00	 120.94	 7.4050	33.8417	26.4517	 2.76	119.92	0.041	  179.96	 99.58
 123.00	 121.93	 7.4060	33.8441	26.4535	 2.75	119.52	0.041	  179.96	 99.58
 124.00	 122.92	 7.3966	33.8441	26.4548	 2.74	119.31	0.042	  179.95	 99.58
 125.00	 123.91	 7.3662	33.8454	26.4601	 2.74	119.17	0.041	  179.94	 99.59
 126.00	 124.91	 7.3697	33.8514	26.4643	 2.73	118.74	0.042	  179.92	 99.59
 127.00	 125.90	 7.3629	33.8527	26.4664	 2.72	118.32	0.041	  179.95	 99.60
 128.00	 126.89	 7.3610	33.8554	26.4688	 2.70	117.60	0.041	  179.96	 99.60
 129.00	 127.88	 7.3624	33.8605	26.4726	 2.68	116.49	0.041	  179.92	 99.61
 130.00	 128.87	 7.3694	33.8686	26.4780	 2.65	115.43	0.041	  179.92	 99.60
 131.00	 129.86	 7.3801	33.8732	26.4801	 2.63	114.37	0.042	  179.91	 99.61
 132.00	 130.85	 7.3818	33.8762	26.4822	 2.61	113.37	0.042	  179.89	 99.61
 133.00	 131.84	 7.3783	33.8788	26.4848	 2.59	112.67	0.041	  179.91	 99.62
 134.00	 132.83	 7.3755	33.8798	26.4860	 2.58	112.32	0.041	  179.89	 99.63
 135.00	 133.82	 7.3727	33.8800	26.4866	 2.58	112.13	0.041	  179.87	 99.63
 136.00	 134.81	 7.3687	33.8808	26.4878	 2.58	112.34	0.041	  179.82	 99.63
 137.00	 135.81	 7.3594	33.8835	26.4912	 2.60	113.25	0.041	  179.86	 99.63
 138.00	 136.80	 7.3540	33.8901	26.4972	 2.64	114.80	0.041	  179.84	 99.63
 139.00	 137.79	 7.3529	33.8990	26.5043	 2.67	116.35	0.041	  179.79	 99.63
 140.00	 138.78	 7.3451	33.9082	26.5127	 2.69	117.24	0.041	  179.81	 99.63
 141.00	 139.77	 7.3352	33.9105	26.5159	 2.71	117.69	0.041	  179.79	 99.62
 142.00	 140.76	 7.3252	33.9108	26.5176	 2.71	117.71	0.041	  179.75	 99.62
 143.00	 141.75	 7.3204	33.9115	26.5188	 2.71	117.79	0.041	  179.76	 99.61
 144.00	 142.74	 7.3195	33.9115	26.5189	 2.71	117.88	0.041	  179.75	 99.61
 145.00	 143.73	 7.3172	33.9117	26.5194	 2.71	117.84	0.041	  179.77	 99.61
 146.00	 144.72	 7.3147	33.9117	26.5198	 2.71	117.82	0.041	  179.72	 99.61
 147.00	 145.72	 7.3125	33.9119	26.5202	 2.71	117.84	0.041	  179.67	 99.61
 148.00	 146.71	 7.3083	33.9118	26.5208	 2.71	117.80	0.041	  179.70	 99.61
 149.00	 147.70	 7.3051	33.9119	26.5213	 2.70	117.48	0.041	  179.69	 99.61
 150.00	 148.69	 7.2913	33.9129	26.5240	 2.68	116.78	0.041	  179.67	 99.61
 151.00	 149.68	 7.2690	33.9157	26.5294	 2.67	115.99	0.042	  179.65	 99.61
 152.00	 150.67	 7.2399	33.9198	26.5367	 2.65	115.49	0.041	  179.69	 99.61
 153.00	 151.66	 7.2110	33.9229	26.5432	 2.65	115.12	0.042	  179.66	 99.61
 154.00	 152.65	 7.2063	33.9228	26.5437	 2.65	115.19	0.041	  179.65	 99.61
 155.00	 153.64	 7.1896	33.9210	26.5447	 2.65	115.39	0.041	  179.62	 99.62
 156.00	 154.63	 7.1786	33.9202	26.5455	 2.66	115.59	0.041	  179.66	 99.63
 157.00	 155.62	 7.1668	33.9198	26.5469	 2.66	115.75	0.041	  179.62	 99.63
 158.00	 156.61	 7.1563	33.9200	26.5485	 2.66	115.92	0.041	  179.57	 99.63
 159.00	 157.61	 7.1436	33.9200	26.5503	 2.67	116.05	0.042	  179.57	 99.62
 160.00	 158.60	 7.1409	33.9202	26.5508	 2.67	116.08	0.041	  179.60	 99.62
 161.00	 159.59	 7.1387	33.9200	26.5510	 2.67	115.97	0.041	  179.60	 99.62
 162.00	 160.58	 7.1385	33.9202	26.5512	 2.67	115.98	0.041	  179.53	 99.63
 163.00	 161.57	 7.1386	33.9202	26.5512	 2.67	116.00	0.041	  179.58	 99.62
 164.00	 162.56	 7.1343	33.9198	26.5515	 2.67	116.13	0.041	  179.52	 99.63
 165.00	 163.55	 7.1248	33.9206	26.5535	 2.67	116.18	0.041	  179.50	 99.62
 166.00	 164.54	 7.1223	33.9207	26.5539	 2.67	116.04	0.041	  179.50	 99.63
 167.00	 165.53	 7.1219	33.9208	26.5540	 2.66	115.85	0.041	  179.49	 99.62
 168.00	 166.52	 7.1225	33.9208	26.5539	 2.66	115.72	0.041	  179.47	 99.62
 169.00	 167.51	 7.1224	33.9207	26.5539	 2.66	115.62	0.041	  179.47	 99.62
 170.00	 168.50	 7.1209	33.9205	26.5539	 2.66	115.63	0.041	  179.42	 99.62
 171.00	 169.50	 7.1087	33.9203	26.5555	 2.65	115.40	0.041	  179.47	 99.63
 172.00	 170.49	 7.0827	33.9217	26.5602	 2.64	114.96	0.041	  179.47	 99.63
 173.00	 171.48	 7.0606	33.9241	26.5651	 2.63	114.38	0.041	  179.41	 99.63
 174.00	 172.47	 7.0516	33.9264	26.5682	 2.61	113.68	0.041	  179.43	 99.63
 175.00	 173.46	 7.0431	33.9274	26.5701	 2.60	112.94	0.041	  179.46	 99.63
 176.00	 174.45	 7.0164	33.9292	26.5752	 2.57	111.76	0.041	  179.46	 99.63
 177.00	 175.44	 6.9996	33.9297	26.5779	 2.54	110.40	0.041	  179.46	 99.63
 178.00	 176.43	 6.9786	33.9315	26.5823	 2.51	109.30	0.041	  179.42	 99.63
 179.00	 177.42	 6.9561	33.9337	26.5870	 2.49	108.54	0.041	  179.44	 99.64
 180.00	 178.41	 6.9439	33.9353	26.5900	 2.48	107.74	0.041	  179.46	 99.64
 181.00	 179.40	 6.9379	33.9363	26.5916	 2.45	106.51	0.041	  179.42	 99.66
 182.00	 180.39	 6.9328	33.9376	26.5933	 2.42	105.32	0.041	  179.43	 99.66
 183.00	 181.38	 6.9234	33.9385	26.5953	 2.39	103.89	0.041	  179.42	 99.66
 184.00	 182.38	 6.8964	33.9414	26.6013	 2.34	101.88	0.041	  179.47	 99.66
 185.00	 183.37	 6.8813	33.9434	26.6049	 2.28	 99.39	0.041	  179.38	 99.67
 186.00	 184.36	 6.8731	33.9467	26.6086	 2.25	 97.78	0.041	  179.43	 99.68
 187.00	 185.35	 6.8664	33.9476	26.6102	 2.21	 96.11	0.041	  179.41	 99.68
 188.00	 186.34	 6.8638	33.9492	26.6119	 2.15	 93.37	0.041	  179.41	 99.69
 189.00	 187.33	 6.8583	33.9516	26.6145	 2.09	 90.80	0.041	  179.50	 99.71
 190.00	 188.32	 6.8505	33.9524	26.6162	 2.06	 89.77	0.041	  179.46	 99.71
 191.00	 189.31	 6.8375	33.9531	26.6185	 2.03	 88.44	0.041	  179.44	 99.72
 192.00	 190.30	 6.8351	33.9544	26.6198	 1.99	 86.72	0.041	  179.48	 99.73
 193.00	 191.29	 6.8370	33.9554	26.6204	 1.94	 84.19	0.041	  179.50	 99.73
 194.00	 192.28	 6.8379	33.9565	26.6212	 1.83	 79.80	0.041	  179.48	 99.73
 195.00	 193.27	 6.8361	33.9576	26.6223	 1.77	 76.81	0.041	  179.47	 99.74
 196.00	 194.26	 6.8335	33.9578	26.6228	 1.73	 75.21	0.041	  179.51	 99.76
 197.00	 195.25	 6.8302	33.9579	26.6234	 1.70	 73.90	0.041	  179.44	 99.77
 198.00	 196.25	 6.8264	33.9581	26.6241	 1.67	 72.68	0.041	  179.48	 99.78
 199.00	 197.24	 6.8222	33.9582	26.6247	 1.65	 71.58	0.041	  179.47	 99.78
 200.00	 198.23	 6.8178	33.9584	26.6255	 1.62	 70.38	0.041	  179.51	 99.79
 201.00	 199.22	 6.8138	33.9583	26.6260	 1.58	 68.79	0.042	  179.49	 99.80
 202.00	 200.21	 6.8102	33.9583	26.6264	 1.55	 67.55	0.042	  179.50	 99.80
 203.00	 201.20	 6.8042	33.9582	26.6272	 1.54	 66.99	0.041	  179.53	 99.80
 204.00	 202.19	 6.7956	33.9589	26.6289	 1.54	 67.11	0.041	  179.51	 99.80
 205.00	 203.18	 6.7797	33.9605	26.6323	 1.56	 67.85	0.041	  179.52	 99.81
 206.00	 204.17	 6.7668	33.9634	26.6363	 1.59	 69.11	0.041	  179.49	 99.82
 207.00	 205.16	 6.7568	33.9650	26.6390	 1.62	 70.63	0.041	  179.46	 99.81
 208.00	 206.15	 6.7372	33.9668	26.6430	 1.65	 71.90	0.041	  179.43	 99.82
 209.00	 207.14	 6.7246	33.9680	26.6456	 1.68	 73.26	0.042	  179.42	 99.81
 210.00	 208.13	 6.7128	33.9694	26.6483	 1.71	 74.55	0.042	  179.40	 99.81
 211.00	 209.12	 6.7071	33.9705	26.6500	 1.74	 75.77	0.041	  179.44	 99.80
 212.00	 210.11	 6.7052	33.9708	26.6505	 1.78	 77.27	0.041	  179.42	 99.80
 213.00	 211.10	 6.7005	33.9705	26.6508	 1.81	 78.89	0.042	  179.43	 99.79
 214.00	 212.10	 6.6826	33.9725	26.6548	 1.84	 80.00	0.042	  179.39	 99.79
 215.00	 213.09	 6.6804	33.9726	26.6552	 1.86	 80.73	0.041	  179.33	 99.78
 216.00	 214.08	 6.6763	33.9726	26.6557	 1.87	 81.39	0.041	  179.32	 99.78
 217.00	 215.07	 6.6663	33.9729	26.6573	 1.88	 81.89	0.041	  179.36	 99.78
 218.00	 216.06	 6.6583	33.9729	26.6584	 1.89	 82.23	0.041	  179.33	 99.77
 219.00	 217.05	 6.6465	33.9736	26.6606	 1.89	 82.35	0.041	  179.36	 99.77
 220.00	 218.04	 6.6387	33.9738	26.6618	 1.89	 82.31	0.041	  179.32	 99.77
 221.00	 219.03	 6.6301	33.9740	26.6631	 1.89	 82.12	0.041	  179.29	 99.76
 222.00	 220.02	 6.6200	33.9745	26.6648	 1.88	 81.89	0.041	  179.32	 99.77
 223.00	 221.01	 6.6101	33.9744	26.6660	 1.88	 81.72	0.041	  179.28	 99.76
 224.00	 222.00	 6.5779	33.9756	26.6713	 1.88	 81.66	0.041	  179.28	 99.77
 225.00	 222.99	 6.5741	33.9761	26.6722	 1.87	 81.50	0.041	  179.32	 99.76
 226.00	 223.98	 6.5691	33.9761	26.6729	 1.87	 81.49	0.041	  179.26	 99.77
 227.00	 224.97	 6.5653	33.9761	26.6734	 1.87	 81.41	0.042	  179.27	 99.77
 228.00	 225.96	 6.5608	33.9766	26.6743	 1.87	 81.38	0.041	  179.28	 99.77
 229.00	 226.95	 6.5563	33.9767	26.6750	 1.87	 81.33	0.041	  179.25	 99.77
 230.00	 227.94	 6.5462	33.9767	26.6764	 1.87	 81.24	0.041	  179.23	 99.77
 231.00	 228.93	 6.5388	33.9772	26.6777	 1.87	 81.17	0.041	  179.26	 99.77
 232.00	 229.92	 6.5305	33.9769	26.6786	 1.87	 81.23	0.041	  179.26	 99.77
 233.00	 230.92	 6.5128	33.9763	26.6805	 1.87	 81.31	0.041	  179.22	 99.78
 234.00	 231.91	 6.5005	33.9766	26.6824	 1.87	 81.31	0.041	  179.24	 99.77
 235.00	 232.90	 6.4953	33.9766	26.6830	 1.87	 81.34	0.041	  179.20	 99.78
 236.00	 233.89	 6.4870	33.9765	26.6841	 1.87	 81.29	0.041	  179.18	 99.78
 237.00	 234.88	 6.4797	33.9765	26.6850	 1.86	 81.03	0.041	  179.21	 99.78
 238.00	 235.87	 6.4718	33.9775	26.6868	 1.85	 80.45	0.041	  179.22	 99.78
 239.00	 236.86	 6.4517	33.9784	26.6902	 1.83	 79.50	0.041	  179.21	 99.77
 240.00	 237.85	 6.4195	33.9808	26.6963	 1.81	 78.69	0.041	  179.26	 99.78
 241.00	 238.84	 6.4092	33.9806	26.6975	 1.80	 78.15	0.041	  179.21	 99.78
 242.00	 239.83	 6.3679	33.9812	26.7033	 1.79	 78.00	0.041	  179.22	 99.78
 243.00	 240.82	 6.3514	33.9819	26.7060	 1.79	 77.84	0.041	  179.21	 99.78
 244.00	 241.81	 6.3437	33.9817	26.7068	 1.79	 77.72	0.041	  179.15	 99.78
 245.00	 242.80	 6.3319	33.9815	26.7083	 1.78	 77.54	0.041	  179.16	 99.78
 246.00	 243.79	 6.3294	33.9822	26.7092	 1.78	 77.26	0.041	  179.19	 99.78
 247.00	 244.78	 6.3291	33.9829	26.7097	 1.77	 77.01	0.041	  179.27	 99.78
 248.00	 245.77	 6.3289	33.9834	26.7102	 1.76	 76.63	0.041	  179.15	 99.78
 249.00	 246.76	 6.3286	33.9839	26.7106	 1.75	 76.03	0.041	  179.18	 99.78
 250.00	 247.75	 6.3268	33.9858	26.7123	 1.74	 75.53	0.041	  179.14	 99.78
 251.00	 248.74	 6.3219	33.9865	26.7136	 1.73	 75.18	0.041	  179.21	 99.79
 252.00	 249.73	 6.3162	33.9873	26.7149	 1.72	 74.85	0.042	  179.20	 99.78
 253.00	 250.72	 6.3122	33.9878	26.7158	 1.71	 74.53	0.041	  179.21	 99.79
 254.00	 251.71	 6.3107	33.9879	26.7162	 1.71	 74.31	0.041	  179.16	 99.79
 255.00	 252.71	 6.3090	33.9882	26.7166	 1.70	 74.00	0.041	  179.18	 99.80
 256.00	 253.70	 6.3037	33.9889	26.7178	 1.69	 73.61	0.041	  179.16	 99.80
 257.00	 254.69	 6.2962	33.9897	26.7195	 1.68	 73.27	0.041	  179.20	 99.80
 258.00	 255.68	 6.2856	33.9902	26.7212	 1.68	 72.91	0.041	  179.15	 99.80
 259.00	 256.67	 6.2711	33.9912	26.7239	 1.67	 72.59	0.041	  179.18	 99.80
 260.00	 257.66	 6.2599	33.9920	26.7260	 1.66	 72.23	0.041	  179.19	 99.80
 261.00	 258.65	 6.2451	33.9925	26.7283	 1.65	 71.93	0.041	  179.14	 99.80
 262.00	 259.64	 6.2339	33.9936	26.7306	 1.65	 71.76	0.041	  179.09	 99.80
 263.00	 260.63	 6.2326	33.9938	26.7309	 1.65	 71.60	0.041	  179.10	 99.80
 264.00	 261.62	 6.2316	33.9940	26.7312	 1.64	 71.40	0.041	  179.12	 99.80
 265.00	 262.61	 6.2298	33.9943	26.7317	 1.63	 71.07	0.041	  179.08	 99.80
 266.00	 263.60	 6.2186	33.9950	26.7337	 1.62	 70.68	0.042	  179.03	 99.81
 267.00	 264.59	 6.2077	33.9961	26.7359	 1.62	 70.30	0.042	  179.05	 99.81
 268.00	 265.58	 6.2008	33.9965	26.7372	 1.61	 70.02	0.041	  179.08	 99.81
 269.00	 266.57	 6.1950	33.9978	26.7389	 1.60	 69.62	0.041	  179.12	 99.80
 270.00	 267.56	 6.1895	33.9986	26.7403	 1.59	 69.12	0.041	  179.10	 99.81
 271.00	 268.55	 6.1831	33.9998	26.7421	 1.57	 68.33	0.041	  179.09	 99.81
 272.00	 269.54	 6.1693	34.0017	26.7453	 1.56	 67.64	0.041	  179.08	 99.82
 273.00	 270.53	 6.1521	34.0030	26.7486	 1.54	 67.06	0.041	  179.04	 99.83
 274.00	 271.52	 6.1372	34.0043	26.7515	 1.53	 66.50	0.041	  179.09	 99.82
 275.00	 272.51	 6.1257	34.0056	26.7540	 1.52	 66.11	0.041	  179.04	 99.83
 276.00	 273.50	 6.1228	34.0060	26.7547	 1.51	 65.81	0.042	  179.12	 99.83
 277.00	 274.49	 6.1187	34.0061	26.7553	 1.51	 65.50	0.041	  179.11	 99.83
 278.00	 275.48	 6.1136	34.0067	26.7564	 1.50	 65.14	0.041	  179.06	 99.83
 279.00	 276.47	 6.1045	34.0083	26.7588	 1.49	 64.83	0.042	  179.03	 99.83
 280.00	 277.46	 6.1023	34.0084	26.7592	 1.48	 64.31	0.042	  179.04	 99.83
 281.00	 278.45	 6.0969	34.0088	26.7602	 1.47	 63.76	0.042	  179.02	 99.83
 282.00	 279.44	 6.0790	34.0099	26.7634	 1.46	 63.30	0.042	  179.07	 99.83
 283.00	 280.43	 6.0624	34.0120	26.7671	 1.45	 62.91	0.042	  179.07	 99.83
 284.00	 281.42	 6.0605	34.0122	26.7675	 1.44	 62.58	0.041	  179.08	 99.83
 285.00	 282.41	 6.0573	34.0124	26.7681	 1.43	 62.32	0.042	  179.04	 99.84
 286.00	 283.40	 6.0485	34.0131	26.7698	 1.43	 62.01	0.042	  179.03	 99.84
 287.00	 284.40	 6.0412	34.0137	26.7712	 1.42	 61.86	0.041	  179.01	 99.84
 288.00	 285.39	 6.0387	34.0140	26.7717	 1.42	 61.67	0.041	  179.04	 99.84
 289.00	 286.38	 6.0353	34.0140	26.7722	 1.41	 61.47	0.041	  179.03	 99.84
 290.00	 287.37	 6.0291	34.0147	26.7735	 1.41	 61.32	0.042	  178.98	 99.85
 291.00	 288.36	 6.0279	34.0148	26.7737	 1.41	 61.23	0.041	  178.97	 99.84
 292.00	 289.35	 6.0263	34.0149	26.7740	 1.40	 60.94	0.041	  178.98	 99.85
 293.00	 290.34	 6.0195	34.0151	26.7751	 1.39	 60.57	0.041	  178.92	 99.85
 294.00	 291.33	 5.9925	34.0164	26.7795	 1.39	 60.29	0.041	  179.02	 99.85
 295.00	 292.32	 5.9774	34.0185	26.7830	 1.38	 60.09	0.041	  179.02	 99.85
 296.00	 293.31	 5.9738	34.0188	26.7838	 1.38	 59.85	0.041	  178.96	 99.85
 297.00	 294.30	 5.9680	34.0191	26.7847	 1.37	 59.59	0.041	  178.99	 99.85
 298.00	 295.29	 5.9633	34.0196	26.7857	 1.37	 59.38	0.042	  178.99	 99.85
 299.00	 296.28	 5.9634	34.0198	26.7859	 1.36	 59.22	0.041	  178.97	 99.85
 300.00	 297.27	 5.9629	34.0198	26.7859	 1.36	 59.10	0.041	  178.97	 99.85
 301.00	 298.26	 5.9620	34.0195	26.7858	 1.36	 59.11	0.041	  178.96	 99.85
 302.00	 299.25	 5.9624	34.0198	26.7860	 1.36	 59.11	0.041	  178.96	 99.85
 303.00	 300.24	 5.9620	34.0199	26.7862	 1.36	 58.97	0.042	  178.96	 99.85
 304.00	 301.23	 5.9627	34.0199	26.7861	 1.36	 58.99	0.041	  178.96	 99.85
 305.00	 302.22	 5.9632	34.0200	26.7861	 1.36	 58.98	0.041	  178.91	 99.85
 306.00	 303.21	 5.9625	34.0199	26.7861	 1.35	 58.87	0.041	  178.90	 99.85
 307.00	 304.20	 5.9544	34.0202	26.7874	 1.35	 58.72	0.041	  178.90	 99.85
 308.00	 305.19	 5.9482	34.0206	26.7885	 1.34	 58.48	0.041	  178.88	 99.85
 309.00	 306.18	 5.9291	34.0215	26.7916	 1.34	 58.12	0.041	  178.89	 99.85
 310.00	 307.17	 5.9140	34.0221	26.7940	 1.33	 57.73	0.042	  178.89	 99.85
 311.00	 308.16	 5.9015	34.0232	26.7964	 1.32	 57.45	0.041	  178.93	 99.85
 312.00	 309.15	 5.8956	34.0239	26.7977	 1.32	 57.21	0.041	  178.89	 99.85
 313.00	 310.14	 5.8902	34.0242	26.7986	 1.31	 56.88	0.041	  178.86	 99.86
 314.00	 311.13	 5.8818	34.0246	26.8000	 1.30	 56.50	0.041	  178.83	 99.85
 315.00	 312.12	 5.8656	34.0262	26.8033	 1.29	 56.17	0.041	  178.85	 99.86
 316.00	 313.11	 5.8625	34.0263	26.8037	 1.29	 56.00	0.041	  178.91	 99.85
 317.00	 314.10	 5.8623	34.0264	26.8038	 1.28	 55.88	0.042	  178.89	 99.86
 318.00	 315.09	 5.8623	34.0264	26.8038	 1.28	 55.81	0.042	  178.84	 99.86
 319.00	 316.08	 5.8624	34.0265	26.8039	 1.28	 55.76	0.042	  178.82	 99.87
 320.00	 317.07	 5.8625	34.0266	26.8040	 1.28	 55.76	0.041	  178.81	 99.87
 321.00	 318.06	 5.8624	34.0267	26.8041	 1.28	 55.80	0.042	  178.79	 99.87
 322.00	 319.05	 5.8624	34.0267	26.8041	 1.28	 55.82	0.041	  178.75	 99.87
 323.00	 320.04	 5.8625	34.0268	26.8042	 1.28	 55.79	0.041	  178.76	 99.87
 324.00	 321.03	 5.8627	34.0268	26.8042	 1.28	 55.71	0.041	  178.82	 99.87
 325.00	 322.02	 5.8626	34.0268	26.8042	 1.28	 55.69	0.041	  178.83	 99.87
 326.00	 323.01	 5.8624	34.0269	26.8043	 1.28	 55.58	0.041	  178.76	 99.88
 327.00	 324.00	 5.8616	34.0270	26.8045	 1.28	 55.54	0.041	  178.75	 99.88
 328.00	 324.99	 5.8601	34.0273	26.8050	 1.27	 55.45	0.041	  178.79	 99.87
 329.00	 325.98	 5.8592	34.0274	26.8052	 1.27	 55.42	0.041	  178.74	 99.87
 330.00	 326.97	 5.8590	34.0273	26.8051	 1.27	 55.43	0.041	  178.74	 99.87
 331.00	 327.96	 5.8577	34.0274	26.8053	 1.28	 55.48	0.041	  178.75	 99.87
 332.00	 328.95	 5.8530	34.0276	26.8061	 1.28	 55.49	0.041	  178.72	 99.87
 333.00	 329.94	 5.8511	34.0275	26.8063	 1.28	 55.50	0.040	  178.73	 99.87
 334.00	 330.93	 5.8419	34.0276	26.8075	 1.27	 55.45	0.041	  178.69	 99.87
 335.00	 331.92	 5.8392	34.0284	26.8085	 1.27	 55.37	0.041	  178.77	 99.87
 336.00	 332.91	 5.8381	34.0283	26.8085	 1.27	 55.33	0.042	  178.70	 99.88
 337.00	 333.90	 5.8351	34.0286	26.8091	 1.27	 55.23	0.042	  178.70	 99.88
 338.00	 334.89	 5.8362	34.0285	26.8090	 1.27	 55.15	0.041	  178.65	 99.88
 339.00	 335.88	 5.8362	34.0286	26.8090	 1.26	 54.99	0.042	  178.68	 99.87
 340.00	 336.87	 5.8350	34.0289	26.8095	 1.26	 54.87	0.041	  178.67	 99.88
 341.00	 337.86	 5.8340	34.0292	26.8098	 1.26	 54.83	0.041	  178.63	 99.88
 342.00	 338.85	 5.8333	34.0292	26.8099	 1.26	 54.84	0.041	  178.64	 99.88
 343.00	 339.84	 5.8315	34.0292	26.8102	 1.26	 54.82	0.041	  178.64	 99.88
 344.00	 340.83	 5.8308	34.0294	26.8104	 1.26	 54.83	0.041	  178.62	 99.88
 345.00	 341.82	 5.8304	34.0293	26.8104	 1.26	 54.78	0.041	  178.62	 99.88
 346.00	 342.81	 5.8299	34.0294	26.8105	 1.26	 54.72	0.041	  178.62	 99.88
 347.00	 343.80	 5.8282	34.0294	26.8107	 1.26	 54.70	0.041	  178.62	 99.88
 348.00	 344.79	 5.8248	34.0298	26.8115	 1.26	 54.62	0.041	  178.60	 99.88
 349.00	 345.78	 5.8231	34.0300	26.8118	 1.25	 54.58	0.041	  178.56	 99.88
 350.00	 346.77	 5.8225	34.0300	26.8120	 1.25	 54.54	0.041	  178.56	 99.88
 351.00	 347.76	 5.8222	34.0301	26.8121	 1.25	 54.44	0.041	  178.57	 99.88
 352.00	 348.75	 5.8225	34.0301	26.8120	 1.25	 54.41	0.041	  178.53	 99.88
 353.00	 349.74	 5.8224	34.0301	26.8121	 1.25	 54.34	0.041	  178.52	 99.88
 354.00	 350.73	 5.8219	34.0301	26.8121	 1.25	 54.33	0.041	  178.53	 99.88
 355.00	 351.72	 5.8180	34.0303	26.8128	 1.25	 54.36	0.041	  178.47	 99.88
 356.00	 352.71	 5.8126	34.0305	26.8136	 1.25	 54.33	0.041	  178.52	 99.88
 357.00	 353.70	 5.8091	34.0308	26.8143	 1.25	 54.33	0.041	  178.52	 99.88
 358.00	 354.69	 5.8076	34.0308	26.8145	 1.25	 54.33	0.041	  178.47	 99.88
 359.00	 355.68	 5.8064	34.0308	26.8147	 1.24	 54.13	0.041	  178.48	 99.88
 360.00	 356.67	 5.8006	34.0310	26.8156	 1.24	 54.01	0.041	  178.51	 99.88
 361.00	 357.66	 5.7939	34.0315	26.8168	 1.24	 54.03	0.041	  178.49	 99.88
 362.00	 358.65	 5.7914	34.0318	26.8173	 1.24	 54.04	0.042	  178.41	 99.88
 363.00	 359.64	 5.7892	34.0319	26.8177	 1.24	 54.01	0.041	  178.48	 99.88
 364.00	 360.63	 5.7855	34.0324	26.8186	 1.24	 54.04	0.041	  178.51	 99.88
 365.00	 361.62	 5.7879	34.0323	26.8182	 1.24	 53.93	0.042	  178.42	 99.88
 366.00	 362.61	 5.7899	34.0321	26.8178	 1.24	 53.89	0.042	  178.42	 99.88
 367.00	 363.60	 5.7884	34.0322	26.8180	 1.24	 53.91	0.042	  178.46	 99.88
 368.00	 364.59	 5.7871	34.0324	26.8183	 1.24	 53.87	0.041	  178.40	 99.88
 369.00	 365.58	 5.7851	34.0324	26.8187	 1.24	 53.77	0.042	  178.42	 99.88
 370.00	 366.57	 5.7802	34.0329	26.8197	 1.23	 53.69	0.041	  178.39	 99.88
 371.00	 367.56	 5.7715	34.0341	26.8217	 1.23	 53.55	0.041	  178.45	 99.88
 372.00	 368.55	 5.7673	34.0346	26.8226	 1.23	 53.41	0.041	  178.42	 99.88
 373.00	 369.54	 5.7665	34.0346	26.8227	 1.22	 53.24	0.041	  178.40	 99.88
 374.00	 370.53	 5.7567	34.0358	26.8249	 1.22	 52.94	0.041	  178.37	 99.88
 375.00	 371.52	 5.7448	34.0371	26.8274	 1.21	 52.58	0.041	  178.41	 99.88
 376.00	 372.51	 5.7317	34.0384	26.8300	 1.20	 52.30	0.042	  178.39	 99.88
 377.00	 373.50	 5.7246	34.0395	26.8318	 1.20	 51.99	0.041	  178.41	 99.88
 378.00	 374.49	 5.7090	34.0399	26.8340	 1.19	 51.76	0.042	  178.36	 99.88
 379.00	 375.48	 5.6976	34.0417	26.8368	 1.18	 51.51	0.041	  178.36	 99.88
 380.00	 376.47	 5.6911	34.0419	26.8377	 1.18	 51.34	0.041	  178.36	 99.88
 381.00	 377.46	 5.6833	34.0426	26.8393	 1.18	 51.16	0.041	  178.36	 99.88
 382.00	 378.45	 5.6777	34.0435	26.8407	 1.17	 50.98	0.041	  178.36	 99.88
 383.00	 379.44	 5.6788	34.0433	26.8404	 1.17	 50.80	0.041	  178.33	 99.88
 384.00	 380.43	 5.6704	34.0439	26.8419	 1.17	 50.69	0.041	  178.33	 99.89
 385.00	 381.42	 5.6689	34.0442	26.8423	 1.16	 50.59	0.041	  178.34	 99.89
 386.00	 382.41	 5.6660	34.0447	26.8431	 1.16	 50.52	0.041	  178.34	 99.89
 387.00	 383.40	 5.6655	34.0447	26.8432	 1.16	 50.34	0.041	  178.31	 99.89
 388.00	 384.38	 5.6619	34.0448	26.8437	 1.15	 50.07	0.041	  178.31	 99.89
 389.00	 385.37	 5.6405	34.0460	26.8473	 1.14	 49.75	0.041	  178.27	 99.89
 390.00	 386.36	 5.6265	34.0487	26.8511	 1.14	 49.47	0.041	  178.29	 99.89
 391.00	 387.35	 5.6233	34.0486	26.8514	 1.14	 49.44	0.041	  178.30	 99.89
 392.00	 388.34	 5.6229	34.0486	26.8515	 1.13	 49.36	0.041	  178.26	 99.90
 393.00	 389.33	 5.6235	34.0489	26.8516	 1.13	 49.31	0.041	  178.25	 99.89
 394.00	 390.32	 5.6251	34.0486	26.8512	 1.13	 49.32	0.041	  178.26	 99.90
 395.00	 391.31	 5.6296	34.0482	26.8504	 1.13	 49.31	0.041	  178.25	 99.90
 396.00	 392.30	 5.6318	34.0484	26.8503	 1.13	 49.36	0.040	  178.26	 99.90
 397.00	 393.29	 5.6342	34.0483	26.8499	 1.14	 49.48	0.041	  178.23	 99.90
 398.00	 394.28	 5.6367	34.0479	26.8493	 1.14	 49.41	0.040	  178.26	 99.90
 399.00	 395.27	 5.6393	34.0475	26.8487	 1.13	 49.33	0.041	  178.28	 99.90
 400.00	 396.26	 5.6317	34.0481	26.8501	 1.13	 49.32	0.041	  178.25	 99.89
 401.00	 397.25	 5.6299	34.0484	26.8505	 1.13	 49.29	0.041	  178.27	 99.90
 402.00	 398.24	 5.6285	34.0486	26.8509	 1.13	 49.20	0.041	  178.19	 99.90
 403.00	 399.23	 5.6289	34.0483	26.8506	 1.13	 49.10	0.040	  178.17	 99.90
 404.00	 400.22	 5.6213	34.0492	26.8523	 1.13	 49.04	0.041	  178.19	 99.90
 405.00	 401.21	 5.6206	34.0496	26.8527	 1.13	 49.03	0.041	  178.13	 99.69
 406.00	 402.20	 5.6225	34.0494	26.8523	 1.13	 49.02	0.042	  178.08	 98.67
 407.00	 403.19	 5.6244	34.0492	26.8519	 1.13	 49.04	0.041	  178.15	 97.95
 408.00	 404.18	 5.6241	34.0492	26.8520	 1.13	 49.06	0.040	  178.10	 96.88
 409.00	 405.17	 5.6239	34.0493	26.8520	 1.13	 49.04	0.041	  178.11	 96.32
 410.00	 406.16	 5.6225	34.0491	26.8521	 1.13	 49.02	0.042	  178.04	 95.33
 411.00	 407.15	 5.6210	34.0496	26.8527	 1.13	 48.95	0.041	  178.07	 94.12
 412.00	 408.14	 5.6216	34.0494	26.8524	 1.13	 48.94	0.040	  178.04	 92.94
 413.00	 409.13	 5.6220	34.0494	26.8524	 1.13	 48.93	0.040	  178.03	 92.04
 414.00	 410.12	 5.6220	34.0494	26.8524	 1.13	 48.94	0.040	  178.01	 91.23
 415.00	 411.11	 5.6216	34.0494	26.8525	 1.12	 48.91	0.041	  178.03	 90.32
 416.00	 412.10	 5.6211	34.0482	26.8516	 1.12	 48.90	0.042	  178.00	 89.22
 417.00	 413.09	 5.6210	34.0497	26.8528	 1.12	 48.84	0.041	  177.99	 88.10
 418.00	 414.08	 5.6214	34.0495	26.8526	 1.12	 48.83	0.040	  178.00	 87.07
 419.00	 415.06	 5.6215	34.0498	26.8528	 1.12	 48.78	0.040	  177.98	 86.14
 420.00	 416.05	 5.6183	34.0502	26.8535	 1.12	 48.66	0.040	  177.99	 85.15
 421.00	 417.04	 5.6155	34.0506	26.8543	 1.12	 48.58	0.040	  177.95	 84.24
 422.00	 418.03	 5.6136	34.0509	26.8547	 1.12	 48.51	0.040	  177.93	 83.34
 423.00	 419.02	 5.6131	34.0511	26.8549	 1.11	 48.47	0.040	  178.00	 82.41
 424.00	 420.01	 5.6133	34.0511	26.8549	 1.11	 48.44	0.040	  177.93	 81.31
 425.00	 421.00	 5.6125	34.0512	26.8551	 1.11	 48.29	0.040	  178.01	 80.32
 426.00	 421.99	 5.6099	34.0514	26.8556	 1.11	 48.30	0.040	  177.97	 79.28
 427.00	 422.98	 5.6095	34.0515	26.8557	 1.11	 48.28	0.040	  177.91	 78.27
 428.00	 423.97	 5.6107	34.0515	26.8556	 1.11	 48.18	0.040	  177.96	 77.20
 429.00	 424.96	 5.6114	34.0514	26.8554	 1.11	 48.16	0.040	  177.94	 76.23
 430.00	 425.95	 5.6117	34.0513	26.8554	 1.11	 48.19	0.040	  177.93	 75.45
 431.00	 426.94	 5.6120	34.0514	26.8554	 1.11	 48.19	0.040	  177.99	 74.40
 432.00	 427.93	 5.6119	34.0514	26.8554	 1.11	 48.23	0.040	  177.87	 73.40
 433.00	 428.92	 5.6121	34.0514	26.8554	 1.11	 48.16	0.040	  177.90	 72.49
 434.00	 429.91	 5.6108	34.0515	26.8556	 1.11	 48.17	0.041	  177.87	 71.61
 435.00	 430.90	 5.6105	34.0516	26.8558	 1.11	 48.20	0.042	  177.80	 70.51
 436.00	 431.89	 5.6104	34.0516	26.8558	 1.11	 48.18	0.040	  177.84	 69.51
 437.00	 432.88	 5.6106	34.0517	26.8558	 1.11	 48.16	0.041	  177.82	 68.39
 438.00	 433.87	 5.6106	34.0516	26.8558	 1.11	 48.17	0.041	  177.79	 67.50
 439.00	 434.86	 5.6103	34.0517	26.8559	 1.11	 48.13	0.040	  177.83	 66.43
 440.00	 435.85	 5.6101	34.0517	26.8560	 1.11	 48.11	0.040	  177.81	 65.65
 441.00	 436.84	 5.6098	34.0518	26.8560	 1.11	 48.08	0.040	  177.83	 64.56
 442.00	 437.82	 5.6104	34.0517	26.8560	 1.11	 48.08	0.041	  177.76	 63.97
 443.00	 438.81	 5.6107	34.0517	26.8559	 1.11	 48.07	0.042	  177.76	 62.91
 444.00	 439.80	 5.6113	34.0516	26.8558	 1.11	 48.07	0.042	  177.77	 61.94
 445.00	 440.79	 5.6112	34.0517	26.8559	 1.11	 48.07	0.041	  177.69	 60.66
 446.00	 441.78	 5.6095	34.0519	26.8562	 1.10	 48.04	0.042	  177.70	 60.09
 447.00	 442.77	 5.6073	34.0522	26.8568	 1.10	 47.98	0.040	  177.63	 59.04
 448.00	 443.76	 5.6073	34.0521	26.8567	 1.10	 47.95	0.040	  177.64	 58.04
 449.00	 444.75	 5.6054	34.0524	26.8572	 1.10	 47.92	0.041	  177.65	 57.10
 450.00	 445.74	 5.6053	34.0524	26.8572	 1.10	 47.86	0.041	  177.62	 55.97
 451.00	 446.73	 5.6045	34.0526	26.8574	 1.10	 47.80	0.042	  177.63	 55.01
 452.00	 447.72	 5.6054	34.0524	26.8572	 1.10	 47.80	0.041	  177.60	 53.96
 453.00	 448.71	 5.6048	34.0525	26.8574	 1.10	 47.73	0.042	  177.58	 52.88
 454.00	 449.70	 5.6025	34.0528	26.8579	 1.10	 47.65	0.042	  177.57	 51.99
 455.00	 450.69	 5.6018	34.0529	26.8580	 1.10	 47.63	0.042	  177.51	 51.02
 456.00	 451.68	 5.6002	34.0531	26.8584	 1.09	 47.48	0.041	  177.54	 50.17
 457.00	 452.67	 5.5950	34.0538	26.8596	 1.09	 47.34	0.041	  177.53	 49.11
 458.00	 453.66	 5.5797	34.0551	26.8625	 1.08	 46.94	0.041	  177.50	 48.17
 459.00	 454.65	 5.5616	34.0565	26.8657	 1.07	 46.39	0.040	  177.50	 47.25
 460.00	 455.63	 5.5011	34.0625	26.8778	 1.04	 45.07	0.041	  177.48	 46.25
 461.00	 456.62	 5.4706	34.0658	26.8841	 1.02	 44.16	0.041	  177.48	 45.32
 462.00	 457.61	 5.4496	34.0671	26.8876	 1.00	 43.52	0.041	  177.46	 44.39
 463.00	 458.60	 5.4426	34.0685	26.8895	 0.99	 43.17	0.041	  177.42	 43.45
 464.00	 459.59	 5.4425	34.0685	26.8895	 0.99	 43.13	0.040	  177.42	 42.53
 465.00	 460.58	 5.4457	34.0682	26.8890	 0.99	 43.21	0.041	  177.36	 41.56
 466.00	 461.57	 5.4489	34.0680	26.8884	 0.99	 43.15	0.041	  177.33	 40.55
 467.00	 462.56	 5.4492	34.0679	26.8883	 0.99	 43.20	0.041	  177.30	 39.64
 468.00	 463.55	 5.4406	34.0689	26.8901	 1.00	 43.40	0.041	  177.29	 38.74
 469.00	 464.54	 5.4321	34.0699	26.8919	 0.99	 42.93	0.041	  177.31	 37.76
 470.00	 465.53	 5.4301	34.0700	26.8923	 0.98	 42.66	0.041	  177.26	 36.82
 471.00	 466.52	 5.4292	34.0702	26.8925	 0.98	 42.56	0.041	  177.29	 35.89
 472.00	 467.51	 5.4284	34.0704	26.8928	 0.98	 42.57	0.040	  177.24	 34.98
 473.00	 468.50	 5.4291	34.0704	26.8927	 0.98	 42.62	0.040	  177.20	 34.02
 474.00	 469.49	 5.4292	34.0702	26.8925	 0.98	 42.58	0.041	  177.24	 33.01
 475.00	 470.48	 5.4292	34.0703	26.8926	 0.98	 42.55	0.041	  177.21	 32.02
 476.00	 471.46	 5.4311	34.0702	26.8924	 0.98	 42.64	0.041	  177.18	 31.09
 477.00	 472.45	 5.4332	34.0696	26.8916	 0.98	 42.67	0.041	  177.10	 30.06
 478.00	 473.44	 5.4334	34.0696	26.8916	 0.98	 42.60	0.041	  177.07	 29.09
 479.00	 474.43	 5.4302	34.0701	26.8924	 0.98	 42.46	0.041	  177.06	 28.12
 480.00	 475.42	 5.4294	34.0701	26.8925	 0.98	 42.50	0.041	  177.05	 27.13
 481.00	 476.41	 5.4309	34.0701	26.8923	 0.98	 42.54	0.041	  177.04	 26.24
 482.00	 477.40	 5.4299	34.0702	26.8926	 0.98	 42.54	0.041	  177.04	 25.26
 483.00	 478.39	 5.4281	34.0705	26.8930	 0.98	 42.46	0.040	  176.99	 24.28
 484.00	 479.38	 5.4274	34.0706	26.8932	 0.98	 42.44	0.040	  176.99	 23.33
 485.00	 480.37	 5.4277	34.0705	26.8931	 0.97	 42.39	0.041	  176.96	 22.34
 486.00	 481.36	 5.4281	34.0705	26.8930	 0.98	 42.41	0.041	  176.94	 21.39
 487.00	 482.35	 5.4324	34.0701	26.8923	 0.98	 42.51	0.040	  176.93	 20.44
 488.00	 483.34	 5.4368	34.0697	26.8914	 0.98	 42.71	0.041	  176.91	 19.50
 489.00	 484.33	 5.4413	34.0694	26.8906	 0.98	 42.79	0.041	  176.87	 18.54
 490.00	 485.32	 5.4435	34.0692	26.8903	 0.99	 42.84	0.040	  176.86	 17.54
 491.00	 486.30	 5.4437	34.0691	26.8901	 0.98	 42.80	0.040	  176.84	 16.57
 492.00	 487.29	 5.4300	34.0705	26.8929	 0.98	 42.51	0.041	  176.80	 15.59
 493.00	 488.28	 5.4303	34.0704	26.8928	 0.97	 42.40	0.040	  176.81	 14.65
 494.00	 489.27	 5.4298	34.0705	26.8929	 0.98	 42.41	0.041	  176.79	 13.70
 495.00	 490.26	 5.4289	34.0706	26.8931	 0.98	 42.41	0.041	  176.79	 12.72
 496.00	 491.25	 5.4286	34.0705	26.8931	 0.98	 42.43	0.041	  176.79	 11.78
 497.00	 492.24	 5.4320	34.0703	26.8926	 0.98	 42.43	0.041	  176.68	 10.87
