* Sea-Bird SBE 9 Data:
* Software Version Seasave V 7.26.7.107
* Vessel: NOAA Ship Ronald H. Brown
* Cruise: RB2102, West Coast Ocean Acidification (WCOA) 2021
* Dates: 20210622 to 20210723
* Region: NE Pacific, USA West Coast
* Ports: San Diego, CA to Port Angeles, WA to San Diego, CA
* Chief Scientists: R. Feely, NOAA PMEL; D. Greeley, NOAA PMEL; B. Carter, NOAA PMEL / UW CICOES
* Contacts: R. Feely, richard.a.feely@noaa.gov; D. Greeley, dana.greeley@noaa.gov; B. Carter, brendan.carter@noaa.gov
* Station: 120
* Cast: 1
* Cast Date-Time [GMT]: 19-Jul-2021 05:23:46
* Longitude: -120.0207 W
* Latitude: 34.276 N
* Water Depth [m]: 576
**********
* Column  1: Pressure [decibar]
* Column  2: Depth [m]
* Column  3: Temperature ITS-90 [degree C]
* Column  4: Salinity PSS-78 [psu]
* Column  5: Sigma-theta EOS-80 [kg/m^3 - 1000]
* Column  6: Oxygen [ml/L]
* Column  7: Oxygen [umol/kg]
* Column  8: Fluorescence [volts]
* Column  9: Oxygen Reduction Potential [mV]
* Column 10: Altimeter [m]
**********
*END*
   3.00	   2.98	17.9640	33.5955	24.2055	 6.30	274.68	0.105	  162.37	113.80
   4.00	   3.97	17.9694	33.5955	24.2043	 6.30	274.90	0.105	  161.82	 69.77
   5.00	   4.96	17.9718	33.5955	24.2037	 6.31	275.34	0.112	  161.69	 67.63
   6.00	   5.96	17.9713	33.5957	24.2041	 6.32	275.75	0.110	  161.64	 69.65
   7.00	   6.95	17.9656	33.5954	24.2052	 6.32	275.60	0.107	  161.55	 57.14
   8.00	   7.94	17.9575	33.5952	24.2071	 6.33	275.80	0.109	  161.51	 35.20
   9.00	   8.94	17.9502	33.5950	24.2088	 6.33	276.18	0.109	  161.45	 28.57
  10.00	   9.93	17.9472	33.5946	24.2093	 6.34	276.49	0.111	  161.37	 44.61
  11.00	  10.92	17.8851	33.5937	24.2237	 6.34	276.64	0.111	  161.35	  5.22
  12.00	  11.91	17.7241	33.5887	24.2590	 6.39	278.47	0.112	  161.28	 59.80
  13.00	  12.91	17.3131	33.5802	24.3511	 6.49	283.06	0.115	  161.26	 82.13
  14.00	  13.90	16.6004	33.5696	24.5105	 6.62	288.59	0.121	  161.37	 99.47
  15.00	  14.89	16.2428	33.5645	24.5889	 6.52	284.30	0.140	  161.44	 99.36
  16.00	  15.88	16.1783	33.5674	24.6059	 6.49	282.83	0.141	  161.51	 99.35
  17.00	  16.88	16.1736	33.5698	24.6089	 6.47	281.88	0.139	  161.45	 93.63
  18.00	  17.87	16.1269	33.5701	24.6197	 6.39	278.70	0.134	  161.44	 99.19
  19.00	  18.86	16.0527	33.5688	24.6357	 6.32	275.48	0.130	  161.45	 99.32
  20.00	  19.86	16.0008	33.5682	24.6470	 6.23	271.46	0.126	  161.46	 99.32
  21.00	  20.85	15.8209	33.5658	24.6857	 6.09	265.38	0.121	  161.54	 99.32
  22.00	  21.84	15.6280	33.5647	24.7280	 5.94	258.67	0.128	  161.63	 99.30
  23.00	  22.83	15.4012	33.5640	24.7779	 5.82	253.52	0.135	  161.78	 99.31
  24.00	  23.83	15.2777	33.5632	24.8045	 5.75	250.55	0.132	  161.84	 99.32
  25.00	  24.82	15.2206	33.5645	24.8180	 5.71	248.96	0.127	  161.87	 99.31
  26.00	  25.81	15.1683	33.5637	24.8289	 5.66	246.61	0.127	  161.90	 99.09
  27.00	  26.80	15.0976	33.5632	24.8440	 5.61	244.57	0.126	  162.01	 99.34
  28.00	  27.80	15.0503	33.5619	24.8534	 5.58	243.37	0.120	  162.02	 98.16
  29.00	  28.79	15.0039	33.5613	24.8630	 5.56	242.12	0.117	  162.04	 99.41
  30.00	  29.78	14.9611	33.5606	24.8718	 5.50	239.49	0.106	  162.12	 99.41
  31.00	  30.78	14.8873	33.5589	24.8865	 5.42	236.37	0.102	  162.07	 99.41
  32.00	  31.77	14.7771	33.5637	24.9140	 5.39	234.71	0.101	  162.17	 99.41
  33.00	  32.76	14.7216	33.5679	24.9291	 5.34	232.87	0.099	  162.12	 88.53
  34.00	  33.75	14.6897	33.5705	24.9380	 5.26	229.03	0.095	  162.17	 97.56
  35.00	  34.75	14.6209	33.5792	24.9594	 5.15	224.32	0.086	  162.16	 99.34
  36.00	  35.74	14.5261	33.5867	24.9855	 5.09	221.87	0.078	  162.19	 91.82
  37.00	  36.73	14.4759	33.5885	24.9975	 5.04	219.70	0.085	  162.29	 95.26
  38.00	  37.72	14.3635	33.5872	25.0204	 4.98	216.91	0.081	  162.29	 95.32
  39.00	  38.72	14.2132	33.5872	25.0520	 4.87	212.07	0.075	  162.30	 89.49
  40.00	  39.71	13.9689	33.5953	25.1093	 4.81	209.49	0.064	  162.41	 99.39
  41.00	  40.70	13.9054	33.5938	25.1213	 4.75	206.81	0.061	  162.44	 85.70
  42.00	  41.70	13.6305	33.5847	25.1708	 4.77	207.62	0.059	  162.65	 91.70
  43.00	  42.69	13.4298	33.5900	25.2157	 4.75	206.99	0.056	  162.59	 84.28
  44.00	  43.68	13.3317	33.6009	25.2440	 4.70	204.67	0.051	  162.68	 90.87
  45.00	  44.67	13.2475	33.6099	25.2679	 4.65	202.43	0.048	  162.77	 99.57
  46.00	  45.67	13.1581	33.6150	25.2898	 4.63	201.69	0.047	  162.80	 99.30
  47.00	  46.66	13.0736	33.6104	25.3031	 4.63	201.83	0.047	  162.78	 99.30
  48.00	  47.65	13.0380	33.6172	25.3155	 4.62	201.04	0.047	  162.82	 94.12
  49.00	  48.64	13.0374	33.6206	25.3182	 4.56	198.75	0.047	  162.81	 93.20
  50.00	  49.64	12.9688	33.6234	25.3340	 4.48	195.03	0.047	  162.85	 99.42
  51.00	  50.63	12.8252	33.6300	25.3675	 4.43	193.06	0.046	  162.88	 99.30
  52.00	  51.62	12.7592	33.6364	25.3855	 4.42	192.45	0.046	  162.91	 93.63
  53.00	  52.61	12.7352	33.6366	25.3903	 4.41	192.24	0.046	  162.99	 99.43
  54.00	  53.61	12.6886	33.6327	25.3965	 4.41	191.88	0.046	  162.96	 99.30
  55.00	  54.60	12.6475	33.6336	25.4052	 4.39	191.35	0.047	  162.99	 99.37
  56.00	  55.59	12.6438	33.6346	25.4067	 4.36	190.09	0.047	  162.96	 99.39
  57.00	  56.58	12.5955	33.6377	25.4185	 4.32	188.13	0.047	  163.04	 99.36
  58.00	  57.58	12.5227	33.6399	25.4344	 4.28	186.39	0.047	  163.11	 99.33
  59.00	  58.57	12.4082	33.6378	25.4549	 4.28	186.52	0.046	  163.25	 96.60
  60.00	  59.56	12.3183	33.6295	25.4657	 4.29	186.76	0.046	  163.25	 99.31
  61.00	  60.55	12.2664	33.6267	25.4735	 4.29	186.64	0.047	  163.19	 99.30
  62.00	  61.55	12.2425	33.6267	25.4781	 4.27	185.95	0.047	  163.23	 99.31
  63.00	  62.54	12.2198	33.6272	25.4828	 4.23	184.34	0.047	  163.23	 99.32
  64.00	  63.53	12.0922	33.6209	25.5021	 4.19	182.58	0.047	  163.20	 99.32
  65.00	  64.52	12.0069	33.6287	25.5244	 4.16	181.07	0.049	  163.22	 99.32
  66.00	  65.52	11.9602	33.6318	25.5356	 4.11	178.85	0.050	  163.27	 99.32
  67.00	  66.51	11.8929	33.6362	25.5516	 4.06	176.88	0.050	  163.26	 99.32
  68.00	  67.50	11.8141	33.6384	25.5681	 4.03	175.34	0.050	  163.30	 99.32
  69.00	  68.49	11.7386	33.6410	25.5843	 3.99	173.96	0.050	  163.33	 99.34
  70.00	  69.49	11.6654	33.6411	25.5979	 3.97	172.66	0.049	  163.31	 99.34
  71.00	  70.48	11.5744	33.6433	25.6164	 3.94	171.35	0.048	  163.37	 99.34
  72.00	  71.47	11.5053	33.6475	25.6325	 3.90	170.02	0.048	  163.37	 99.34
  73.00	  72.46	11.4497	33.6495	25.6443	 3.88	168.98	0.048	  163.38	 99.35
  74.00	  73.46	11.4399	33.6559	25.6510	 3.85	167.80	0.048	  163.41	 99.36
  75.00	  74.45	11.4386	33.6615	25.6556	 3.81	165.98	0.048	  163.36	 99.37
  76.00	  75.44	11.4181	33.6702	25.6661	 3.76	163.91	0.046	  163.39	 99.37
  77.00	  76.43	11.3715	33.6767	25.6797	 3.73	162.35	0.046	  163.39	 99.37
  78.00	  77.43	11.3461	33.6814	25.6880	 3.69	160.68	0.046	  163.36	 99.38
  79.00	  78.42	11.2579	33.6840	25.7061	 3.66	159.42	0.046	  163.39	 99.39
  80.00	  79.41	11.1601	33.6913	25.7295	 3.64	158.34	0.046	  163.46	 99.39
  81.00	  80.40	11.1120	33.6972	25.7428	 3.62	157.72	0.045	  163.43	 99.39
  82.00	  81.40	11.0798	33.7007	25.7512	 3.60	156.94	0.048	  163.43	 99.40
  83.00	  82.39	11.0494	33.7042	25.7595	 3.58	155.72	0.045	  163.42	 99.40
  84.00	  83.38	11.0091	33.7079	25.7695	 3.53	153.48	0.045	  163.44	 99.41
  85.00	  84.37	10.9446	33.7125	25.7847	 3.46	150.47	0.045	  163.42	 99.41
  86.00	  85.37	10.8039	33.7282	25.8218	 3.41	148.65	0.044	  163.50	 99.41
  87.00	  86.36	10.7206	33.7428	25.8479	 3.38	147.11	0.044	  163.49	 99.43
  88.00	  87.35	10.6693	33.7515	25.8637	 3.33	144.96	0.044	  163.49	 99.44
  89.00	  88.34	10.5725	33.7725	25.8971	 3.30	143.58	0.044	  163.57	 99.45
  90.00	  89.34	10.5473	33.7786	25.9062	 3.28	142.67	0.044	  163.54	 99.46
  91.00	  90.33	10.5276	33.7823	25.9125	 3.26	142.02	0.044	  163.54	 99.46
  92.00	  91.32	10.5128	33.7846	25.9169	 3.25	141.43	0.044	  163.52	 99.47
  93.00	  92.31	10.4898	33.7888	25.9242	 3.23	140.64	0.043	  163.56	 99.48
  94.00	  93.31	10.4610	33.7934	25.9329	 3.21	139.53	0.044	  163.52	 99.49
  95.00	  94.30	10.4313	33.7983	25.9418	 3.16	137.67	0.043	  163.45	 99.49
  96.00	  95.29	10.3697	33.8049	25.9576	 3.10	134.88	0.043	  163.56	 99.49
  97.00	  96.28	10.2865	33.8196	25.9834	 3.07	133.65	0.043	  163.57	 99.49
  98.00	  97.28	10.2551	33.8275	25.9949	 3.05	132.91	0.042	  163.57	 99.50
  99.00	  98.27	10.2331	33.8323	26.0025	 3.03	131.92	0.043	  163.57	 99.51
 100.00	  99.26	10.2062	33.8383	26.0118	 3.00	130.65	0.042	  163.57	 99.52
 101.00	 100.25	10.1651	33.8470	26.0256	 2.96	128.79	0.042	  163.59	 99.53
 102.00	 101.24	10.0929	33.8599	26.0479	 2.90	126.42	0.042	  163.59	 99.54
 103.00	 102.24	 9.9918	33.8838	26.0837	 2.87	124.95	0.042	  163.60	 99.54
 104.00	 103.23	 9.9551	33.8920	26.0963	 2.85	123.87	0.042	  163.64	 99.55
 105.00	 104.22	 9.9375	33.8958	26.1023	 2.82	122.70	0.042	  163.62	 99.56
 106.00	 105.21	 9.9082	33.9029	26.1128	 2.79	121.53	0.041	  163.62	 99.56
 107.00	 106.21	 9.8754	33.9111	26.1247	 2.75	119.81	0.040	  163.63	 99.56
 108.00	 107.20	 9.8104	33.9262	26.1473	 2.69	117.17	0.041	  163.60	 99.57
 109.00	 108.19	 9.7347	33.9465	26.1758	 2.65	115.13	0.041	  163.62	 99.58
 110.00	 109.18	 9.7061	33.9532	26.1858	 2.60	113.07	0.041	  163.64	 99.58
 111.00	 110.18	 9.6584	33.9660	26.2038	 2.56	111.25	0.041	  163.66	 99.59
 112.00	 111.17	 9.6066	33.9803	26.2235	 2.53	109.90	0.040	  163.68	 99.61
 113.00	 112.16	 9.5738	33.9893	26.2360	 2.49	108.32	0.041	  163.67	 99.62
 114.00	 113.15	 9.5506	33.9945	26.2439	 2.45	106.80	0.040	  163.65	 99.63
 115.00	 114.14	 9.5073	34.0056	26.2597	 2.43	105.86	0.040	  163.66	 99.63
 116.00	 115.14	 9.4747	34.0131	26.2709	 2.41	104.84	0.040	  163.68	 99.63
 117.00	 116.13	 9.4531	34.0190	26.2790	 2.38	103.73	0.040	  163.63	 99.64
 118.00	 117.12	 9.4070	34.0289	26.2943	 2.37	102.92	0.040	  163.69	 99.65
 119.00	 118.11	 9.3813	34.0363	26.3043	 2.34	101.81	0.040	  163.69	 99.65
 120.00	 119.11	 9.3700	34.0410	26.3098	 2.31	100.50	0.041	  163.64	 99.66
 121.00	 120.10	 9.3532	34.0453	26.3159	 2.29	 99.64	0.040	  163.66	 99.66
 122.00	 121.09	 9.3374	34.0502	26.3223	 2.28	 99.05	0.040	  163.69	 99.66
 123.00	 122.08	 9.3284	34.0529	26.3259	 2.26	 98.25	0.040	  163.60	 99.67
 124.00	 123.08	 9.3128	34.0563	26.3311	 2.24	 97.33	0.040	  163.62	 99.68
 125.00	 124.07	 9.3027	34.0600	26.3357	 2.22	 96.39	0.040	  163.62	 99.68
 126.00	 125.06	 9.2901	34.0636	26.3406	 2.19	 95.22	0.040	  163.64	 99.68
 127.00	 126.05	 9.2765	34.0680	26.3462	 2.15	 93.77	0.040	  163.65	 99.68
 128.00	 127.04	 9.2651	34.0725	26.3516	 2.13	 92.63	0.040	  163.62	 99.68
 129.00	 128.04	 9.2499	34.0787	26.3589	 2.11	 91.90	0.040	  163.64	 99.69
 130.00	 129.03	 9.2466	34.0800	26.3605	 2.09	 91.14	0.041	  163.58	 99.70
 131.00	 130.02	 9.2423	34.0815	26.3624	 2.07	 90.22	0.042	  163.65	 99.71
 132.00	 131.01	 9.2258	34.0860	26.3685	 2.06	 89.49	0.040	  163.62	 99.71
 133.00	 132.01	 9.2148	34.0894	26.3730	 2.04	 88.84	0.040	  163.60	 99.71
 134.00	 133.00	 9.2080	34.0916	26.3759	 2.03	 88.24	0.040	  163.60	 99.72
 135.00	 133.99	 9.2012	34.0934	26.3784	 2.02	 87.76	0.041	  163.59	 99.72
 136.00	 134.98	 9.1947	34.0955	26.3810	 2.00	 87.20	0.040	  163.61	 99.72
 137.00	 135.97	 9.1895	34.0969	26.3830	 1.99	 86.57	0.040	  163.59	 99.73
 138.00	 136.97	 9.1829	34.0982	26.3851	 1.98	 85.97	0.040	  163.59	 99.73
 139.00	 137.96	 9.1716	34.1019	26.3898	 1.96	 85.44	0.040	  163.56	 99.73
 140.00	 138.95	 9.1658	34.1036	26.3921	 1.94	 84.59	0.040	  163.57	 99.73
 141.00	 139.94	 9.1565	34.1057	26.3953	 1.92	 83.54	0.040	  163.58	 99.73
 142.00	 140.94	 9.1406	34.1101	26.4013	 1.90	 82.53	0.040	  163.57	 99.73
 143.00	 141.93	 9.1338	34.1128	26.4045	 1.88	 81.59	0.040	  163.56	 99.73
 144.00	 142.92	 9.1266	34.1145	26.4070	 1.86	 80.88	0.040	  163.55	 99.74
 145.00	 143.91	 9.1176	34.1162	26.4097	 1.85	 80.30	0.040	  163.56	 99.75
 146.00	 144.90	 9.1088	34.1183	26.4129	 1.83	 79.42	0.040	  163.55	 99.76
 147.00	 145.90	 9.0916	34.1225	26.4189	 1.81	 78.95	0.040	  163.57	 99.76
 148.00	 146.89	 9.0795	34.1258	26.4234	 1.81	 78.82	0.040	  163.56	 99.76
 149.00	 147.88	 9.0722	34.1280	26.4263	 1.81	 78.77	0.040	  163.51	 99.76
 150.00	 148.87	 9.0658	34.1289	26.4280	 1.81	 78.73	0.040	  163.49	 99.76
 151.00	 149.86	 9.0635	34.1297	26.4291	 1.81	 78.62	0.040	  163.47	 99.76
 152.00	 150.86	 9.0632	34.1297	26.4292	 1.79	 78.06	0.040	  163.43	 99.76
 153.00	 151.85	 9.0615	34.1304	26.4300	 1.77	 76.92	0.040	  163.48	 99.76
 154.00	 152.84	 9.0623	34.1315	26.4307	 1.75	 76.17	0.041	  163.47	 99.76
 155.00	 153.83	 9.0622	34.1315	26.4308	 1.74	 75.83	0.041	  163.47	 99.76
 156.00	 154.82	 9.0612	34.1320	26.4313	 1.74	 75.54	0.040	  163.45	 99.77
 157.00	 155.82	 9.0605	34.1323	26.4317	 1.73	 75.12	0.040	  163.40	 99.78
 158.00	 156.81	 9.0608	34.1326	26.4319	 1.71	 74.61	0.040	  163.35	 99.78
 159.00	 157.80	 9.0612	34.1328	26.4320	 1.70	 74.05	0.040	  163.42	 99.78
 160.00	 158.79	 9.0610	34.1333	26.4325	 1.69	 73.34	0.041	  163.40	 99.78
 161.00	 159.79	 9.0604	34.1338	26.4330	 1.66	 72.44	0.041	  163.39	 99.78
 162.00	 160.78	 9.0591	34.1352	26.4342	 1.64	 71.33	0.040	  163.38	 99.78
 163.00	 161.77	 9.0594	34.1364	26.4352	 1.60	 69.63	0.040	  163.37	 99.78
 164.00	 162.76	 9.0596	34.1382	26.4366	 1.55	 67.55	0.040	  163.42	 99.78
 165.00	 163.75	 9.0548	34.1408	26.4394	 1.54	 66.81	0.040	  163.35	 99.79
 166.00	 164.75	 9.0479	34.1414	26.4410	 1.54	 66.99	0.040	  163.41	 99.80
 167.00	 165.74	 9.0376	34.1423	26.4433	 1.55	 67.35	0.040	  163.39	 99.80
 168.00	 166.73	 9.0329	34.1425	26.4443	 1.55	 67.54	0.040	  163.37	 99.80
 169.00	 167.72	 9.0311	34.1429	26.4449	 1.55	 67.62	0.040	  163.36	 99.80
 170.00	 168.71	 9.0309	34.1431	26.4451	 1.56	 67.80	0.040	  163.35	 99.80
 171.00	 169.71	 9.0289	34.1428	26.4452	 1.56	 67.82	0.040	  163.37	 99.80
 172.00	 170.70	 9.0266	34.1436	26.4462	 1.55	 67.43	0.040	  163.35	 99.80
 173.00	 171.69	 9.0266	34.1441	26.4466	 1.53	 66.62	0.041	  163.35	 99.80
 174.00	 172.68	 9.0278	34.1449	26.4471	 1.52	 66.20	0.040	  163.37	 99.80
 175.00	 173.67	 9.0261	34.1451	26.4475	 1.52	 66.02	0.040	  163.30	 99.80
 176.00	 174.67	 9.0244	34.1455	26.4481	 1.51	 65.83	0.040	  163.30	 99.80
 177.00	 175.66	 9.0236	34.1459	26.4486	 1.51	 65.72	0.040	  163.33	 99.80
 178.00	 176.65	 9.0228	34.1460	26.4488	 1.51	 65.57	0.040	  163.26	 99.80
 179.00	 177.64	 9.0216	34.1462	26.4491	 1.50	 65.41	0.040	  163.28	 99.81
 180.00	 178.63	 9.0203	34.1466	26.4497	 1.50	 65.24	0.040	  163.25	 99.80
 181.00	 179.63	 9.0192	34.1469	26.4501	 1.49	 64.91	0.040	  163.21	 99.81
 182.00	 180.62	 9.0185	34.1471	26.4504	 1.48	 64.24	0.040	  163.17	 99.81
 183.00	 181.61	 9.0173	34.1482	26.4515	 1.47	 63.74	0.040	  163.20	 99.81
 184.00	 182.60	 9.0143	34.1490	26.4526	 1.46	 63.31	0.040	  163.17	 99.81
 185.00	 183.59	 9.0123	34.1497	26.4535	 1.44	 62.77	0.040	  163.17	 99.82
 186.00	 184.59	 9.0076	34.1505	26.4549	 1.43	 62.18	0.040	  163.17	 99.82
 187.00	 185.58	 9.0040	34.1511	26.4560	 1.42	 61.75	0.040	  163.12	 99.83
 188.00	 186.57	 8.9998	34.1520	26.4573	 1.41	 61.49	0.040	  163.12	 99.83
 189.00	 187.56	 8.9955	34.1530	26.4588	 1.41	 61.13	0.040	  163.15	 99.83
 190.00	 188.55	 8.9930	34.1533	26.4595	 1.40	 60.96	0.040	  163.18	 99.83
 191.00	 189.55	 8.9898	34.1541	26.4606	 1.40	 60.78	0.040	  163.18	 99.83
 192.00	 190.54	 8.9881	34.1546	26.4613	 1.39	 60.55	0.041	  163.14	 99.83
 193.00	 191.53	 8.9847	34.1551	26.4622	 1.39	 60.35	0.040	  163.13	 99.83
 194.00	 192.52	 8.9781	34.1557	26.4638	 1.40	 61.11	0.040	  163.15	 99.83
 195.00	 193.51	 8.9684	34.1566	26.4660	 1.44	 62.83	0.040	  163.13	 99.83
 196.00	 194.50	 8.9576	34.1583	26.4691	 1.47	 64.05	0.040	  163.08	 99.83
 197.00	 195.50	 8.9532	34.1594	26.4707	 1.48	 64.56	0.040	  163.02	 99.83
 198.00	 196.49	 8.9509	34.1598	26.4714	 1.49	 64.70	0.040	  163.00	 99.83
 199.00	 197.48	 8.9489	34.1601	26.4719	 1.48	 64.57	0.040	  162.97	 99.83
 200.00	 198.47	 8.9448	34.1605	26.4729	 1.47	 63.97	0.040	  163.02	 99.83
 201.00	 199.46	 8.9410	34.1613	26.4742	 1.43	 62.29	0.040	  163.01	 99.82
 202.00	 200.46	 8.9337	34.1617	26.4757	 1.40	 60.86	0.040	  163.00	 99.82
 203.00	 201.45	 8.9299	34.1629	26.4771	 1.39	 60.26	0.040	  163.00	 99.82
 204.00	 202.44	 8.9295	34.1631	26.4774	 1.38	 60.13	0.040	  162.98	 99.83
 205.00	 203.43	 8.9289	34.1635	26.4779	 1.38	 59.97	0.040	  162.97	 99.83
 206.00	 204.42	 8.9265	34.1637	26.4784	 1.37	 59.81	0.040	  162.97	 99.83
 207.00	 205.42	 8.9165	34.1649	26.4809	 1.37	 59.71	0.040	  162.93	 99.83
 208.00	 206.41	 8.9105	34.1657	26.4825	 1.37	 59.49	0.040	  162.93	 99.83
 209.00	 207.40	 8.9056	34.1663	26.4838	 1.36	 59.10	0.040	  162.89	 99.83
 210.00	 208.39	 8.8983	34.1666	26.4852	 1.35	 58.67	0.041	  162.87	 99.83
 211.00	 209.38	 8.8915	34.1672	26.4868	 1.34	 58.37	0.041	  162.92	 99.83
 212.00	 210.37	 8.8909	34.1673	26.4869	 1.33	 57.94	0.040	  162.87	 99.83
 213.00	 211.37	 8.8903	34.1678	26.4875	 1.31	 57.06	0.040	  162.88	 99.83
 214.00	 212.36	 8.8889	34.1692	26.4888	 1.29	 56.30	0.040	  162.88	 99.84
 215.00	 213.35	 8.8888	34.1697	26.4892	 1.28	 55.80	0.040	  162.85	 99.84
 216.00	 214.34	 8.8895	34.1700	26.4893	 1.27	 55.27	0.040	  162.85	 99.84
 217.00	 215.33	 8.8895	34.1702	26.4895	 1.25	 54.56	0.040	  162.89	 99.85
 218.00	 216.33	 8.8890	34.1709	26.4901	 1.23	 53.49	0.040	  162.88	 99.85
 219.00	 217.32	 8.8890	34.1715	26.4906	 1.21	 52.74	0.040	  162.89	 99.85
 220.00	 218.31	 8.8860	34.1722	26.4917	 1.20	 52.31	0.040	  162.87	 99.85
 221.00	 219.30	 8.8856	34.1725	26.4920	 1.20	 52.04	0.040	  162.87	 99.85
 222.00	 220.29	 8.8855	34.1725	26.4920	 1.20	 52.10	0.040	  162.84	 99.85
 223.00	 221.28	 8.8851	34.1724	26.4921	 1.20	 52.02	0.040	  162.91	 99.85
 224.00	 222.28	 8.8850	34.1726	26.4922	 1.19	 51.93	0.040	  162.87	 99.85
 225.00	 223.27	 8.8854	34.1726	26.4921	 1.19	 51.80	0.040	  162.81	 99.85
 226.00	 224.26	 8.8850	34.1724	26.4921	 1.19	 51.78	0.040	  162.86	 99.86
 227.00	 225.25	 8.8835	34.1726	26.4925	 1.18	 51.54	0.040	  162.87	 99.86
 228.00	 226.24	 8.8830	34.1727	26.4927	 1.17	 51.08	0.040	  162.85	 99.86
 229.00	 227.23	 8.8794	34.1743	26.4945	 1.17	 50.77	0.040	  162.81	 99.86
 230.00	 228.23	 8.8747	34.1748	26.4957	 1.16	 50.53	0.040	  162.81	 99.87
 231.00	 229.22	 8.8695	34.1757	26.4972	 1.15	 50.24	0.040	  162.82	 99.86
 232.00	 230.21	 8.8654	34.1759	26.4980	 1.15	 50.05	0.040	  162.81	 99.87
 233.00	 231.20	 8.8608	34.1766	26.4993	 1.15	 49.97	0.040	  162.82	 99.87
 234.00	 232.19	 8.8585	34.1764	26.4995	 1.15	 49.85	0.040	  162.76	 99.87
 235.00	 233.19	 8.8363	34.1743	26.5014	 1.14	 49.61	0.040	  162.75	 99.87
 236.00	 234.18	 8.7943	34.1766	26.5098	 1.13	 49.19	0.040	  162.78	 99.88
 237.00	 235.17	 8.7760	34.1793	26.5148	 1.12	 48.93	0.040	  162.82	 99.87
 238.00	 236.16	 8.7736	34.1798	26.5156	 1.12	 48.73	0.040	  162.80	 99.87
 239.00	 237.15	 8.7712	34.1798	26.5159	 1.11	 48.48	0.040	  162.78	 99.87
 240.00	 238.14	 8.7657	34.1803	26.5172	 1.11	 48.15	0.040	  162.77	 99.88
 241.00	 239.14	 8.7542	34.1808	26.5194	 1.10	 47.72	0.040	  162.77	 99.88
 242.00	 240.13	 8.7468	34.1821	26.5216	 1.08	 47.20	0.040	  162.80	 99.88
 243.00	 241.12	 8.7436	34.1828	26.5227	 1.07	 46.36	0.040	  162.79	 99.88
 244.00	 242.11	 8.7370	34.1848	26.5253	 1.04	 45.38	0.040	  162.77	 99.88
 245.00	 243.10	 8.7291	34.1884	26.5294	 1.02	 44.57	0.040	  162.79	 99.88
 246.00	 244.09	 8.7228	34.1908	26.5322	 1.01	 44.11	0.040	  162.78	 99.88
 247.00	 245.09	 8.7094	34.1907	26.5342	 1.00	 43.59	0.040	  162.78	 99.88
 248.00	 246.08	 8.7009	34.1928	26.5372	 0.99	 42.94	0.040	  162.77	 99.88
 249.00	 247.07	 8.6956	34.1948	26.5397	 0.97	 42.39	0.041	  162.76	 99.88
 250.00	 248.06	 8.6822	34.1945	26.5415	 0.97	 41.99	0.041	  162.77	 99.89
 251.00	 249.05	 8.6644	34.1968	26.5461	 0.96	 41.83	0.040	  162.78	 99.89
 252.00	 250.04	 8.6575	34.1974	26.5476	 0.96	 41.67	0.040	  162.83	 99.89
 253.00	 251.04	 8.6541	34.1980	26.5486	 0.95	 41.49	0.041	  162.81	 99.90
 254.00	 252.03	 8.6527	34.1978	26.5487	 0.95	 41.34	0.040	  162.82	 99.90
 255.00	 253.02	 8.6366	34.1974	26.5509	 0.95	 41.23	0.040	  162.81	 99.90
 256.00	 254.01	 8.6260	34.1992	26.5540	 0.95	 41.16	0.040	  162.77	 99.90
 257.00	 255.00	 8.6218	34.1993	26.5547	 0.94	 41.04	0.040	  162.81	 99.90
 258.00	 255.99	 8.6200	34.1995	26.5552	 0.95	 41.12	0.040	  162.76	 99.90
 259.00	 256.98	 8.6182	34.1994	26.5554	 0.94	 41.08	0.040	  162.79	 99.90
 260.00	 257.98	 8.6154	34.1994	26.5559	 0.94	 40.97	0.040	  162.74	 99.90
 261.00	 258.97	 8.6121	34.1996	26.5566	 0.94	 40.86	0.040	  162.76	 99.90
 262.00	 259.96	 8.6074	34.1991	26.5569	 0.94	 40.68	0.040	  162.70	 99.90
 263.00	 260.95	 8.5987	34.1996	26.5586	 0.93	 40.47	0.041	  162.70	 99.90
 264.00	 261.94	 8.5886	34.1995	26.5601	 0.93	 40.27	0.041	  162.70	 99.90
 265.00	 262.93	 8.5726	34.2004	26.5633	 0.92	 40.14	0.040	  162.67	 99.90
 266.00	 263.93	 8.5674	34.2010	26.5646	 0.92	 40.03	0.040	  162.63	 99.90
 267.00	 264.92	 8.5651	34.2010	26.5650	 0.92	 39.98	0.040	  162.70	 99.90
 268.00	 265.91	 8.5594	34.2011	26.5659	 0.92	 39.99	0.040	  162.69	 99.90
 269.00	 266.90	 8.5523	34.2011	26.5670	 0.92	 39.88	0.040	  162.68	 99.90
 270.00	 267.89	 8.5443	34.2010	26.5682	 0.91	 39.65	0.040	  162.68	 99.90
 271.00	 268.88	 8.5267	34.1996	26.5699	 0.91	 39.43	0.040	  162.62	 99.90
 272.00	 269.88	 8.5152	34.2010	26.5727	 0.90	 39.15	0.040	  162.66	 99.90
 273.00	 270.87	 8.4985	34.1993	26.5740	 0.90	 38.96	0.040	  162.67	 99.90
 274.00	 271.86	 8.4815	34.2008	26.5777	 0.89	 38.84	0.040	  162.67	 99.90
 275.00	 272.85	 8.4733	34.2017	26.5798	 0.89	 38.69	0.040	  162.63	 99.90
 276.00	 273.84	 8.4694	34.2020	26.5806	 0.89	 38.55	0.041	  162.62	 99.90
 277.00	 274.83	 8.4643	34.2017	26.5812	 0.88	 38.33	0.041	  162.60	 99.90
 278.00	 275.82	 8.4596	34.2018	26.5820	 0.88	 38.07	0.040	  162.62	 99.90
 279.00	 276.82	 8.4454	34.2008	26.5833	 0.87	 37.89	0.041	  162.69	 99.90
 280.00	 277.81	 8.4339	34.2021	26.5862	 0.87	 37.75	0.041	  162.70	 99.90
 281.00	 278.80	 8.4290	34.2023	26.5871	 0.87	 37.65	0.040	  162.65	 99.90
 282.00	 279.79	 8.4263	34.2023	26.5875	 0.86	 37.51	0.040	  162.62	 99.90
 283.00	 280.78	 8.4222	34.2023	26.5881	 0.86	 37.40	0.041	  162.65	 99.91
 284.00	 281.77	 8.4130	34.2024	26.5897	 0.86	 37.27	0.041	  162.64	 99.91
 285.00	 282.76	 8.4052	34.2023	26.5908	 0.85	 37.17	0.041	  162.61	 99.91
 286.00	 283.76	 8.4011	34.2027	26.5917	 0.85	 37.10	0.041	  162.69	 99.91
 287.00	 284.75	 8.3987	34.2026	26.5920	 0.85	 36.98	0.040	  162.64	 99.90
 288.00	 285.74	 8.3943	34.2029	26.5930	 0.85	 37.01	0.040	  162.58	 99.92
 289.00	 286.73	 8.3891	34.2033	26.5941	 0.85	 36.91	0.040	  162.59	 99.91
 290.00	 287.72	 8.3830	34.2031	26.5949	 0.84	 36.73	0.040	  162.62	 99.91
 291.00	 288.71	 8.3742	34.2031	26.5962	 0.84	 36.61	0.041	  162.58	 99.91
 292.00	 289.70	 8.3645	34.2038	26.5982	 0.84	 36.40	0.041	  162.59	 99.91
 293.00	 290.70	 8.3549	34.2026	26.5988	 0.83	 36.25	0.040	  162.52	 99.91
 294.00	 291.69	 8.3478	34.2040	26.6009	 0.83	 36.19	0.040	  162.56	 99.92
 295.00	 292.68	 8.3415	34.2031	26.6013	 0.83	 36.07	0.041	  162.60	 99.92
 296.00	 293.67	 8.3309	34.2040	26.6036	 0.83	 35.99	0.041	  162.62	 99.91
 297.00	 294.66	 8.3262	34.2046	26.6048	 0.82	 35.88	0.040	  162.56	 99.92
 298.00	 295.65	 8.3212	34.2036	26.6048	 0.82	 35.78	0.040	  162.55	 99.92
 299.00	 296.64	 8.3127	34.2052	26.6073	 0.82	 35.74	0.040	  162.50	 99.93
 300.00	 297.64	 8.3133	34.2053	26.6073	 0.82	 35.74	0.040	  162.52	 99.92
 301.00	 298.63	 8.3111	34.2049	26.6073	 0.82	 35.76	0.040	  162.49	 99.93
 302.00	 299.62	 8.3091	34.2054	26.6080	 0.82	 35.70	0.040	  162.53	 99.92
 303.00	 300.61	 8.3065	34.2049	26.6081	 0.82	 35.64	0.040	  162.55	 99.93
 304.00	 301.60	 8.3014	34.2054	26.6092	 0.82	 35.61	0.040	  162.54	 99.92
 305.00	 302.59	 8.2980	34.2056	26.6100	 0.82	 35.57	0.040	  162.49	 99.93
 306.00	 303.58	 8.2942	34.2056	26.6105	 0.82	 35.50	0.040	  162.49	 99.92
 307.00	 304.58	 8.2897	34.2053	26.6110	 0.81	 35.35	0.040	  162.46	 99.92
 308.00	 305.57	 8.2846	34.2052	26.6117	 0.81	 35.32	0.040	  162.45	 99.92
 309.00	 306.56	 8.2758	34.2054	26.6132	 0.81	 35.30	0.041	  162.43	 99.92
 310.00	 307.55	 8.2734	34.2063	26.6143	 0.81	 35.40	0.041	  162.46	 99.93
 311.00	 308.54	 8.2722	34.2062	26.6144	 0.81	 35.44	0.040	  162.42	 99.93
 312.00	 309.53	 8.2646	34.2066	26.6159	 0.81	 35.44	0.040	  162.44	 99.92
 313.00	 310.52	 8.2590	34.2078	26.6177	 0.82	 35.49	0.040	  162.42	 99.93
 314.00	 311.52	 8.2567	34.2081	26.6183	 0.82	 35.48	0.040	  162.41	 99.93
 315.00	 312.51	 8.2464	34.2074	26.6193	 0.81	 35.43	0.040	  162.42	 99.93
 316.00	 313.50	 8.2384	34.2086	26.6215	 0.81	 35.23	0.040	  162.39	 99.93
 317.00	 314.49	 8.2239	34.2085	26.6236	 0.80	 34.98	0.040	  162.38	 99.93
 318.00	 315.48	 8.1985	34.2083	26.6272	 0.80	 34.75	0.040	  162.41	 99.93
 319.00	 316.47	 8.1914	34.2091	26.6290	 0.80	 34.64	0.040	  162.40	 99.93
 320.00	 317.46	 8.1873	34.2097	26.6300	 0.79	 34.55	0.040	  162.40	 99.93
 321.00	 318.45	 8.1857	34.2097	26.6303	 0.79	 34.44	0.040	  162.32	 99.93
 322.00	 319.45	 8.1839	34.2095	26.6304	 0.79	 34.43	0.041	  162.39	 99.93
 323.00	 320.44	 8.1778	34.2097	26.6315	 0.79	 34.30	0.042	  162.34	 99.93
 324.00	 321.43	 8.1731	34.2099	26.6324	 0.79	 34.29	0.041	  162.37	 99.93
 325.00	 322.42	 8.1706	34.2102	26.6330	 0.78	 34.14	0.040	  162.35	 99.93
 326.00	 323.41	 8.1665	34.2101	26.6336	 0.79	 34.15	0.040	  162.33	 99.93
 327.00	 324.40	 8.1619	34.2104	26.6345	 0.79	 34.16	0.040	  162.35	 99.93
 328.00	 325.39	 8.1610	34.2108	26.6350	 0.78	 34.04	0.041	  162.35	 99.93
 329.00	 326.39	 8.1612	34.2108	26.6350	 0.78	 33.94	0.040	  162.30	 99.93
 330.00	 327.38	 8.1576	34.2100	26.6349	 0.78	 33.97	0.040	  162.33	 99.93
 331.00	 328.37	 8.1511	34.2111	26.6368	 0.78	 33.94	0.041	  162.32	 99.93
 332.00	 329.36	 8.1511	34.2113	26.6369	 0.78	 33.88	0.040	  162.29	 99.93
 333.00	 330.35	 8.1518	34.2113	26.6368	 0.78	 33.86	0.041	  162.29	 99.93
 334.00	 331.34	 8.1518	34.2113	26.6368	 0.78	 33.86	0.041	  162.26	 99.93
 335.00	 332.33	 8.1510	34.2114	26.6371	 0.78	 33.88	0.040	  162.29	 99.93
 336.00	 333.32	 8.1504	34.2114	26.6371	 0.78	 33.84	0.040	  162.30	 99.93
 337.00	 334.32	 8.1498	34.2115	26.6374	 0.78	 33.86	0.040	  162.26	 99.93
 338.00	 335.31	 8.1496	34.2116	26.6375	 0.78	 33.85	0.040	  162.24	 99.93
 339.00	 336.30	 8.1473	34.2113	26.6376	 0.78	 33.81	0.040	  162.26	 99.93
 340.00	 337.29	 8.1412	34.2120	26.6390	 0.77	 33.66	0.040	  162.21	 99.93
 341.00	 338.28	 8.1360	34.2120	26.6399	 0.77	 33.56	0.040	  162.25	 99.93
 342.00	 339.27	 8.1303	34.2115	26.6404	 0.77	 33.43	0.040	  162.20	 99.93
 343.00	 340.26	 8.1198	34.2120	26.6423	 0.76	 33.03	0.040	  162.29	 99.93
 344.00	 341.25	 8.1086	34.2102	26.6426	 0.75	 32.59	0.040	  162.21	 99.93
 345.00	 342.24	 8.0781	34.2071	26.6447	 0.74	 32.32	0.040	  162.24	 99.93
 346.00	 343.24	 8.0534	34.2098	26.6505	 0.74	 32.07	0.040	  162.23	 99.93
 347.00	 344.23	 8.0511	34.2101	26.6511	 0.73	 31.90	0.041	  162.25	 99.93
 348.00	 345.22	 8.0460	34.2093	26.6512	 0.73	 31.67	0.042	  162.26	 99.93
 349.00	 346.21	 8.0398	34.2089	26.6519	 0.72	 31.47	0.040	  162.21	 99.93
 350.00	 347.20	 8.0251	34.2080	26.6533	 0.72	 31.24	0.040	  162.20	 99.93
 351.00	 348.19	 8.0122	34.2091	26.6561	 0.71	 31.05	0.040	  162.21	 99.93
 352.00	 349.18	 7.9989	34.2078	26.6571	 0.71	 30.83	0.040	  162.26	 99.93
 353.00	 350.17	 7.9821	34.2082	26.6599	 0.70	 30.56	0.040	  162.21	 99.93
 354.00	 351.17	 7.9660	34.2070	26.6613	 0.70	 30.31	0.041	  162.23	 99.93
 355.00	 352.16	 7.9418	34.2082	26.6659	 0.69	 30.07	0.042	  162.21	 99.93
 356.00	 353.15	 7.9294	34.2074	26.6671	 0.69	 29.81	0.042	  162.25	 99.93
 357.00	 354.14	 7.9100	34.2086	26.6709	 0.68	 29.46	0.042	  162.21	 99.93
 358.00	 355.13	 7.8893	34.2075	26.6731	 0.67	 29.09	0.040	  162.21	 99.94
 359.00	 356.12	 7.8710	34.2085	26.6765	 0.66	 28.79	0.040	  162.24	 99.94
 360.00	 357.11	 7.8652	34.2090	26.6778	 0.66	 28.70	0.040	  162.23	 99.94
 361.00	 358.10	 7.8639	34.2095	26.6784	 0.66	 28.63	0.040	  162.19	 99.94
 362.00	 359.09	 7.8636	34.2095	26.6785	 0.66	 28.51	0.040	  162.25	 99.94
 363.00	 360.09	 7.8623	34.2094	26.6786	 0.65	 28.41	0.040	  162.17	 99.94
 364.00	 361.08	 7.8605	34.2093	26.6788	 0.65	 28.35	0.040	  162.21	 99.94
 365.00	 362.07	 7.8572	34.2095	26.6795	 0.65	 28.17	0.040	  162.20	 99.94
 366.00	 363.06	 7.8539	34.2093	26.6798	 0.64	 27.98	0.040	  162.18	 99.94
 367.00	 364.05	 7.8457	34.2081	26.6800	 0.64	 27.70	0.040	  162.18	 99.95
 368.00	 365.04	 7.8208	34.2067	26.6826	 0.63	 27.34	0.040	  162.25	 99.94
 369.00	 366.03	 7.7949	34.2079	26.6873	 0.62	 27.03	0.042	  162.25	 99.95
 370.00	 367.02	 7.7788	34.2088	26.6904	 0.62	 26.79	0.040	  162.19	 99.95
 371.00	 368.01	 7.7663	34.2096	26.6929	 0.61	 26.70	0.041	  162.22	 99.95
 372.00	 369.01	 7.7565	34.2091	26.6939	 0.61	 26.64	0.041	  162.22	 99.95
 373.00	 370.00	 7.7465	34.2100	26.6961	 0.61	 26.56	0.041	  162.20	 99.95
 374.00	 370.99	 7.7436	34.2103	26.6967	 0.61	 26.54	0.041	  162.16	 99.95
 375.00	 371.98	 7.7402	34.2103	26.6973	 0.61	 26.48	0.040	  162.12	 99.95
 376.00	 372.97	 7.7376	34.2107	26.6979	 0.61	 26.41	0.040	  162.16	 99.95
 377.00	 373.96	 7.7363	34.2107	26.6981	 0.61	 26.43	0.040	  162.18	 99.95
 378.00	 374.95	 7.7343	34.2102	26.6981	 0.61	 26.34	0.040	  162.15	 99.95
 379.00	 375.94	 7.7218	34.2098	26.6996	 0.60	 26.07	0.040	  162.19	 99.95
 380.00	 376.93	 7.7108	34.2105	26.7017	 0.60	 25.89	0.041	  162.17	 99.95
 381.00	 377.92	 7.7022	34.2103	26.7029	 0.59	 25.69	0.040	  162.14	 99.95
 382.00	 378.92	 7.6822	34.2102	26.7056	 0.59	 25.59	0.041	  162.11	 99.95
 383.00	 379.91	 7.6703	34.2117	26.7085	 0.59	 25.48	0.042	  162.14	 99.95
 384.00	 380.90	 7.6654	34.2115	26.7092	 0.58	 25.32	0.041	  162.14	 99.95
 385.00	 381.89	 7.6557	34.2113	26.7104	 0.58	 25.26	0.040	  162.11	 99.95
 386.00	 382.88	 7.6445	34.2120	26.7125	 0.58	 25.16	0.040	  162.12	 99.95
 387.00	 383.87	 7.6373	34.2125	26.7140	 0.58	 25.10	0.040	  162.10	 99.95
 388.00	 384.86	 7.6358	34.2129	26.7145	 0.57	 25.00	0.041	  162.10	 99.95
 389.00	 385.85	 7.6360	34.2130	26.7146	 0.57	 24.86	0.041	  162.13	 99.95
 390.00	 386.84	 7.6348	34.2120	26.7140	 0.57	 24.61	0.040	  162.14	 99.95
 391.00	 387.83	 7.6128	34.2112	26.7166	 0.56	 24.25	0.040	  162.08	 99.95
 392.00	 388.83	 7.5976	34.2129	26.7201	 0.55	 23.98	0.042	  162.05	 99.95
 393.00	 389.82	 7.5859	34.2135	26.7223	 0.55	 23.82	0.041	  162.14	 99.95
 394.00	 390.81	 7.5769	34.2143	26.7241	 0.54	 23.63	0.040	  162.09	 99.95
 395.00	 391.80	 7.5727	34.2140	26.7245	 0.54	 23.48	0.041	  162.10	 99.95
 396.00	 392.79	 7.5626	34.2146	26.7265	 0.54	 23.33	0.040	  162.05	 99.95
 397.00	 393.78	 7.5613	34.2150	26.7270	 0.54	 23.28	0.040	  162.08	 99.95
 398.00	 394.77	 7.5590	34.2146	26.7271	 0.53	 23.11	0.041	  162.10	 99.95
 399.00	 395.76	 7.5516	34.2150	26.7284	 0.53	 22.96	0.042	  162.13	 99.95
 400.00	 396.75	 7.5413	34.2139	26.7291	 0.52	 22.76	0.042	  162.10	 99.95
 401.00	 397.74	 7.5292	34.2157	26.7322	 0.52	 22.52	0.042	  162.09	 99.96
 402.00	 398.73	 7.5207	34.2156	26.7334	 0.51	 22.07	0.041	  162.07	 99.96
 403.00	 399.73	 7.5044	34.2135	26.7341	 0.49	 21.46	0.040	  162.10	 99.96
 404.00	 400.72	 7.4678	34.2149	26.7403	 0.48	 21.06	0.040	  162.06	 99.96
 405.00	 401.71	 7.4421	34.2165	26.7453	 0.47	 20.61	0.040	  162.09	 99.96
 406.00	 402.70	 7.4228	34.2182	26.7494	 0.46	 20.18	0.041	  162.08	 99.96
 407.00	 403.69	 7.4120	34.2183	26.7510	 0.45	 19.76	0.042	  162.02	 99.97
 408.00	 404.68	 7.3912	34.2177	26.7534	 0.45	 19.49	0.041	  162.05	 99.97
 409.00	 405.67	 7.3730	34.2206	26.7583	 0.44	 19.26	0.042	  162.05	 99.97
 410.00	 406.66	 7.3674	34.2207	26.7592	 0.44	 18.99	0.041	  162.06	 87.92
 411.00	 407.65	 7.3603	34.2208	26.7603	 0.43	 18.49	0.040	  162.05	 93.81
 412.00	 408.64	 7.3416	34.2176	26.7604	 0.41	 17.90	0.041	  162.02	 99.97
 413.00	 409.63	 7.2889	34.2205	26.7701	 0.40	 17.46	0.042	  162.04	 99.98
 414.00	 410.63	 7.2692	34.2226	26.7745	 0.40	 17.21	0.041	  162.06	 99.97
 415.00	 411.62	 7.2482	34.2234	26.7780	 0.39	 16.97	0.041	  161.98	 99.98
 416.00	 412.61	 7.2353	34.2247	26.7809	 0.38	 16.74	0.042	  161.99	 99.98
 417.00	 413.60	 7.2273	34.2255	26.7827	 0.38	 16.53	0.042	  162.03	 99.98
 418.00	 414.59	 7.2169	34.2251	26.7838	 0.38	 16.33	0.041	  162.11	 99.98
 419.00	 415.58	 7.2012	34.2258	26.7866	 0.37	 16.16	0.041	  162.09	 99.98
 420.00	 416.57	 7.1900	34.2266	26.7887	 0.37	 16.01	0.042	  161.99	 99.98
 421.00	 417.56	 7.1792	34.2263	26.7900	 0.36	 15.82	0.042	  162.02	 99.98
 422.00	 418.55	 7.1669	34.2282	26.7932	 0.36	 15.69	0.042	  162.02	 99.98
 423.00	 419.54	 7.1651	34.2282	26.7935	 0.36	 15.50	0.042	  162.01	 99.98
 424.00	 420.53	 7.1602	34.2280	26.7941	 0.35	 15.42	0.042	  161.99	 99.98
 425.00	 421.52	 7.1558	34.2286	26.7951	 0.35	 15.44	0.041	  162.03	 99.98
 426.00	 422.52	 7.1537	34.2287	26.7955	 0.35	 15.27	0.041	  162.02	 99.98
 427.00	 423.51	 7.1492	34.2285	26.7960	 0.35	 15.07	0.042	  161.95	 99.98
 428.00	 424.50	 7.1216	34.2275	26.7991	 0.34	 14.95	0.042	  162.03	 99.98
 429.00	 425.49	 7.1039	34.2299	26.8034	 0.34	 14.82	0.042	  162.02	 99.98
 430.00	 426.48	 7.0973	34.2301	26.8045	 0.34	 14.60	0.042	  161.96	 99.98
 431.00	 427.47	 7.0924	34.2301	26.8052	 0.34	 14.60	0.042	  161.98	 99.98
 432.00	 428.46	 7.0865	34.2302	26.8060	 0.33	 14.55	0.042	  161.98	 99.98
 433.00	 429.45	 7.0803	34.2304	26.8071	 0.33	 14.39	0.041	  161.98	 99.98
 434.00	 430.44	 7.0741	34.2304	26.8080	 0.33	 14.29	0.041	  161.99	 99.98
 435.00	 431.43	 7.0640	34.2304	26.8094	 0.33	 14.19	0.042	  161.94	 99.98
 436.00	 432.42	 7.0566	34.2312	26.8110	 0.32	 14.10	0.042	  161.97	 99.98
 437.00	 433.41	 7.0515	34.2311	26.8116	 0.32	 14.00	0.041	  161.95	 99.98
 438.00	 434.40	 7.0467	34.2313	26.8125	 0.32	 13.86	0.040	  161.92	 99.98
 439.00	 435.40	 7.0416	34.2305	26.8126	 0.32	 13.72	0.041	  161.93	 99.98
 440.00	 436.39	 7.0309	34.2309	26.8143	 0.31	 13.54	0.040	  162.02	 99.98
 441.00	 437.38	 7.0204	34.2291	26.8144	 0.30	 13.19	0.040	  161.96	 99.98
 442.00	 438.37	 6.9913	34.2315	26.8203	 0.30	 12.84	0.041	  161.97	 99.98
 443.00	 439.36	 6.9824	34.2316	26.8216	 0.29	 12.61	0.042	  161.91	 99.98
 444.00	 440.35	 6.9701	34.2323	26.8238	 0.29	 12.46	0.041	  161.93	 99.99
 445.00	 441.34	 6.9673	34.2327	26.8246	 0.28	 12.30	0.041	  161.94	 99.99
 446.00	 442.33	 6.9613	34.2324	26.8252	 0.28	 12.03	0.042	  161.92	 99.99
 447.00	 443.32	 6.9493	34.2324	26.8268	 0.27	 11.85	0.042	  161.92	 99.99
 448.00	 444.31	 6.9414	34.2342	26.8293	 0.27	 11.72	0.041	  161.93	 99.99
 449.00	 445.30	 6.9410	34.2344	26.8295	 0.27	 11.69	0.041	  161.90	 99.99
 450.00	 446.29	 6.9402	34.2343	26.8295	 0.27	 11.67	0.042	  161.89	 99.99
 451.00	 447.28	 6.9371	34.2344	26.8301	 0.26	 11.42	0.042	  161.93	100.00
 452.00	 448.27	 6.9341	34.2343	26.8304	 0.26	 11.36	0.042	  161.91	 99.99
 453.00	 449.27	 6.9287	34.2346	26.8314	 0.26	 11.30	0.042	  161.91	 99.99
 454.00	 450.26	 6.9258	34.2351	26.8322	 0.26	 11.28	0.042	  161.87	100.00
 455.00	 451.25	 6.9250	34.2353	26.8324	 0.26	 11.18	0.042	  161.88	 99.99
 456.00	 452.24	 6.9246	34.2352	26.8325	 0.26	 11.12	0.042	  161.90	100.00
 457.00	 453.23	 6.9234	34.2352	26.8326	 0.26	 11.13	0.041	  161.87	 99.99
 458.00	 454.22	 6.9215	34.2352	26.8329	 0.25	 11.05	0.041	  161.85	100.00
 459.00	 455.21	 6.9174	34.2353	26.8336	 0.25	 10.88	0.041	  161.84	100.00
 460.00	 456.20	 6.9131	34.2352	26.8340	 0.25	 10.85	0.040	  161.88	100.00
 461.00	 457.19	 6.9062	34.2357	26.8354	 0.25	 10.67	0.040	  161.86	100.00
 462.00	 458.18	 6.9032	34.2356	26.8358	 0.24	 10.57	0.042	  161.87	100.00
 463.00	 459.17	 6.8983	34.2361	26.8369	 0.24	 10.40	0.041	  161.84	100.00
 464.00	 460.16	 6.8917	34.2355	26.8372	 0.24	 10.26	0.041	  161.90	100.00
 465.00	 461.15	 6.8789	34.2368	26.8401	 0.23	 10.08	0.042	  161.84	100.00
 466.00	 462.14	 6.8758	34.2374	26.8409	 0.23	  9.98	0.042	  161.86	100.00
 467.00	 463.13	 6.8742	34.2374	26.8411	 0.23	  9.86	0.042	  161.81	100.00
 468.00	 464.12	 6.8678	34.2374	26.8421	 0.22	  9.54	0.042	  161.89	100.00
 469.00	 465.12	 6.8603	34.2380	26.8435	 0.22	  9.41	0.042	  161.78	100.00
 470.00	 466.11	 6.8530	34.2387	26.8451	 0.21	  9.26	0.042	  161.74	100.00
 471.00	 467.10	 6.8503	34.2385	26.8453	 0.21	  9.16	0.040	  161.86	100.00
 472.00	 468.09	 6.8476	34.2390	26.8461	 0.21	  9.13	0.041	  161.82	100.00
 473.00	 469.08	 6.8437	34.2389	26.8465	 0.21	  9.05	0.041	  161.78	100.00
 474.00	 470.07	 6.8402	34.2394	26.8474	 0.21	  8.95	0.042	  161.79	100.00
 475.00	 471.06	 6.8391	34.2392	26.8475	 0.20	  8.83	0.042	  161.78	100.00
 476.00	 472.05	 6.8383	34.2395	26.8478	 0.20	  8.80	0.042	  161.75	100.00
 477.00	 473.04	 6.8363	34.2394	26.8480	 0.20	  8.73	0.042	  161.82	100.00
 478.00	 474.03	 6.8342	34.2390	26.8480	 0.20	  8.57	0.041	  161.70	100.00
 479.00	 475.02	 6.8269	34.2396	26.8494	 0.20	  8.49	0.041	  161.72	100.00
 480.00	 476.01	 6.8248	34.2397	26.8498	 0.19	  8.37	0.042	  161.74	100.00
 481.00	 477.00	 6.8201	34.2400	26.8507	 0.19	  8.37	0.042	  161.72	 99.99
 482.00	 477.99	 6.8174	34.2402	26.8512	 0.19	  8.31	0.042	  161.72	 98.79
 483.00	 478.98	 6.8155	34.2403	26.8516	 0.19	  8.13	0.042	  161.76	 98.37
 484.00	 479.97	 6.8144	34.2402	26.8517	 0.19	  8.09	0.042	  161.78	 97.28
 485.00	 480.96	 6.8108	34.2408	26.8526	 0.18	  7.99	0.042	  161.77	 96.24
 486.00	 481.95	 6.8095	34.2409	26.8529	 0.18	  7.96	0.042	  161.66	 95.25
 487.00	 482.95	 6.8101	34.2407	26.8527	 0.18	  7.86	0.042	  161.75	 94.28
 488.00	 483.94	 6.8066	34.2406	26.8531	 0.18	  7.65	0.042	  161.68	 93.29
 489.00	 484.93	 6.8015	34.2408	26.8539	 0.17	  7.47	0.042	  161.67	 92.25
 490.00	 485.92	 6.7907	34.2407	26.8553	 0.16	  7.08	0.042	  161.68	 91.24
 491.00	 486.91	 6.7710	34.2400	26.8574	 0.15	  6.69	0.042	  161.58	 90.21
 492.00	 487.90	 6.7505	34.2436	26.8630	 0.15	  6.49	0.042	  161.63	 89.20
 493.00	 488.89	 6.7485	34.2435	26.8633	 0.15	  6.36	0.042	  161.61	 88.17
 494.00	 489.88	 6.7468	34.2438	26.8637	 0.14	  6.23	0.042	  161.65	 87.26
 495.00	 490.87	 6.7464	34.2439	26.8638	 0.14	  6.18	0.042	  161.60	 86.27
 496.00	 491.86	 6.7460	34.2437	26.8638	 0.14	  6.17	0.042	  161.59	 85.26
 497.00	 492.85	 6.7456	34.2439	26.8640	 0.14	  6.09	0.042	  161.50	 84.23
 498.00	 493.84	 6.7451	34.2439	26.8641	 0.14	  6.10	0.042	  161.56	 83.23
 499.00	 494.83	 6.7444	34.2440	26.8643	 0.14	  6.06	0.042	  161.60	 82.22
 500.00	 495.82	 6.7436	34.2439	26.8643	 0.14	  5.92	0.042	  161.57	 81.18
 501.00	 496.81	 6.7371	34.2437	26.8650	 0.13	  5.72	0.042	  161.63	 80.17
 502.00	 497.80	 6.7214	34.2440	26.8674	 0.13	  5.61	0.042	  161.60	 79.18
 503.00	 498.79	 6.7168	34.2448	26.8686	 0.13	  5.56	0.042	  161.59	 78.25
 504.00	 499.78	 6.7111	34.2449	26.8695	 0.13	  5.56	0.042	  161.57	 77.26
 505.00	 500.77	 6.7095	34.2452	26.8699	 0.12	  5.43	0.042	  161.59	 76.26
 506.00	 501.76	 6.7065	34.2451	26.8703	 0.12	  5.35	0.042	  161.64	 75.26
 507.00	 502.75	 6.7008	34.2450	26.8710	 0.12	  5.30	0.042	  161.58	 74.19
 508.00	 503.75	 6.6926	34.2457	26.8726	 0.12	  5.17	0.042	  161.57	 73.18
 509.00	 504.74	 6.6883	34.2461	26.8735	 0.12	  5.12	0.042	  161.55	 72.18
 510.00	 505.73	 6.6868	34.2462	26.8739	 0.12	  5.03	0.042	  161.57	 71.23
 511.00	 506.72	 6.6864	34.2464	26.8740	 0.12	  5.03	0.042	  161.56	 70.21
 512.00	 507.71	 6.6862	34.2464	26.8741	 0.12	  5.05	0.042	  161.50	 69.23
 513.00	 508.70	 6.6859	34.2464	26.8742	 0.12	  5.00	0.042	  161.53	 68.23
 514.00	 509.69	 6.6856	34.2466	26.8743	 0.12	  5.01	0.042	  161.56	 67.23
 515.00	 510.68	 6.6856	34.2466	26.8743	 0.12	  5.01	0.042	  161.51	 66.25
 516.00	 511.67	 6.6845	34.2456	26.8738	 0.11	  4.95	0.042	  161.42	 65.24
 517.00	 512.66	 6.6819	34.2466	26.8749	 0.11	  4.87	0.041	  161.47	 64.25
 518.00	 513.65	 6.6794	34.2467	26.8753	 0.11	  4.80	0.041	  161.45	 63.23
 519.00	 514.64	 6.6774	34.2468	26.8757	 0.11	  4.77	0.042	  161.42	 62.20
 520.00	 515.63	 6.6761	34.2469	26.8759	 0.11	  4.77	0.042	  161.44	 61.22
 521.00	 516.62	 6.6753	34.2469	26.8760	 0.11	  4.75	0.042	  161.43	 60.22
 522.00	 517.61	 6.6726	34.2467	26.8762	 0.11	  4.60	0.042	  161.40	 59.25
 523.00	 518.60	 6.6697	34.2470	26.8769	 0.10	  4.53	0.042	  161.44	 58.29
 524.00	 519.59	 6.6664	34.2469	26.8772	 0.10	  4.51	0.042	  161.43	 57.24
 525.00	 520.58	 6.6625	34.2472	26.8780	 0.10	  4.34	0.041	  161.37	 56.23
 526.00	 521.57	 6.6558	34.2469	26.8787	 0.10	  4.21	0.041	  161.41	 55.21
 527.00	 522.56	 6.6492	34.2478	26.8803	 0.09	  4.05	0.042	  161.36	 54.22
 528.00	 523.55	 6.6467	34.2479	26.8807	 0.09	  3.96	0.042	  161.43	 53.22
 529.00	 524.54	 6.6428	34.2477	26.8811	 0.09	  3.74	0.042	  161.43	 52.28
 530.00	 525.53	 6.6379	34.2483	26.8822	 0.08	  3.68	0.042	  161.35	 51.27
 531.00	 526.52	 6.6356	34.2486	26.8827	 0.08	  3.60	0.042	  161.34	 50.23
 532.00	 527.51	 6.6333	34.2486	26.8831	 0.08	  3.48	0.042	  161.36	 49.24
 533.00	 528.50	 6.6308	34.2488	26.8836	 0.08	  3.45	0.042	  161.32	 48.26
 534.00	 529.49	 6.6294	34.2489	26.8839	 0.08	  3.41	0.042	  161.41	 47.26
 535.00	 530.48	 6.6267	34.2490	26.8843	 0.07	  3.26	0.042	  161.39	 46.26
 536.00	 531.47	 6.6239	34.2491	26.8848	 0.07	  3.25	0.042	  161.36	 45.23
 537.00	 532.47	 6.6221	34.2493	26.8852	 0.08	  3.28	0.042	  161.33	 44.24
 538.00	 533.46	 6.6215	34.2493	26.8853	 0.08	  3.29	0.042	  161.30	 43.28
 539.00	 534.45	 6.6209	34.2494	26.8855	 0.08	  3.29	0.042	  161.33	 42.25
 540.00	 535.44	 6.6206	34.2494	26.8855	 0.08	  3.27	0.042	  161.28	 41.30
 541.00	 536.43	 6.6203	34.2494	26.8856	 0.07	  3.24	0.042	  161.30	 40.27
 542.00	 537.42	 6.6197	34.2494	26.8856	 0.08	  3.27	0.042	  161.31	 39.26
 543.00	 538.41	 6.6187	34.2496	26.8859	 0.07	  3.22	0.042	  161.26	 38.23
 544.00	 539.40	 6.6183	34.2496	26.8860	 0.07	  3.20	0.042	  161.23	 37.24
 545.00	 540.39	 6.6180	34.2496	26.8861	 0.07	  3.21	0.042	  161.20	 36.24
 546.00	 541.38	 6.6179	34.2497	26.8861	 0.07	  3.18	0.042	  161.20	 35.25
 547.00	 542.37	 6.6176	34.2496	26.8862	 0.07	  3.16	0.042	  161.23	 34.27
 548.00	 543.36	 6.6174	34.2496	26.8862	 0.07	  3.17	0.042	  161.13	 33.31
 549.00	 544.35	 6.6175	34.2497	26.8863	 0.07	  3.20	0.042	  161.06	 32.26
 550.00	 545.34	 6.6175	34.2497	26.8863	 0.07	  3.20	0.042	  160.97	 31.21
 551.00	 546.33	 6.6176	34.2497	26.8863	 0.07	  3.18	0.042	  160.92	 30.22
 552.00	 547.32	 6.6177	34.2497	26.8863	 0.07	  3.12	0.042	  160.84	 29.24
 553.00	 548.31	 6.6178	34.2496	26.8862	 0.07	  3.16	0.042	  160.84	 28.23
 554.00	 549.30	 6.6178	34.2497	26.8863	 0.07	  3.17	0.042	  160.78	 27.23
 555.00	 550.29	 6.6180	34.2495	26.8861	 0.07	  3.12	0.042	  160.69	 26.25
 556.00	 551.28	 6.6180	34.2496	26.8862	 0.07	  3.13	0.042	  160.68	 25.26
 557.00	 552.27	 6.6180	34.2497	26.8863	 0.07	  3.18	0.042	  160.60	 24.29
 558.00	 553.26	 6.6182	34.2496	26.8862	 0.07	  3.13	0.042	  160.59	 23.24
 559.00	 554.25	 6.6182	34.2497	26.8863	 0.07	  3.15	0.042	  160.47	 22.18
 560.00	 555.24	 6.6183	34.2496	26.8863	 0.07	  3.09	0.042	  160.42	 21.21
 561.00	 556.23	 6.6184	34.2497	26.8863	 0.07	  3.09	0.042	  160.49	 20.30
 562.00	 557.22	 6.6185	34.2496	26.8862	 0.07	  3.13	0.042	  160.31	 19.25
 563.00	 558.21	 6.6185	34.2496	26.8862	 0.07	  3.13	0.042	  160.31	 18.21
 564.00	 559.20	 6.6185	34.2496	26.8863	 0.07	  3.06	0.042	  160.22	 17.19
 565.00	 560.19	 6.6186	34.2496	26.8863	 0.07	  3.09	0.042	  160.14	 16.12
 566.00	 561.18	 6.6188	34.2497	26.8863	 0.07	  3.08	0.042	  159.98	 14.96
 567.00	 562.17	 6.6187	34.2496	26.8863	 0.07	  3.05	0.042	  159.81	 13.96
 568.00	 563.16	 6.6187	34.2496	26.8862	 0.07	  3.05	0.042	  159.67	 12.94
 569.00	 564.15	 6.6187	34.2497	26.8863	 0.07	  2.99	0.042	  159.44	 11.95
 570.00	 565.14	 6.6189	34.2496	26.8863	 0.07	  2.94	0.042	  159.20	 10.91
 571.00	 566.13	 6.6199	34.2496	26.8862	 0.07	  2.95	0.042	  158.61	  9.82
