* Sea-Bird SBE 9 Data:
* Software Version Seasave V 7.26.7.107
* Vessel: NOAA Ship Ronald H. Brown
* Cruise: RB2102, West Coast Ocean Acidification (WCOA) 2021
* Dates: 20210622 to 20210723
* Region: NE Pacific, USA West Coast
* Ports: San Diego, CA to Port Angeles, WA to San Diego, CA
* Chief Scientists: R. Feely, NOAA PMEL; D. Greeley, NOAA PMEL; B. Carter, NOAA PMEL / UW CICOES
* Contacts: R. Feely, richard.a.feely@noaa.gov; D. Greeley, dana.greeley@noaa.gov; B. Carter, brendan.carter@noaa.gov
* Station: 128
* Cast: 1
* Cast Date-Time [GMT]: 21-Jul-2021 08:34:35
* Longitude: -118.387 W
* Latitude: 33.183 N
* Water Depth [m]: 1176
**********
* Column  1: Pressure [decibar]
* Column  2: Depth [m]
* Column  3: Temperature ITS-90 [degree C]
* Column  4: Salinity PSS-78 [psu]
* Column  5: Sigma-theta EOS-80 [kg/m^3 - 1000]
* Column  6: Oxygen [ml/L]
* Column  7: Oxygen [umol/kg]
* Column  8: Fluorescence [volts]
* Column  9: Oxygen Reduction Potential [mV]
* Column 10: Altimeter [m]
**********
*END*
   4.00	   3.97	20.7505	33.5054	23.4237	 5.42	236.69	0.048	  165.56	 98.37
   5.00	   4.96	20.7517	33.5056	23.4236	 5.42	236.55	0.049	  165.26	 69.44
   6.00	   5.96	20.7589	33.5057	23.4219	 5.42	236.42	0.049	  165.17	 89.58
   7.00	   6.95	20.7643	33.5058	23.4205	 5.42	236.50	0.050	  165.09	 99.21
   8.00	   7.94	20.7663	33.5057	23.4200	 5.43	237.00	0.050	  164.98	 99.68
   9.00	   8.94	20.7651	33.5058	23.4204	 5.42	236.58	0.049	  164.96	 99.69
  10.00	   9.93	20.7602	33.5056	23.4216	 5.43	236.89	0.049	  164.96	 91.95
  11.00	  10.92	20.7384	33.5039	23.4262	 5.45	237.77	0.049	  164.85	100.04
  12.00	  11.91	20.7349	33.5039	23.4272	 5.44	237.40	0.048	  164.84	 99.68
  13.00	  12.91	20.7169	33.5022	23.4307	 5.45	237.91	0.049	  164.79	 99.69
  14.00	  13.90	20.6517	33.4981	23.4451	 5.48	239.29	0.049	  164.77	 99.69
  15.00	  14.89	20.5309	33.4901	23.4712	 5.56	242.47	0.047	  164.78	 99.70
  16.00	  15.89	20.1475	33.4641	23.5528	 5.84	254.61	0.047	  164.73	 99.71
  17.00	  16.88	19.0086	33.4466	23.8328	 6.05	263.79	0.045	  164.87	 99.71
  18.00	  17.87	18.5689	33.4501	23.9458	 6.07	264.84	0.045	  164.87	 99.77
  19.00	  18.86	18.2010	33.4419	24.0306	 6.07	264.83	0.045	  164.86	 99.34
  20.00	  19.86	17.8925	33.4326	24.0990	 6.15	268.31	0.044	  164.87	 99.78
  21.00	  20.85	17.5372	33.4348	24.1864	 6.18	269.56	0.045	  164.86	 99.80
  22.00	  21.84	17.4098	33.4353	24.2174	 6.19	269.90	0.045	  164.81	 99.80
  23.00	  22.84	17.2309	33.4383	24.2622	 6.22	271.12	0.045	  164.85	 99.80
  24.00	  23.83	17.1277	33.4432	24.2905	 6.22	271.05	0.046	  164.86	 99.80
  25.00	  24.82	17.0609	33.4477	24.3097	 6.22	271.38	0.045	  164.81	 99.80
  26.00	  25.81	16.9957	33.4533	24.3294	 6.22	271.39	0.045	  164.77	 99.80
  27.00	  26.81	16.7645	33.4612	24.3896	 6.30	274.51	0.046	  164.77	 99.80
  28.00	  27.80	16.5537	33.4656	24.4419	 6.33	275.76	0.046	  164.80	 99.80
  29.00	  28.79	16.4620	33.4684	24.4653	 6.31	275.16	0.045	  164.77	 99.80
  30.00	  29.79	16.3645	33.4723	24.4907	 6.32	275.42	0.047	  164.79	 99.81
  31.00	  30.78	16.3279	33.4751	24.5013	 6.32	275.29	0.047	  164.76	 99.80
  32.00	  31.77	16.2834	33.4762	24.5124	 6.33	275.96	0.047	  164.72	 99.80
  33.00	  32.76	16.1319	33.4688	24.5412	 6.37	277.57	0.047	  164.72	 99.80
  34.00	  33.76	15.9780	33.4645	24.5728	 6.39	278.38	0.048	  164.74	 99.80
  35.00	  34.75	15.6830	33.4809	24.6517	 6.41	279.53	0.049	  164.73	 91.40
  36.00	  35.74	15.4576	33.4726	24.6955	 6.40	278.99	0.050	  164.73	 99.88
  37.00	  36.74	15.2484	33.4702	24.7398	 6.36	277.27	0.050	  164.71	 99.67
  38.00	  37.73	15.1501	33.4794	24.7684	 6.31	275.11	0.051	  164.70	 95.28
  39.00	  38.72	15.0328	33.4761	24.7914	 6.32	275.57	0.053	  164.75	 99.93
  40.00	  39.71	14.9922	33.4755	24.7998	 6.32	275.29	0.052	  164.68	 99.77
  41.00	  40.71	14.9169	33.4848	24.8233	 6.31	274.80	0.055	  164.67	 95.78
  42.00	  41.70	14.7581	33.4851	24.8577	 6.29	274.30	0.067	  164.69	 95.66
  43.00	  42.69	14.6573	33.4818	24.8768	 6.29	273.96	0.077	  164.63	 99.69
  44.00	  43.68	14.6476	33.4864	24.8825	 6.22	270.88	0.085	  164.59	 92.78
  45.00	  44.68	14.4726	33.4679	24.9055	 6.15	268.08	0.089	  164.59	 99.82
  46.00	  45.67	14.3594	33.4602	24.9235	 6.11	266.02	0.087	  164.60	 99.73
  47.00	  46.66	14.2321	33.4622	24.9518	 6.03	262.60	0.095	  164.55	 95.18
  48.00	  47.66	14.0847	33.4621	24.9826	 5.97	260.10	0.089	  164.60	 99.61
  49.00	  48.65	13.9826	33.4726	25.0120	 5.92	257.80	0.089	  164.58	 99.65
  50.00	  49.64	13.9104	33.4717	25.0262	 5.83	254.22	0.090	  164.59	 99.63
  51.00	  50.63	13.8073	33.4661	25.0432	 5.75	250.66	0.082	  164.58	 99.61
  52.00	  51.63	13.6216	33.4539	25.0718	 5.69	248.11	0.080	  164.61	 99.59
  53.00	  52.62	13.4372	33.4559	25.1108	 5.67	247.22	0.082	  164.65	 99.56
  54.00	  53.61	13.4191	33.4566	25.1150	 5.65	246.30	0.083	  164.59	 99.52
  55.00	  54.60	13.4083	33.4569	25.1175	 5.66	246.59	0.081	  164.57	 99.51
  56.00	  55.60	13.4037	33.4575	25.1188	 5.65	246.07	0.082	  164.53	 99.50
  57.00	  56.59	13.3964	33.4579	25.1207	 5.64	245.61	0.084	  164.51	 99.50
  58.00	  57.58	13.3870	33.4576	25.1224	 5.62	245.04	0.078	  164.48	 99.49
  59.00	  58.57	13.3685	33.4566	25.1254	 5.56	242.31	0.079	  164.39	 99.49
  60.00	  59.57	13.2197	33.4444	25.1458	 5.45	237.45	0.079	  164.35	 99.49
  61.00	  60.56	13.0504	33.4378	25.1744	 5.39	234.75	0.080	  164.35	 99.46
  62.00	  61.55	13.0215	33.4384	25.1807	 5.30	230.86	0.076	  164.34	 99.44
  63.00	  62.55	12.9263	33.4404	25.2011	 5.20	226.67	0.077	  164.37	 99.42
  64.00	  63.54	12.8136	33.4472	25.2285	 5.15	224.50	0.079	  164.38	 99.40
  65.00	  64.53	12.7512	33.4474	25.2408	 5.15	224.19	0.078	  164.36	 99.38
  66.00	  65.52	12.6579	33.4453	25.2575	 5.14	223.76	0.073	  164.33	 99.37
  67.00	  66.52	12.6070	33.4464	25.2682	 5.15	224.40	0.074	  164.33	 99.36
  68.00	  67.51	12.6068	33.4466	25.2685	 5.14	223.97	0.075	  164.29	 99.35
  69.00	  68.50	12.6064	33.4470	25.2689	 5.14	223.90	0.074	  164.23	 99.34
  70.00	  69.49	12.6044	33.4474	25.2696	 5.12	223.07	0.077	  164.24	 99.34
  71.00	  70.49	12.5910	33.4485	25.2731	 5.06	220.20	0.076	  164.16	 99.34
  72.00	  71.48	12.5086	33.4505	25.2906	 4.92	214.23	0.076	  164.17	 99.34
  73.00	  72.47	12.3876	33.4543	25.3169	 4.85	211.17	0.069	  164.16	 99.34
  74.00	  73.46	12.3131	33.4632	25.3381	 4.84	210.89	0.066	  164.16	 99.33
  75.00	  74.46	12.2300	33.4690	25.3584	 4.82	209.98	0.065	  164.16	 99.32
  76.00	  75.45	12.1725	33.4726	25.3722	 4.80	209.09	0.061	  164.13	 99.32
  77.00	  76.44	12.1380	33.4739	25.3797	 4.77	207.57	0.059	  164.18	 99.32
  78.00	  77.43	12.1066	33.4745	25.3861	 4.69	204.23	0.060	  164.11	 99.32
  79.00	  78.43	12.0316	33.4792	25.4040	 4.59	199.83	0.060	  164.09	 99.32
  80.00	  79.42	11.9523	33.4896	25.4270	 4.52	196.84	0.057	  164.15	 99.31
  81.00	  80.41	11.9003	33.4957	25.4415	 4.45	193.61	0.057	  164.11	 99.30
  82.00	  81.40	11.8027	33.5043	25.4664	 4.40	191.70	0.057	  164.13	 99.29
  83.00	  82.40	11.6392	33.5120	25.5027	 4.40	191.64	0.053	  164.18	 99.30
  84.00	  83.39	11.5750	33.5173	25.5187	 4.40	191.49	0.052	  164.18	 99.30
  85.00	  84.38	11.5680	33.5165	25.5194	 4.39	191.00	0.052	  164.18	 99.32
  86.00	  85.37	11.5590	33.5155	25.5203	 4.35	189.48	0.053	  164.16	 99.32
  87.00	  86.37	11.5033	33.5161	25.5310	 4.30	187.34	0.051	  164.14	 99.32
  88.00	  87.36	11.2936	33.5158	25.5690	 4.25	185.28	0.049	  164.20	 99.32
  89.00	  88.35	11.1357	33.5276	25.6067	 4.22	183.72	0.050	  164.24	 99.32
  90.00	  89.34	11.0980	33.5347	25.6190	 4.15	180.89	0.047	  164.20	 99.32
  91.00	  90.34	11.0430	33.5509	25.6415	 4.07	177.43	0.047	  164.19	 99.32
  92.00	  91.33	10.9031	33.5696	25.6809	 4.02	175.07	0.045	  164.27	 99.32
  93.00	  92.32	10.8866	33.5803	25.6922	 3.97	172.95	0.044	  164.26	 99.34
  94.00	  93.31	10.8937	33.5940	25.7016	 3.89	169.41	0.044	  164.22	 99.34
  95.00	  94.31	10.8516	33.6116	25.7228	 3.79	165.16	0.044	  164.22	 99.34
  96.00	  95.30	10.7867	33.6387	25.7554	 3.76	163.88	0.044	  164.24	 99.36
  97.00	  96.29	10.7735	33.6500	25.7665	 3.73	162.31	0.044	  164.26	 99.37
  98.00	  97.28	10.7548	33.6546	25.7735	 3.66	159.22	0.044	  164.23	 99.38
  99.00	  98.28	10.7084	33.6752	25.7977	 3.61	157.02	0.044	  164.21	 99.39
 100.00	  99.27	10.6482	33.6926	25.8218	 3.58	155.89	0.043	  164.21	 99.39
 101.00	 100.26	10.6135	33.7014	25.8347	 3.56	155.19	0.043	  164.21	 99.40
 102.00	 101.25	10.5830	33.7082	25.8454	 3.53	153.80	0.043	  164.20	 99.41
 103.00	 102.25	10.5500	33.7151	25.8565	 3.50	152.37	0.043	  164.19	 99.41
 104.00	 103.24	10.4913	33.7258	25.8750	 3.49	151.93	0.043	  164.18	 99.42
 105.00	 104.23	10.4136	33.7320	25.8933	 3.49	151.88	0.042	  164.17	 99.44
 106.00	 105.22	10.4145	33.7343	25.8950	 3.48	151.66	0.042	  164.18	 99.44
 107.00	 106.22	10.4005	33.7330	25.8964	 3.49	152.00	0.041	  164.16	 99.44
 108.00	 107.21	10.3721	33.7314	25.9001	 3.48	151.36	0.042	  164.18	 99.44
 109.00	 108.20	10.3551	33.7324	25.9039	 3.45	150.01	0.042	  164.12	 99.44
 110.00	 109.19	10.3534	33.7408	25.9107	 3.41	148.26	0.041	  164.08	 99.44
 111.00	 110.19	10.3559	33.7484	25.9163	 3.34	145.52	0.040	  164.10	 99.44
 112.00	 111.18	10.3627	33.7633	25.9267	 3.29	143.39	0.040	  164.08	 99.45
 113.00	 112.17	10.3602	33.7773	25.9380	 3.31	143.94	0.040	  164.10	 99.46
 114.00	 113.16	10.3102	33.7827	25.9509	 3.35	145.91	0.040	  164.09	 99.46
 115.00	 114.16	10.2781	33.7800	25.9543	 3.37	146.69	0.041	  164.08	 99.47
 116.00	 115.15	10.2570	33.7787	25.9569	 3.37	146.54	0.040	  163.97	 99.48
 117.00	 116.14	10.2471	33.7793	25.9591	 3.36	146.46	0.040	  163.98	 99.47
 118.00	 117.13	10.2334	33.7803	25.9623	 3.36	146.18	0.040	  163.95	 99.46
 119.00	 118.13	10.1927	33.7887	25.9758	 3.35	145.75	0.040	  164.02	 99.46
 120.00	 119.12	10.1870	33.7901	25.9778	 3.32	144.66	0.040	  163.90	 99.46
 121.00	 120.11	10.1756	33.7945	25.9832	 3.31	143.94	0.040	  163.90	 99.46
 122.00	 121.10	10.1635	33.7976	25.9877	 3.29	143.33	0.040	  163.87	 99.47
 123.00	 122.09	10.1341	33.8048	25.9984	 3.28	142.91	0.040	  163.83	 99.47
 124.00	 123.09	10.1127	33.8110	26.0068	 3.27	142.34	0.040	  163.87	 99.48
 125.00	 124.08	10.0883	33.8176	26.0162	 3.25	141.48	0.040	  163.82	 99.49
 126.00	 125.07	10.0798	33.8201	26.0196	 3.24	141.04	0.040	  163.85	 99.49
 127.00	 126.06	10.0722	33.8222	26.0225	 3.24	140.88	0.040	  163.82	 99.49
 128.00	 127.06	10.0643	33.8251	26.0261	 3.24	140.87	0.040	  163.80	 99.49
 129.00	 128.05	10.0583	33.8276	26.0291	 3.23	140.66	0.040	  163.81	 99.49
 130.00	 129.04	10.0516	33.8302	26.0323	 3.23	140.43	0.041	  163.75	 99.49
 131.00	 130.03	10.0467	33.8320	26.0346	 3.22	139.98	0.040	  163.77	 99.49
 132.00	 131.03	10.0445	33.8329	26.0357	 3.21	139.93	0.040	  163.69	 99.49
 133.00	 132.02	10.0346	33.8359	26.0397	 3.22	140.08	0.040	  163.66	 99.49
 134.00	 133.01	10.0310	33.8370	26.0412	 3.21	139.69	0.040	  163.65	 99.50
 135.00	 134.00	10.0285	33.8378	26.0422	 3.19	138.73	0.040	  163.64	 99.49
 136.00	 134.99	10.0177	33.8397	26.0455	 3.16	137.68	0.040	  163.58	 99.50
 137.00	 135.99	 9.9875	33.8476	26.0569	 3.15	137.18	0.040	  163.57	 99.51
 138.00	 136.98	 9.9753	33.8518	26.0622	 3.13	136.42	0.040	  163.61	 99.51
 139.00	 137.97	 9.9487	33.8590	26.0723	 3.11	135.26	0.040	  163.60	 99.51
 140.00	 138.96	 9.9422	33.8702	26.0822	 3.07	133.81	0.040	  163.58	 99.51
 141.00	 139.96	 9.9282	33.8810	26.0930	 3.04	132.17	0.041	  163.58	 99.51
 142.00	 140.95	 9.9220	33.8882	26.0996	 3.01	130.89	0.041	  163.54	 99.51
 143.00	 141.94	 9.9161	33.8916	26.1033	 2.98	129.79	0.040	  163.51	 99.52
 144.00	 142.93	 9.9061	33.8986	26.1105	 2.96	128.75	0.040	  163.48	 99.53
 145.00	 143.92	 9.8878	33.9062	26.1195	 2.95	128.41	0.040	  163.45	 99.54
 146.00	 144.92	 9.8767	33.9101	26.1244	 2.94	127.79	0.040	  163.43	 99.54
 147.00	 145.91	 9.8604	33.9137	26.1300	 2.92	127.23	0.040	  163.42	 99.54
 148.00	 146.90	 9.8393	33.9209	26.1392	 2.92	127.07	0.040	  163.40	 99.54
 149.00	 147.89	 9.8255	33.9243	26.1442	 2.93	127.70	0.041	  163.41	 99.55
 150.00	 148.89	 9.8017	33.9257	26.1492	 2.96	128.97	0.041	  163.37	 99.55
 151.00	 149.88	 9.7573	33.9277	26.1582	 3.01	131.08	0.040	  163.40	 99.56
 152.00	 150.87	 9.6858	33.9259	26.1686	 3.04	132.17	0.040	  163.39	 99.56
 153.00	 151.86	 9.6312	33.9272	26.1787	 3.03	131.76	0.040	  163.33	 99.56
 154.00	 152.85	 9.5983	33.9302	26.1864	 3.01	130.97	0.040	  163.32	 99.55
 155.00	 153.85	 9.5719	33.9324	26.1925	 2.98	129.81	0.041	  163.31	 99.54
 156.00	 154.84	 9.5576	33.9355	26.1973	 2.98	129.77	0.040	  163.33	 99.54
 157.00	 155.83	 9.5541	33.9366	26.1988	 2.97	129.30	0.040	  163.30	 99.54
 158.00	 156.82	 9.5492	33.9403	26.2025	 2.95	128.37	0.040	  163.33	 99.55
 159.00	 157.82	 9.5550	33.9475	26.2072	 2.94	127.87	0.040	  163.29	 99.55
 160.00	 158.81	 9.5578	33.9520	26.2102	 2.93	127.41	0.040	  163.20	 99.55
 161.00	 159.80	 9.5556	33.9570	26.2146	 2.91	126.63	0.040	  163.17	 99.56
 162.00	 160.79	 9.5531	33.9655	26.2217	 2.87	124.81	0.039	  163.21	 99.56
 163.00	 161.78	 9.5562	33.9744	26.2281	 2.83	123.01	0.040	  163.15	 99.56
 164.00	 162.78	 9.5486	33.9782	26.2323	 2.83	123.12	0.040	  163.20	 99.56
 165.00	 163.77	 9.5207	33.9817	26.2397	 2.83	123.33	0.040	  163.17	 99.56
 166.00	 164.76	 9.5076	33.9837	26.2434	 2.83	122.97	0.041	  163.14	 99.56
 167.00	 165.75	 9.5035	33.9859	26.2458	 2.82	122.53	0.040	  163.16	 99.58
 168.00	 166.75	 9.5003	33.9882	26.2481	 2.80	121.67	0.039	  163.13	 99.57
 169.00	 167.74	 9.5033	33.9929	26.2514	 2.78	120.81	0.040	  163.15	 99.58
 170.00	 168.73	 9.5171	33.9994	26.2542	 2.77	120.69	0.040	  163.14	 99.58
 171.00	 169.72	 9.5068	33.9996	26.2561	 2.78	120.94	0.040	  163.11	 99.58
 172.00	 170.71	 9.4593	33.9982	26.2628	 2.78	120.86	0.040	  163.08	 99.58
 173.00	 171.71	 9.4274	34.0014	26.2704	 2.75	119.86	0.040	  163.07	 99.58
 174.00	 172.70	 9.4360	34.0044	26.2715	 2.72	118.55	0.041	  163.00	 99.58
 175.00	 173.69	 9.4409	34.0096	26.2747	 2.71	117.97	0.040	  163.04	 99.58
 176.00	 174.68	 9.4341	34.0129	26.2784	 2.70	117.44	0.040	  163.01	 99.58
 177.00	 175.67	 9.4098	34.0136	26.2830	 2.68	116.66	0.040	  163.02	 99.58
 178.00	 176.67	 9.3683	34.0126	26.2889	 2.67	116.02	0.040	  163.04	 99.58
 179.00	 177.66	 9.2985	34.0244	26.3094	 2.68	116.43	0.039	  163.00	 99.60
 180.00	 178.65	 9.2441	34.0226	26.3168	 2.69	116.99	0.039	  163.05	 99.60
 181.00	 179.64	 9.2096	34.0199	26.3203	 2.69	116.85	0.040	  163.06	 99.60
 182.00	 180.63	 9.1812	34.0177	26.3232	 2.68	116.58	0.039	  163.08	 99.61
 183.00	 181.63	 9.1637	34.0166	26.3251	 2.68	116.42	0.040	  163.05	 99.61
 184.00	 182.62	 9.1546	34.0160	26.3261	 2.67	116.00	0.040	  162.96	 99.61
 185.00	 183.61	 9.1238	34.0146	26.3300	 2.65	115.49	0.040	  162.95	 99.61
 186.00	 184.60	 9.0907	34.0201	26.3395	 2.65	115.43	0.040	  162.93	 99.61
 187.00	 185.59	 9.0901	34.0205	26.3400	 2.64	115.09	0.040	  162.99	 99.61
 188.00	 186.59	 9.0913	34.0211	26.3403	 2.62	114.21	0.040	  162.94	 99.61
 189.00	 187.58	 9.0936	34.0222	26.3408	 2.61	113.43	0.039	  162.95	 99.61
 190.00	 188.57	 9.0878	34.0244	26.3434	 2.57	111.76	0.040	  162.88	 99.61
 191.00	 189.56	 9.0660	34.0264	26.3485	 2.52	109.78	0.040	  162.89	 99.61
 192.00	 190.55	 9.0482	34.0384	26.3607	 2.52	109.67	0.040	  162.98	 99.62
 193.00	 191.55	 9.0406	34.0414	26.3643	 2.54	110.62	0.040	  162.91	 99.62
 194.00	 192.54	 9.0052	34.0382	26.3674	 2.56	111.40	0.040	  162.87	 99.63
 195.00	 193.53	 8.9743	34.0372	26.3716	 2.57	111.89	0.040	  162.88	 99.63
 196.00	 194.52	 8.9567	34.0345	26.3723	 2.57	111.83	0.040	  162.88	 99.63
 197.00	 195.51	 8.8948	34.0322	26.3802	 2.57	111.86	0.040	  162.90	 99.63
 198.00	 196.51	 8.8780	34.0338	26.3842	 2.57	111.97	0.040	  162.81	 99.63
 199.00	 197.50	 8.8576	34.0345	26.3879	 2.57	111.92	0.040	  162.91	 99.63
 200.00	 198.49	 8.8486	34.0343	26.3892	 2.58	112.09	0.041	  162.84	 99.63
 201.00	 199.48	 8.8408	34.0341	26.3903	 2.58	112.05	0.040	  162.89	 99.63
 202.00	 200.47	 8.8316	34.0340	26.3917	 2.57	111.63	0.040	  162.79	 99.63
 203.00	 201.47	 8.8261	34.0349	26.3932	 2.55	110.88	0.040	  162.83	 99.63
 204.00	 202.46	 8.8237	34.0359	26.3944	 2.54	110.51	0.040	  162.83	 99.63
 205.00	 203.45	 8.8235	34.0367	26.3951	 2.53	110.23	0.040	  162.81	 99.63
 206.00	 204.44	 8.8197	34.0377	26.3965	 2.52	109.74	0.040	  162.80	 99.63
 207.00	 205.43	 8.8141	34.0390	26.3984	 2.51	109.10	0.040	  162.76	 99.63
 208.00	 206.43	 8.8003	34.0411	26.4022	 2.50	108.61	0.040	  162.76	 99.63
 209.00	 207.42	 8.7916	34.0433	26.4053	 2.49	108.18	0.040	  162.75	 99.63
 210.00	 208.41	 8.7905	34.0449	26.4068	 2.48	107.77	0.040	  162.71	 99.63
 211.00	 209.40	 8.7903	34.0461	26.4077	 2.46	107.07	0.040	  162.74	 99.63
 212.00	 210.39	 8.7911	34.0470	26.4083	 2.45	106.50	0.040	  162.69	 99.64
 213.00	 211.39	 8.7940	34.0500	26.4102	 2.44	106.26	0.040	  162.72	 99.65
 214.00	 212.38	 8.7857	34.0516	26.4128	 2.45	106.49	0.040	  162.72	 99.65
 215.00	 213.37	 8.7714	34.0517	26.4151	 2.46	107.01	0.040	  162.71	 99.65
 216.00	 214.36	 8.7397	34.0476	26.4169	 2.44	106.14	0.040	  162.70	 99.66
 217.00	 215.35	 8.7089	34.0488	26.4226	 2.40	104.33	0.040	  162.69	 99.66
 218.00	 216.35	 8.7001	34.0560	26.4296	 2.38	103.50	0.040	  162.65	 99.66
 219.00	 217.34	 8.6803	34.0566	26.4332	 2.38	103.47	0.040	  162.70	 99.66
 220.00	 218.33	 8.6520	34.0574	26.4382	 2.39	103.85	0.040	  162.68	 99.66
 221.00	 219.32	 8.6387	34.0579	26.4407	 2.38	103.53	0.039	  162.66	 99.66
 222.00	 220.31	 8.6316	34.0576	26.4415	 2.37	102.92	0.040	  162.63	 99.66
 223.00	 221.30	 8.6253	34.0583	26.4431	 2.35	102.07	0.040	  162.63	 99.66
 224.00	 222.30	 8.6173	34.0607	26.4462	 2.31	100.64	0.040	  162.66	 99.66
 225.00	 223.29	 8.6131	34.0637	26.4492	 2.28	 99.34	0.040	  162.65	 99.66
 226.00	 224.28	 8.6104	34.0677	26.4529	 2.27	 98.61	0.040	  162.62	 99.67
 227.00	 225.27	 8.6030	34.0707	26.4563	 2.26	 98.13	0.041	  162.61	 99.67
 228.00	 226.26	 8.5920	34.0718	26.4589	 2.24	 97.55	0.040	  162.62	 99.68
 229.00	 227.26	 8.5829	34.0722	26.4606	 2.23	 97.02	0.040	  162.59	 99.68
 230.00	 228.25	 8.5684	34.0744	26.4646	 2.23	 96.99	0.040	  162.62	 99.68
 231.00	 229.24	 8.5399	34.0737	26.4684	 2.22	 96.71	0.041	  162.57	 99.68
 232.00	 230.23	 8.5130	34.0727	26.4718	 2.21	 96.32	0.040	  162.62	 99.68
 233.00	 231.22	 8.5022	34.0740	26.4745	 2.20	 95.65	0.040	  162.57	 99.68
 234.00	 232.22	 8.4943	34.0760	26.4773	 2.18	 94.76	0.040	  162.60	 99.68
 235.00	 233.21	 8.4923	34.0790	26.4799	 2.16	 94.07	0.040	  162.62	 99.69
 236.00	 234.20	 8.4925	34.0816	26.4820	 2.16	 93.81	0.040	  162.62	 99.69
 237.00	 235.19	 8.4755	34.0795	26.4829	 2.15	 93.46	0.040	  162.57	 99.71
 238.00	 236.18	 8.4420	34.0797	26.4883	 2.14	 93.05	0.040	  162.60	 99.71
 239.00	 237.17	 8.4318	34.0815	26.4912	 2.13	 92.55	0.040	  162.58	 99.71
 240.00	 238.17	 8.4294	34.0817	26.4918	 2.12	 92.25	0.040	  162.58	 99.71
 241.00	 239.16	 8.4233	34.0821	26.4931	 2.11	 91.93	0.040	  162.59	 99.71
 242.00	 240.15	 8.4082	34.0826	26.4957	 2.11	 91.72	0.040	  162.61	 99.71
 243.00	 241.14	 8.3957	34.0826	26.4977	 2.11	 91.83	0.040	  162.59	 99.71
 244.00	 242.13	 8.3860	34.0826	26.4991	 2.12	 92.17	0.041	  162.59	 99.71
 245.00	 243.12	 8.3729	34.0815	26.5003	 2.13	 92.53	0.040	  162.51	 99.71
 246.00	 244.12	 8.3409	34.0791	26.5033	 2.13	 92.88	0.040	  162.60	 99.72
 247.00	 245.11	 8.3180	34.0771	26.5051	 2.13	 92.69	0.040	  162.55	 99.72
 248.00	 246.10	 8.2862	34.0751	26.5084	 2.12	 92.30	0.040	  162.55	 99.72
 249.00	 247.09	 8.2602	34.0743	26.5117	 2.11	 91.61	0.040	  162.49	 99.72
 250.00	 248.08	 8.2536	34.0769	26.5148	 2.10	 91.15	0.040	  162.48	 99.71
 251.00	 249.08	 8.2619	34.0792	26.5154	 2.09	 91.07	0.040	  162.44	 99.72
 252.00	 250.07	 8.2628	34.0796	26.5155	 2.09	 90.94	0.040	  162.48	 99.72
 253.00	 251.06	 8.2631	34.0798	26.5157	 2.09	 90.90	0.040	  162.48	 99.72
 254.00	 252.05	 8.2581	34.0792	26.5159	 2.10	 91.33	0.040	  162.45	 99.72
 255.00	 253.04	 8.2488	34.0786	26.5169	 2.12	 92.19	0.040	  162.42	 99.72
 256.00	 254.03	 8.2302	34.0757	26.5174	 2.14	 93.00	0.040	  162.42	 99.72
 257.00	 255.03	 8.2027	34.0730	26.5195	 2.14	 93.30	0.040	  162.41	 99.73
 258.00	 256.02	 8.1903	34.0718	26.5204	 2.14	 93.16	0.040	  162.40	 99.73
 259.00	 257.01	 8.1681	34.0696	26.5220	 2.14	 92.93	0.040	  162.44	 99.72
 260.00	 258.00	 8.1567	34.0695	26.5236	 2.13	 92.56	0.040	  162.38	 99.72
 261.00	 258.99	 8.1404	34.0690	26.5257	 2.11	 91.76	0.040	  162.40	 99.72
 262.00	 259.98	 8.1320	34.0690	26.5270	 2.09	 91.08	0.040	  162.37	 99.72
 263.00	 260.98	 8.1114	34.0698	26.5307	 2.08	 90.33	0.040	  162.38	 99.72
 264.00	 261.97	 8.0972	34.0713	26.5340	 2.05	 89.08	0.040	  162.38	 99.72
 265.00	 262.96	 8.0857	34.0723	26.5365	 2.01	 87.52	0.040	  162.38	 99.72
 266.00	 263.95	 8.0596	34.0736	26.5414	 1.98	 86.29	0.041	  162.39	 99.72
 267.00	 264.94	 8.0303	34.0775	26.5488	 1.98	 86.20	0.040	  162.39	 99.73
 268.00	 265.93	 8.0030	34.0792	26.5542	 1.99	 86.67	0.040	  162.38	 99.73
 269.00	 266.93	 7.9893	34.0781	26.5553	 2.00	 86.94	0.040	  162.41	 99.73
 270.00	 267.92	 7.9757	34.0771	26.5566	 2.00	 86.99	0.040	  162.41	 99.73
 271.00	 268.91	 7.9720	34.0768	26.5569	 2.00	 86.99	0.040	  162.38	 99.73
 272.00	 269.90	 7.9681	34.0764	26.5572	 2.00	 86.87	0.040	  162.38	 99.73
 273.00	 270.89	 7.9666	34.0764	26.5575	 1.99	 86.79	0.040	  162.40	 99.73
 274.00	 271.88	 7.9665	34.0766	26.5576	 1.99	 86.62	0.040	  162.31	 99.74
 275.00	 272.88	 7.9667	34.0768	26.5578	 1.99	 86.52	0.040	  162.34	 99.74
 276.00	 273.87	 7.9676	34.0775	26.5582	 1.99	 86.57	0.040	  162.33	 99.74
 277.00	 274.86	 7.9651	34.0771	26.5582	 1.99	 86.63	0.040	  162.27	 99.74
 278.00	 275.85	 7.9545	34.0756	26.5587	 2.00	 86.80	0.040	  162.31	 99.74
 279.00	 276.84	 7.9370	34.0751	26.5608	 1.99	 86.67	0.040	  162.32	 99.74
 280.00	 277.83	 7.9170	34.0740	26.5629	 1.97	 85.90	0.040	  162.27	 99.75
 281.00	 278.82	 7.9080	34.0762	26.5660	 1.95	 84.90	0.040	  162.29	 99.75
 282.00	 279.82	 7.9066	34.0781	26.5677	 1.94	 84.29	0.040	  162.32	 99.74
 283.00	 280.81	 7.9096	34.0810	26.5696	 1.94	 84.25	0.040	  162.29	 99.74
 284.00	 281.80	 7.9035	34.0801	26.5698	 1.95	 84.65	0.040	  162.20	 99.75
 285.00	 282.79	 7.8868	34.0774	26.5701	 1.94	 84.24	0.040	  162.24	 99.75
 286.00	 283.78	 7.8857	34.0785	26.5712	 1.90	 82.65	0.040	  162.23	 99.75
 287.00	 284.77	 7.8846	34.0803	26.5727	 1.89	 82.10	0.040	  162.19	 99.76
 288.00	 285.77	 7.8953	34.0864	26.5760	 1.91	 82.95	0.040	  162.24	 99.76
 289.00	 286.76	 7.8868	34.0848	26.5760	 1.91	 83.19	0.040	  162.17	 99.76
 290.00	 287.75	 7.8414	34.0790	26.5780	 1.89	 82.25	0.040	  162.22	 99.76
 291.00	 288.74	 7.8305	34.0825	26.5824	 1.87	 81.22	0.040	  162.25	 99.76
 292.00	 289.73	 7.8376	34.0851	26.5835	 1.87	 81.28	0.040	  162.21	 99.76
 293.00	 290.72	 7.8189	34.0844	26.5856	 1.87	 81.49	0.040	  162.25	 99.76
 294.00	 291.71	 7.7832	34.0790	26.5866	 1.86	 81.02	0.040	  162.16	 99.76
 295.00	 292.71	 7.7467	34.0794	26.5922	 1.84	 80.11	0.040	  162.25	 99.76
 296.00	 293.70	 7.7333	34.0807	26.5952	 1.82	 79.14	0.040	  162.22	 99.76
 297.00	 294.69	 7.7305	34.0838	26.5980	 1.80	 78.11	0.040	  162.23	 99.76
 298.00	 295.68	 7.7361	34.0875	26.6001	 1.77	 76.90	0.040	  162.26	 99.76
 299.00	 296.67	 7.7474	34.0914	26.6016	 1.72	 74.72	0.040	  162.15	 99.76
 300.00	 297.66	 7.7636	34.0957	26.6026	 1.64	 71.51	0.040	  162.20	 99.77
 301.00	 298.66	 7.7993	34.1087	26.6077	 1.59	 69.18	0.040	  162.23	 99.78
 302.00	 299.65	 7.8422	34.1198	26.6102	 1.57	 68.23	0.040	  162.22	 99.78
 303.00	 300.64	 7.8548	34.1233	26.6112	 1.55	 67.45	0.040	  162.16	 99.78
 304.00	 301.63	 7.8580	34.1260	26.6128	 1.52	 65.92	0.040	  162.16	 99.78
 305.00	 302.62	 7.8504	34.1301	26.6172	 1.48	 64.39	0.040	  162.19	 99.79
 306.00	 303.61	 7.8662	34.1387	26.6216	 1.46	 63.57	0.040	  162.24	 99.79
 307.00	 304.60	 7.8649	34.1426	26.6249	 1.44	 62.70	0.040	  162.22	 99.80
 308.00	 305.60	 7.8650	34.1429	26.6251	 1.40	 61.10	0.040	  162.22	 99.80
 309.00	 306.59	 7.8595	34.1475	26.6295	 1.39	 60.25	0.040	  162.26	 99.80
 310.00	 307.58	 7.8812	34.1551	26.6324	 1.39	 60.32	0.040	  162.22	 99.81
 311.00	 308.57	 7.8467	34.1537	26.6363	 1.40	 60.77	0.040	  162.17	 99.82
 312.00	 309.56	 7.8352	34.1520	26.6367	 1.40	 60.99	0.041	  162.24	 99.83
 313.00	 310.55	 7.8202	34.1501	26.6374	 1.41	 61.33	0.041	  162.27	 99.83
 314.00	 311.54	 7.8113	34.1487	26.6376	 1.42	 61.76	0.040	  162.25	 99.83
 315.00	 312.54	 7.8012	34.1476	26.6382	 1.41	 61.46	0.040	  162.22	 99.83
 316.00	 313.53	 7.7938	34.1466	26.6385	 1.40	 60.69	0.040	  162.16	 99.83
 317.00	 314.52	 7.7992	34.1504	26.6407	 1.37	 59.60	0.040	  162.16	 99.83
 318.00	 315.51	 7.8062	34.1526	26.6415	 1.32	 57.48	0.040	  162.15	 99.83
 319.00	 316.50	 7.8278	34.1609	26.6448	 1.25	 54.49	0.040	  162.18	 99.83
 320.00	 317.49	 7.8681	34.1732	26.6486	 1.19	 51.90	0.040	  162.20	 99.83
 321.00	 318.48	 7.8877	34.1837	26.6541	 1.15	 50.07	0.040	  162.15	 99.83
 322.00	 319.48	 7.8974	34.1879	26.6560	 1.11	 48.37	0.041	  162.17	 99.83
 323.00	 320.47	 7.9006	34.1938	26.6601	 1.09	 47.45	0.041	  162.18	 99.84
 324.00	 321.46	 7.8939	34.2015	26.6672	 1.08	 47.10	0.040	  162.23	 99.84
 325.00	 322.45	 7.8879	34.2029	26.6691	 1.08	 47.19	0.041	  162.24	 99.85
 326.00	 323.44	 7.8818	34.2032	26.6703	 1.09	 47.53	0.042	  162.23	 99.85
 327.00	 324.43	 7.8801	34.2031	26.6705	 1.09	 47.52	0.041	  162.22	 99.86
 328.00	 325.42	 7.8786	34.2029	26.6706	 1.08	 47.17	0.041	  162.25	 99.86
 329.00	 326.42	 7.8803	34.2037	26.6710	 1.08	 47.15	0.041	  162.18	 99.87
 330.00	 327.41	 7.8820	34.2043	26.6712	 1.10	 47.88	0.041	  162.15	 99.87
 331.00	 328.40	 7.8430	34.1979	26.6719	 1.14	 49.70	0.040	  162.18	 99.88
 332.00	 329.39	 7.7901	34.1925	26.6754	 1.19	 51.95	0.040	  162.18	 99.88
 333.00	 330.38	 7.6684	34.1729	26.6776	 1.23	 53.65	0.040	  162.28	 99.88
 334.00	 331.37	 7.5934	34.1649	26.6821	 1.25	 54.22	0.040	  162.19	 99.88
 335.00	 332.36	 7.5653	34.1598	26.6821	 1.24	 53.84	0.040	  162.22	 99.87
 336.00	 333.35	 7.5572	34.1596	26.6831	 1.23	 53.63	0.040	  162.22	 99.87
 337.00	 334.35	 7.5506	34.1581	26.6830	 1.23	 53.65	0.040	  162.23	 99.86
 338.00	 335.34	 7.5417	34.1572	26.6835	 1.23	 53.40	0.040	  162.23	 99.85
 339.00	 336.33	 7.5274	34.1548	26.6837	 1.22	 52.86	0.040	  162.20	 99.85
 340.00	 337.32	 7.5100	34.1547	26.6861	 1.19	 51.97	0.040	  162.16	 99.85
 341.00	 338.31	 7.5067	34.1574	26.6887	 1.17	 51.07	0.040	  162.23	 99.85
 342.00	 339.30	 7.5035	34.1614	26.6923	 1.16	 50.34	0.040	  162.20	 99.85
 343.00	 340.29	 7.5021	34.1634	26.6941	 1.13	 49.13	0.040	  162.18	 99.85
 344.00	 341.29	 7.5137	34.1717	26.6990	 1.11	 48.33	0.040	  162.20	 99.85
 345.00	 342.28	 7.5185	34.1749	26.7009	 1.11	 48.36	0.040	  162.17	 99.85
 346.00	 343.27	 7.5118	34.1734	26.7006	 1.11	 48.24	0.040	  162.15	 99.85
 347.00	 344.26	 7.4741	34.1698	26.7031	 1.09	 47.54	0.040	  162.13	 99.86
 348.00	 345.25	 7.4552	34.1736	26.7088	 1.07	 46.52	0.040	  162.17	 99.86
 349.00	 346.24	 7.4561	34.1779	26.7121	 1.04	 45.44	0.040	  162.16	 99.87
 350.00	 347.23	 7.4534	34.1820	26.7158	 1.03	 44.72	0.040	  162.15	 99.88
 351.00	 348.22	 7.4516	34.1840	26.7175	 1.02	 44.20	0.041	  162.15	 99.88
 352.00	 349.22	 7.4490	34.1863	26.7198	 1.01	 43.76	0.040	  162.19	 99.88
 353.00	 350.21	 7.4472	34.1889	26.7221	 1.00	 43.42	0.040	  162.15	 99.88
 354.00	 351.20	 7.4322	34.1902	26.7253	 0.99	 42.95	0.040	  162.15	 99.88
 355.00	 352.19	 7.4223	34.1905	26.7269	 0.97	 42.24	0.040	  162.15	 99.88
 356.00	 353.18	 7.4103	34.1931	26.7307	 0.95	 41.24	0.040	  162.13	 99.88
 357.00	 354.17	 7.4018	34.1962	26.7343	 0.92	 40.18	0.041	  162.10	 99.88
 358.00	 355.16	 7.4011	34.2028	26.7396	 0.91	 39.69	0.042	  162.16	 99.88
 359.00	 356.15	 7.3962	34.2052	26.7422	 0.91	 39.65	0.041	  162.22	 99.88
 360.00	 357.15	 7.3948	34.2058	26.7429	 0.91	 39.54	0.040	  162.16	 99.89
 361.00	 358.14	 7.3937	34.2058	26.7431	 0.91	 39.42	0.041	  162.11	 99.89
 362.00	 359.13	 7.3881	34.2066	26.7445	 0.90	 39.12	0.041	  162.07	 99.90
 363.00	 360.12	 7.3796	34.2070	26.7460	 0.89	 38.80	0.040	  162.15	 99.90
 364.00	 361.11	 7.3721	34.2080	26.7479	 0.89	 38.77	0.040	  162.10	 99.90
 365.00	 362.10	 7.3688	34.2088	26.7490	 0.89	 38.69	0.040	  162.15	 99.90
 366.00	 363.09	 7.3677	34.2092	26.7495	 0.88	 38.47	0.040	  162.18	 99.90
 367.00	 364.08	 7.3678	34.2102	26.7503	 0.88	 38.46	0.040	  162.11	 99.90
 368.00	 365.07	 7.3681	34.2103	26.7503	 0.88	 38.45	0.040	  162.13	 99.90
 369.00	 366.07	 7.3683	34.2106	26.7505	 0.88	 38.37	0.040	  162.07	 99.90
 370.00	 367.06	 7.3688	34.2107	26.7505	 0.88	 38.22	0.041	  162.13	 99.90
 371.00	 368.05	 7.3700	34.2111	26.7507	 0.86	 37.33	0.041	  162.09	 99.90
 372.00	 369.04	 7.3703	34.2127	26.7520	 0.84	 36.42	0.040	  162.14	 99.90
 373.00	 370.03	 7.3633	34.2182	26.7573	 0.83	 36.04	0.041	  162.07	 99.90
 374.00	 371.02	 7.3544	34.2187	26.7590	 0.83	 36.00	0.041	  162.12	 99.90
 375.00	 372.01	 7.3456	34.2194	26.7607	 0.83	 36.05	0.040	  162.08	 99.90
 376.00	 373.00	 7.3412	34.2197	26.7616	 0.83	 35.98	0.040	  162.09	 99.90
 377.00	 374.00	 7.3414	34.2204	26.7621	 0.83	 36.06	0.042	  162.08	 99.90
 378.00	 374.99	 7.3353	34.2198	26.7626	 0.83	 36.25	0.040	  162.08	 99.90
 379.00	 375.98	 7.3183	34.2176	26.7632	 0.84	 36.65	0.040	  162.07	 99.91
 380.00	 376.97	 7.2906	34.2147	26.7648	 0.85	 36.83	0.040	  162.14	 99.90
 381.00	 377.96	 7.2335	34.2075	26.7672	 0.84	 36.44	0.041	  162.10	 99.91
 382.00	 378.95	 7.2186	34.2120	26.7728	 0.82	 35.85	0.040	  162.08	 99.90
 383.00	 379.94	 7.2256	34.2129	26.7725	 0.81	 35.24	0.040	  162.13	 99.90
 384.00	 380.93	 7.2186	34.2148	26.7750	 0.80	 34.87	0.041	  162.00	 99.90
 385.00	 381.92	 7.2257	34.2174	26.7761	 0.80	 34.62	0.041	  162.07	 99.91
 386.00	 382.92	 7.2128	34.2172	26.7777	 0.79	 34.51	0.040	  162.06	 99.90
 387.00	 383.91	 7.1994	34.2168	26.7793	 0.79	 34.36	0.040	  162.06	 99.90
 388.00	 384.90	 7.1872	34.2169	26.7811	 0.79	 34.18	0.040	  162.08	 99.91
 389.00	 385.89	 7.1837	34.2177	26.7822	 0.78	 34.10	0.040	  162.10	 99.91
 390.00	 386.88	 7.1796	34.2178	26.7829	 0.78	 34.11	0.042	  162.04	 99.91
 391.00	 387.87	 7.1756	34.2181	26.7836	 0.78	 33.85	0.040	  162.06	 99.91
 392.00	 388.86	 7.1694	34.2175	26.7840	 0.76	 33.14	0.042	  162.05	 99.91
 393.00	 389.85	 7.1511	34.2180	26.7870	 0.74	 32.08	0.041	  162.10	 99.92
 394.00	 390.84	 7.1525	34.2248	26.7922	 0.72	 31.39	0.040	  162.06	 99.92
 395.00	 391.83	 7.1719	34.2312	26.7945	 0.72	 31.11	0.040	  162.05	 99.92
 396.00	 392.83	 7.1755	34.2322	26.7948	 0.72	 31.11	0.041	  162.03	 99.93
 397.00	 393.82	 7.1742	34.2327	26.7955	 0.71	 30.86	0.041	  162.02	 99.92
 398.00	 394.81	 7.1711	34.2324	26.7956	 0.69	 30.08	0.041	  162.04	 99.93
 399.00	 395.80	 7.1863	34.2380	26.7980	 0.67	 28.95	0.041	  161.96	 99.93
 400.00	 396.79	 7.2052	34.2433	26.7995	 0.65	 28.20	0.040	  161.95	 99.93
 401.00	 397.78	 7.2451	34.2530	26.8017	 0.65	 28.30	0.041	  161.96	 99.93
 402.00	 398.77	 7.2509	34.2535	26.8012	 0.66	 28.81	0.041	  161.91	 99.93
 403.00	 399.76	 7.1915	34.2467	26.8041	 0.68	 29.38	0.040	  161.97	 99.93
 404.00	 400.75	 7.1436	34.2424	26.8074	 0.68	 29.54	0.040	  162.02	 99.93
 405.00	 401.74	 7.1312	34.2412	26.8082	 0.67	 29.20	0.040	  161.98	 99.93
 406.00	 402.74	 7.1319	34.2438	26.8102	 0.66	 28.52	0.040	  161.99	 99.93
 407.00	 403.73	 7.1300	34.2444	26.8109	 0.63	 27.56	0.040	  161.95	 99.93
 408.00	 404.72	 7.1308	34.2451	26.8114	 0.61	 26.43	0.040	  161.93	 99.93
 409.00	 405.71	 7.1716	34.2578	26.8157	 0.59	 25.78	0.040	  161.98	 99.93
 410.00	 406.70	 7.1814	34.2613	26.8171	 0.59	 25.46	0.040	  161.95	 99.93
 411.00	 407.69	 7.1828	34.2639	26.8190	 0.59	 25.51	0.040	  161.95	 99.93
 412.00	 408.68	 7.1843	34.2649	26.8196	 0.59	 25.66	0.040	  161.95	 99.93
 413.00	 409.67	 7.1817	34.2645	26.8197	 0.59	 25.74	0.040	  161.94	 99.93
 414.00	 410.66	 7.1818	34.2644	26.8196	 0.59	 25.87	0.040	  161.93	 99.94
 415.00	 411.65	 7.1797	34.2640	26.8196	 0.59	 25.82	0.041	  161.93	 99.94
 416.00	 412.65	 7.1789	34.2640	26.8197	 0.59	 25.86	0.042	  161.97	 99.94
 417.00	 413.64	 7.1737	34.2625	26.8193	 0.59	 25.87	0.040	  161.91	 99.94
 418.00	 414.63	 7.1489	34.2622	26.8225	 0.59	 25.69	0.040	  161.94	 99.94
 419.00	 415.62	 7.1398	34.2623	26.8238	 0.59	 25.64	0.040	  161.99	 99.94
 420.00	 416.61	 7.1357	34.2630	26.8250	 0.58	 25.42	0.040	  161.90	 99.94
 421.00	 417.60	 7.1361	34.2631	26.8250	 0.57	 24.90	0.041	  161.94	 99.94
 422.00	 418.59	 7.1404	34.2650	26.8259	 0.56	 24.35	0.042	  161.88	 99.94
 423.00	 419.58	 7.1600	34.2716	26.8284	 0.55	 23.91	0.041	  161.90	 99.94
 424.00	 420.57	 7.1631	34.2732	26.8292	 0.54	 23.45	0.040	  161.88	 99.94
 425.00	 421.56	 7.1575	34.2759	26.8322	 0.53	 23.27	0.040	  161.86	 99.94
 426.00	 422.55	 7.1494	34.2769	26.8341	 0.53	 23.25	0.040	  161.94	 99.95
 427.00	 423.55	 7.1450	34.2773	26.8350	 0.53	 23.19	0.042	  161.90	 99.94
 428.00	 424.54	 7.1445	34.2774	26.8352	 0.53	 23.18	0.040	  161.90	 99.95
 429.00	 425.53	 7.1444	34.2776	26.8354	 0.53	 23.03	0.040	  161.90	 99.95
 430.00	 426.52	 7.1426	34.2782	26.8361	 0.53	 22.94	0.041	  161.93	 99.95
 431.00	 427.51	 7.1402	34.2789	26.8370	 0.53	 22.90	0.041	  161.91	 99.95
 432.00	 428.50	 7.1398	34.2791	26.8372	 0.52	 22.54	0.042	  161.89	 99.95
 433.00	 429.49	 7.1389	34.2796	26.8378	 0.51	 22.19	0.042	  161.87	 99.95
 434.00	 430.48	 7.1262	34.2825	26.8418	 0.51	 21.98	0.040	  161.87	 99.95
 435.00	 431.47	 7.1154	34.2834	26.8441	 0.50	 21.71	0.040	  161.89	 99.95
 436.00	 432.46	 7.1127	34.2847	26.8454	 0.50	 21.61	0.040	  161.88	 99.95
 437.00	 433.45	 7.1071	34.2860	26.8473	 0.49	 21.26	0.040	  161.83	 99.95
 438.00	 434.44	 7.0991	34.2870	26.8492	 0.49	 21.12	0.040	  161.89	 99.95
 439.00	 435.44	 7.0942	34.2879	26.8505	 0.49	 21.17	0.041	  161.86	 99.95
 440.00	 436.43	 7.0922	34.2878	26.8508	 0.49	 21.16	0.042	  161.82	 99.95
 441.00	 437.42	 7.0877	34.2879	26.8515	 0.49	 21.22	0.041	  161.83	 99.95
 442.00	 438.41	 7.0853	34.2884	26.8522	 0.49	 21.14	0.041	  161.79	 99.95
 443.00	 439.40	 7.0825	34.2886	26.8528	 0.49	 21.10	0.041	  161.84	 99.95
 444.00	 440.39	 7.0816	34.2887	26.8530	 0.48	 20.95	0.040	  161.80	 99.95
 445.00	 441.38	 7.0809	34.2886	26.8530	 0.48	 20.89	0.040	  161.82	 99.95
 446.00	 442.37	 7.0799	34.2886	26.8531	 0.48	 20.93	0.040	  161.74	 99.95
 447.00	 443.36	 7.0736	34.2887	26.8541	 0.48	 20.94	0.041	  161.82	 99.95
 448.00	 444.35	 7.0709	34.2890	26.8547	 0.48	 20.90	0.041	  161.81	 99.95
 449.00	 445.34	 7.0502	34.2875	26.8564	 0.48	 20.79	0.040	  161.82	 99.95
 450.00	 446.33	 7.0399	34.2879	26.8581	 0.48	 20.80	0.040	  161.77	 99.95
 451.00	 447.33	 7.0280	34.2872	26.8593	 0.48	 20.75	0.042	  161.87	 99.95
 452.00	 448.32	 7.0152	34.2875	26.8613	 0.47	 20.59	0.040	  161.81	 99.95
 453.00	 449.31	 7.0008	34.2865	26.8625	 0.47	 20.57	0.040	  161.83	 99.95
 454.00	 450.30	 6.9848	34.2864	26.8646	 0.47	 20.62	0.040	  161.77	 99.95
 455.00	 451.29	 6.9764	34.2868	26.8661	 0.47	 20.41	0.042	  161.78	 99.95
 456.00	 452.28	 6.9642	34.2873	26.8681	 0.47	 20.26	0.040	  161.76	 99.95
 457.00	 453.27	 6.9578	34.2871	26.8688	 0.47	 20.23	0.040	  161.71	 99.95
 458.00	 454.26	 6.9488	34.2874	26.8703	 0.46	 19.99	0.042	  161.74	 99.95
 459.00	 455.25	 6.9418	34.2881	26.8719	 0.45	 19.79	0.040	  161.79	 99.95
 460.00	 456.24	 6.9384	34.2887	26.8728	 0.45	 19.73	0.040	  161.74	 99.95
 461.00	 457.23	 6.9337	34.2899	26.8744	 0.45	 19.71	0.040	  161.70	 99.95
 462.00	 458.22	 6.9290	34.2907	26.8757	 0.45	 19.36	0.040	  161.74	 99.95
 463.00	 459.21	 6.9226	34.2905	26.8764	 0.43	 18.92	0.041	  161.74	 99.95
 464.00	 460.21	 6.9095	34.2931	26.8802	 0.43	 18.59	0.042	  161.66	 99.95
 465.00	 461.20	 6.9048	34.2957	26.8830	 0.42	 18.40	0.042	  161.79	 99.95
 466.00	 462.19	 6.9005	34.2970	26.8846	 0.42	 18.33	0.041	  161.75	 99.95
 467.00	 463.18	 6.8960	34.2984	26.8863	 0.42	 18.26	0.040	  161.72	 99.96
 468.00	 464.17	 6.8908	34.2983	26.8869	 0.42	 18.26	0.040	  161.70	 99.96
 469.00	 465.16	 6.8866	34.2990	26.8881	 0.42	 18.10	0.041	  161.71	 99.96
 470.00	 466.15	 6.8819	34.2988	26.8886	 0.41	 17.80	0.041	  161.74	 99.96
 471.00	 467.14	 6.8721	34.3007	26.8914	 0.41	 17.75	0.040	  161.73	 99.96
 472.00	 468.13	 6.8699	34.3019	26.8927	 0.40	 17.54	0.042	  161.70	 99.96
 473.00	 469.12	 6.8616	34.3022	26.8941	 0.40	 17.22	0.041	  161.75	 99.96
 474.00	 470.11	 6.8582	34.3040	26.8959	 0.39	 16.82	0.040	  161.67	 99.97
 475.00	 471.10	 6.8503	34.3058	26.8985	 0.38	 16.43	0.040	  161.69	 99.96
 476.00	 472.09	 6.8513	34.3113	26.9026	 0.37	 16.14	0.040	  161.72	 99.97
 477.00	 473.08	 6.8591	34.3137	26.9035	 0.37	 15.88	0.041	  161.72	 99.96
 478.00	 474.07	 6.8600	34.3149	26.9043	 0.37	 16.04	0.042	  161.73	 99.96
 479.00	 475.07	 6.8525	34.3146	26.9051	 0.37	 16.15	0.042	  161.68	 99.97
 480.00	 476.06	 6.8467	34.3142	26.9056	 0.37	 16.22	0.042	  161.67	 99.97
 481.00	 477.05	 6.8361	34.3138	26.9067	 0.37	 16.01	0.042	  161.68	 99.96
 482.00	 478.04	 6.8299	34.3144	26.9080	 0.37	 15.90	0.040	  161.60	 99.98
 483.00	 479.03	 6.8269	34.3147	26.9087	 0.36	 15.79	0.040	  161.67	 99.97
 484.00	 480.02	 6.8273	34.3164	26.9100	 0.36	 15.54	0.040	  161.64	 99.98
 485.00	 481.01	 6.8297	34.3172	26.9103	 0.35	 15.27	0.041	  161.64	 99.98
 486.00	 482.00	 6.8289	34.3190	26.9118	 0.35	 15.27	0.042	  161.64	 99.97
 487.00	 482.99	 6.8256	34.3192	26.9125	 0.35	 15.29	0.040	  161.67	 99.97
 488.00	 483.98	 6.8216	34.3198	26.9136	 0.35	 15.16	0.041	  161.63	 99.98
 489.00	 484.97	 6.8204	34.3205	26.9143	 0.35	 15.33	0.042	  161.63	 99.98
 490.00	 485.96	 6.8090	34.3195	26.9150	 0.36	 15.50	0.041	  161.62	 99.97
 491.00	 486.95	 6.7988	34.3179	26.9151	 0.37	 15.93	0.041	  161.64	 99.98
 492.00	 487.94	 6.7614	34.3134	26.9166	 0.38	 16.33	0.042	  161.61	 99.98
 493.00	 488.93	 6.7356	34.3101	26.9175	 0.39	 16.78	0.042	  161.60	 99.98
 494.00	 489.92	 6.7078	34.3069	26.9187	 0.39	 16.93	0.042	  161.62	 99.98
 495.00	 490.92	 6.6847	34.3038	26.9193	 0.38	 16.74	0.040	  161.63	 99.98
 496.00	 491.91	 6.6650	34.3036	26.9218	 0.38	 16.47	0.040	  161.60	 99.98
 497.00	 492.90	 6.6631	34.3062	26.9241	 0.37	 16.20	0.041	  161.62	 99.98
 498.00	 493.89	 6.6628	34.3078	26.9254	 0.36	 15.85	0.042	  161.63	 99.98
 499.00	 494.88	 6.6613	34.3099	26.9273	 0.36	 15.78	0.041	  161.59	 99.98
 500.00	 495.87	 6.6593	34.3110	26.9285	 0.36	 15.68	0.041	  161.58	 99.98
 501.00	 496.86	 6.6558	34.3124	26.9300	 0.36	 15.55	0.042	  161.57	 99.98
 502.00	 497.85	 6.6542	34.3126	26.9305	 0.36	 15.53	0.041	  161.61	 99.98
 503.00	 498.84	 6.6502	34.3130	26.9313	 0.36	 15.54	0.040	  161.58	 99.98
 504.00	 499.83	 6.6478	34.3137	26.9321	 0.36	 15.47	0.040	  161.59	 99.98
 505.00	 500.82	 6.6441	34.3144	26.9332	 0.35	 15.15	0.040	  161.60	 99.98
 506.00	 501.81	 6.6427	34.3147	26.9337	 0.35	 15.11	0.042	  161.59	 99.98
 507.00	 502.80	 6.6380	34.3153	26.9348	 0.35	 15.09	0.041	  161.52	 99.98
 508.00	 503.79	 6.6327	34.3170	26.9369	 0.34	 14.93	0.040	  161.54	 99.98
 509.00	 504.78	 6.6320	34.3178	26.9375	 0.34	 14.88	0.040	  161.56	 99.98
 510.00	 505.77	 6.6313	34.3181	26.9379	 0.34	 14.89	0.040	  161.52	 99.98
 511.00	 506.76	 6.6277	34.3179	26.9382	 0.34	 14.95	0.040	  161.55	 99.98
 512.00	 507.75	 6.6197	34.3170	26.9386	 0.34	 14.94	0.040	  161.51	 99.98
 513.00	 508.74	 6.6119	34.3174	26.9399	 0.34	 14.92	0.040	  161.50	 99.98
 514.00	 509.74	 6.6100	34.3180	26.9407	 0.34	 14.89	0.040	  161.49	 99.98
 515.00	 510.73	 6.6067	34.3183	26.9414	 0.34	 14.67	0.040	  161.46	 99.98
 516.00	 511.72	 6.5992	34.3184	26.9425	 0.34	 14.63	0.040	  161.48	 99.98
 517.00	 512.71	 6.5966	34.3200	26.9441	 0.34	 14.65	0.040	  161.49	 99.98
 518.00	 513.70	 6.5948	34.3201	26.9445	 0.34	 14.60	0.040	  161.43	 99.98
 519.00	 514.69	 6.5922	34.3199	26.9447	 0.34	 14.66	0.040	  161.40	 99.98
 520.00	 515.68	 6.5879	34.3196	26.9450	 0.34	 14.70	0.042	  161.47	 99.98
 521.00	 516.67	 6.5820	34.3191	26.9454	 0.34	 14.75	0.041	  161.48	 99.98
 522.00	 517.66	 6.5768	34.3188	26.9458	 0.34	 14.61	0.040	  161.43	 99.98
 523.00	 518.65	 6.5686	34.3187	26.9469	 0.33	 14.43	0.041	  161.43	 99.98
 524.00	 519.64	 6.5674	34.3218	26.9495	 0.33	 14.30	0.041	  161.44	 99.98
 525.00	 520.63	 6.5651	34.3220	26.9499	 0.33	 14.33	0.040	  161.44	 99.98
 526.00	 521.62	 6.5599	34.3212	26.9500	 0.33	 14.43	0.040	  161.43	 99.98
 527.00	 522.61	 6.5547	34.3216	26.9510	 0.33	 14.34	0.040	  161.46	 99.98
 528.00	 523.60	 6.5540	34.3217	26.9512	 0.33	 14.17	0.042	  161.44	 99.98
 529.00	 524.59	 6.5533	34.3224	26.9519	 0.32	 14.10	0.042	  161.42	 99.98
 530.00	 525.58	 6.5535	34.3230	26.9523	 0.33	 14.23	0.042	  161.39	 99.98
 531.00	 526.57	 6.5531	34.3233	26.9526	 0.32	 14.09	0.040	  161.44	 99.98
 532.00	 527.56	 6.5560	34.3242	26.9530	 0.32	 13.83	0.040	  161.44	 99.98
 533.00	 528.55	 6.5603	34.3258	26.9537	 0.31	 13.66	0.041	  161.44	 99.98
 534.00	 529.54	 6.5635	34.3267	26.9540	 0.31	 13.68	0.041	  161.45	 99.98
 535.00	 530.53	 6.5636	34.3274	26.9545	 0.31	 13.67	0.041	  161.44	 99.98
 536.00	 531.52	 6.5638	34.3282	26.9551	 0.31	 13.45	0.042	  161.39	 99.98
 537.00	 532.51	 6.5631	34.3290	26.9559	 0.31	 13.40	0.041	  161.39	 99.98
 538.00	 533.50	 6.5600	34.3294	26.9566	 0.31	 13.37	0.041	  161.41	 99.98
 539.00	 534.50	 6.5519	34.3294	26.9577	 0.31	 13.44	0.041	  161.41	 99.98
 540.00	 535.49	 6.5478	34.3300	26.9587	 0.31	 13.45	0.040	  161.42	 99.98
 541.00	 536.48	 6.5453	34.3302	26.9592	 0.31	 13.30	0.041	  161.36	 99.98
 542.00	 537.47	 6.5369	34.3308	26.9608	 0.30	 13.15	0.041	  161.35	 99.98
 543.00	 538.46	 6.5257	34.3321	26.9633	 0.30	 13.15	0.040	  161.32	 99.98
 544.00	 539.45	 6.5194	34.3323	26.9643	 0.30	 13.15	0.042	  161.37	 99.98
 545.00	 540.44	 6.5123	34.3323	26.9653	 0.30	 13.09	0.042	  161.35	 99.98
 546.00	 541.43	 6.5083	34.3324	26.9659	 0.30	 13.06	0.042	  161.34	 99.98
 547.00	 542.42	 6.5065	34.3328	26.9664	 0.30	 13.16	0.042	  161.38	 99.98
 548.00	 543.41	 6.5050	34.3331	26.9669	 0.30	 13.09	0.041	  161.30	 99.98
 549.00	 544.40	 6.5015	34.3334	26.9676	 0.30	 12.90	0.040	  161.31	 99.98
 550.00	 545.39	 6.5012	34.3334	26.9677	 0.30	 12.86	0.040	  161.35	 99.98
 551.00	 546.38	 6.4995	34.3336	26.9680	 0.30	 12.96	0.040	  161.33	 99.98
 552.00	 547.37	 6.4973	34.3335	26.9683	 0.30	 12.89	0.040	  161.28	 99.98
 553.00	 548.36	 6.4857	34.3340	26.9702	 0.29	 12.67	0.041	  161.33	 99.98
 554.00	 549.35	 6.4784	34.3349	26.9719	 0.29	 12.65	0.040	  161.33	 99.98
 555.00	 550.34	 6.4716	34.3360	26.9737	 0.29	 12.73	0.041	  161.26	 99.98
 556.00	 551.33	 6.4664	34.3365	26.9748	 0.29	 12.62	0.040	  161.34	 99.98
 557.00	 552.32	 6.4627	34.3370	26.9756	 0.29	 12.54	0.041	  161.29	 99.98
 558.00	 553.31	 6.4618	34.3370	26.9757	 0.29	 12.59	0.041	  161.32	 99.98
 559.00	 554.30	 6.4615	34.3370	26.9758	 0.29	 12.66	0.040	  161.24	 99.98
 560.00	 555.29	 6.4618	34.3371	26.9759	 0.29	 12.67	0.040	  161.30	 99.98
 561.00	 556.28	 6.4615	34.3371	26.9759	 0.29	 12.52	0.040	  161.25	 99.98
 562.00	 557.27	 6.4604	34.3372	26.9762	 0.29	 12.57	0.040	  161.25	 99.98
 563.00	 558.26	 6.4593	34.3372	26.9763	 0.29	 12.52	0.041	  161.23	 99.98
 564.00	 559.25	 6.4502	34.3372	26.9775	 0.29	 12.44	0.042	  161.23	 99.98
 565.00	 560.24	 6.4412	34.3380	26.9793	 0.29	 12.46	0.041	  161.25	 99.98
 566.00	 561.23	 6.4403	34.3381	26.9796	 0.29	 12.40	0.040	  161.21	 99.98
 567.00	 562.22	 6.4378	34.3380	26.9798	 0.29	 12.43	0.040	  161.19	 99.98
 568.00	 563.21	 6.4256	34.3376	26.9811	 0.29	 12.45	0.040	  161.23	 99.98
 569.00	 564.20	 6.4077	34.3383	26.9840	 0.29	 12.41	0.042	  161.19	 99.98
 570.00	 565.19	 6.3990	34.3390	26.9857	 0.28	 12.29	0.042	  161.20	 99.98
 571.00	 566.18	 6.3964	34.3389	26.9859	 0.28	 12.23	0.041	  161.18	 99.98
 572.00	 567.17	 6.3951	34.3389	26.9861	 0.28	 12.30	0.040	  161.22	 99.98
 573.00	 568.16	 6.3949	34.3390	26.9862	 0.28	 12.27	0.041	  161.19	 99.98
 574.00	 569.15	 6.3941	34.3389	26.9863	 0.28	 12.28	0.041	  161.16	 99.98
 575.00	 570.15	 6.3935	34.3389	26.9864	 0.28	 12.24	0.040	  161.19	 99.98
 576.00	 571.14	 6.3921	34.3389	26.9866	 0.28	 12.23	0.040	  161.18	 99.98
 577.00	 572.13	 6.3891	34.3390	26.9870	 0.28	 12.14	0.041	  161.19	 99.98
 578.00	 573.12	 6.3851	34.3392	26.9877	 0.27	 11.94	0.041	  161.18	 99.98
 579.00	 574.11	 6.3759	34.3399	26.9895	 0.28	 12.03	0.040	  161.16	 99.98
 580.00	 575.10	 6.3691	34.3406	26.9909	 0.28	 12.07	0.040	  161.12	 99.98
 581.00	 576.09	 6.3550	34.3417	26.9936	 0.27	 11.93	0.040	  161.11	 99.98
 582.00	 577.08	 6.3494	34.3423	26.9948	 0.27	 11.86	0.040	  161.16	 99.98
 583.00	 578.07	 6.3452	34.3422	26.9953	 0.27	 11.80	0.040	  161.11	 99.98
 584.00	 579.06	 6.3357	34.3430	26.9972	 0.27	 11.80	0.041	  161.14	 99.98
 585.00	 580.05	 6.3333	34.3432	26.9977	 0.27	 11.76	0.041	  161.09	 99.98
 586.00	 581.04	 6.3278	34.3433	26.9985	 0.27	 11.65	0.041	  161.09	 99.99
 587.00	 582.03	 6.3216	34.3436	26.9995	 0.27	 11.73	0.040	  161.11	 99.98
 588.00	 583.02	 6.3199	34.3438	26.9999	 0.27	 11.78	0.040	  161.15	 99.99
 589.00	 584.01	 6.3164	34.3439	27.0004	 0.27	 11.74	0.042	  161.12	 99.99
 590.00	 585.00	 6.3098	34.3439	27.0013	 0.27	 11.72	0.042	  161.13	 99.99
 591.00	 585.99	 6.2974	34.3443	27.0032	 0.27	 11.69	0.042	  161.13	 99.98
 592.00	 586.98	 6.2733	34.3446	27.0066	 0.27	 11.63	0.041	  161.13	 99.99
 593.00	 587.97	 6.2639	34.3453	27.0083	 0.27	 11.63	0.041	  161.09	 99.99
 594.00	 588.96	 6.2435	34.3449	27.0107	 0.27	 11.56	0.041	  161.11	 99.99
 595.00	 589.95	 6.2244	34.3457	27.0138	 0.26	 11.51	0.040	  161.11	 99.99
 596.00	 590.94	 6.2138	34.3458	27.0152	 0.27	 11.54	0.041	  161.18	 99.99
 597.00	 591.93	 6.2032	34.3456	27.0164	 0.26	 11.50	0.040	  161.09	 99.98
 598.00	 592.92	 6.1849	34.3461	27.0192	 0.26	 11.34	0.040	  161.13	 99.98
 599.00	 593.91	 6.1747	34.3466	27.0209	 0.26	 11.17	0.040	  161.14	 99.99
 600.00	 594.90	 6.1717	34.3469	27.0215	 0.26	 11.42	0.041	  161.05	 99.99
 601.00	 595.89	 6.1708	34.3470	27.0217	 0.26	 11.43	0.041	  161.09	 99.99
 602.00	 596.88	 6.1626	34.3468	27.0226	 0.26	 11.40	0.041	  161.12	 99.98
 603.00	 597.87	 6.1516	34.3474	27.0245	 0.26	 11.34	0.041	  161.05	 99.99
 604.00	 598.86	 6.1437	34.3476	27.0257	 0.26	 11.18	0.041	  161.05	 99.99
 605.00	 599.85	 6.1308	34.3479	27.0276	 0.26	 11.14	0.042	  161.05	 99.99
 606.00	 600.84	 6.1256	34.3485	27.0287	 0.26	 11.21	0.040	  161.07	 99.99
 607.00	 601.83	 6.1237	34.3483	27.0288	 0.26	 11.18	0.040	  161.06	 99.99
 608.00	 602.82	 6.1199	34.3485	27.0295	 0.26	 11.23	0.041	  161.09	 99.99
 609.00	 603.81	 6.1185	34.3487	27.0298	 0.26	 11.15	0.041	  160.99	 99.99
 610.00	 604.80	 6.1168	34.3490	27.0302	 0.25	 11.04	0.041	  160.98	 99.99
 611.00	 605.79	 6.1078	34.3490	27.0314	 0.25	 11.04	0.042	  161.07	 99.99
 612.00	 606.78	 6.0897	34.3499	27.0344	 0.25	 11.02	0.042	  160.97	 99.99
 613.00	 607.77	 6.0819	34.3502	27.0357	 0.25	 11.09	0.041	  161.00	 99.99
 614.00	 608.76	 6.0788	34.3505	27.0363	 0.26	 11.09	0.042	  160.98	 99.99
 615.00	 609.75	 6.0746	34.3508	27.0371	 0.25	 11.07	0.040	  160.94	100.00
 616.00	 610.74	 6.0733	34.3510	27.0374	 0.25	 11.07	0.040	  160.96	 99.99
 617.00	 611.73	 6.0710	34.3513	27.0380	 0.25	 11.06	0.041	  160.92	 99.99
 618.00	 612.72	 6.0677	34.3518	27.0388	 0.25	 11.04	0.042	  160.94	 99.99
 619.00	 613.71	 6.0634	34.3526	27.0400	 0.25	 10.98	0.042	  160.93	 99.99
 620.00	 614.70	 6.0612	34.3528	27.0404	 0.26	 11.10	0.040	  160.97	 99.99
 621.00	 615.69	 6.0597	34.3530	27.0408	 0.25	 11.07	0.040	  160.98	 99.99
 622.00	 616.68	 6.0582	34.3529	27.0409	 0.25	 10.92	0.040	  160.94	 99.99
 623.00	 617.67	 6.0545	34.3531	27.0416	 0.25	 11.09	0.041	  160.95	 99.99
 624.00	 618.66	 6.0420	34.3528	27.0429	 0.26	 11.17	0.042	  160.95	 99.99
 625.00	 619.65	 6.0235	34.3536	27.0459	 0.25	 11.06	0.042	  160.93	 99.99
 626.00	 620.64	 6.0186	34.3539	27.0467	 0.25	 10.93	0.041	  160.93	 99.99
 627.00	 621.63	 6.0155	34.3539	27.0471	 0.25	 11.01	0.041	  160.94	 99.99
 628.00	 622.62	 6.0113	34.3541	27.0478	 0.25	 10.97	0.040	  160.93	 99.99
 629.00	 623.61	 6.0068	34.3541	27.0484	 0.25	 10.89	0.040	  160.89	 99.99
 630.00	 624.60	 6.0039	34.3540	27.0487	 0.25	 10.90	0.040	  160.93	 99.99
 631.00	 625.59	 6.0002	34.3538	27.0490	 0.25	 10.85	0.040	  160.87	 99.99
 632.00	 626.58	 5.9947	34.3540	27.0499	 0.25	 10.84	0.040	  160.94	 99.99
 633.00	 627.57	 5.9922	34.3540	27.0502	 0.25	 10.85	0.040	  160.91	 99.99
 634.00	 628.56	 5.9859	34.3542	27.0512	 0.25	 10.79	0.040	  160.89	 99.99
 635.00	 629.55	 5.9845	34.3543	27.0514	 0.25	 10.80	0.041	  160.92	 99.99
 636.00	 630.54	 5.9787	34.3547	27.0525	 0.25	 10.80	0.040	  160.88	 99.99
 637.00	 631.53	 5.9740	34.3552	27.0535	 0.25	 10.73	0.040	  160.94	 99.99
 638.00	 632.52	 5.9698	34.3554	27.0542	 0.25	 10.85	0.042	  160.84	 81.24
 639.00	 633.51	 5.9690	34.3555	27.0543	 0.25	 10.75	0.040	  160.87	 94.65
 640.00	 634.50	 5.9683	34.3555	27.0544	 0.25	 10.76	0.041	  160.91	 99.93
 641.00	 635.49	 5.9671	34.3554	27.0546	 0.25	 10.92	0.040	  160.88	100.00
 642.00	 636.48	 5.9618	34.3563	27.0560	 0.25	 10.96	0.040	  160.84	 99.99
 643.00	 637.47	 5.9610	34.3562	27.0560	 0.25	 10.97	0.040	  160.85	 99.99
 644.00	 638.46	 5.9587	34.3567	27.0566	 0.25	 10.98	0.040	  160.81	 99.99
 645.00	 639.45	 5.9573	34.3567	27.0568	 0.25	 10.89	0.040	  160.82	 99.99
 646.00	 640.44	 5.9551	34.3568	27.0572	 0.25	 10.88	0.042	  160.83	100.00
 647.00	 641.43	 5.9505	34.3572	27.0581	 0.25	 10.93	0.042	  160.83	100.00
 648.00	 642.42	 5.9477	34.3575	27.0587	 0.25	 10.86	0.042	  160.81	 99.99
 649.00	 643.41	 5.9378	34.3580	27.0604	 0.25	 10.89	0.041	  160.82	 99.99
 650.00	 644.40	 5.9186	34.3594	27.0639	 0.25	 10.93	0.040	  160.85	100.00
 651.00	 645.39	 5.9159	34.3595	27.0643	 0.25	 10.69	0.041	  160.77	100.00
 652.00	 646.38	 5.9123	34.3591	27.0644	 0.25	 10.89	0.041	  160.80	 99.99
 653.00	 647.37	 5.9052	34.3591	27.0653	 0.25	 10.88	0.041	  160.75	100.00
 654.00	 648.36	 5.8919	34.3596	27.0674	 0.25	 10.82	0.041	  160.73	 99.99
 655.00	 649.35	 5.8828	34.3602	27.0690	 0.25	 10.80	0.040	  160.73	100.00
 656.00	 650.33	 5.8759	34.3608	27.0703	 0.25	 10.82	0.041	  160.77	 99.99
 657.00	 651.32	 5.8710	34.3610	27.0711	 0.25	 10.83	0.041	  160.72	100.00
 658.00	 652.31	 5.8662	34.3614	27.0720	 0.25	 10.81	0.041	  160.76	 99.99
 659.00	 653.30	 5.8647	34.3616	27.0724	 0.25	 10.84	0.041	  160.72	100.00
 660.00	 654.29	 5.8634	34.3616	27.0725	 0.25	 10.84	0.041	  160.76	100.00
 661.00	 655.28	 5.8475	34.3609	27.0740	 0.25	 10.87	0.041	  160.71	100.00
 662.00	 656.27	 5.8339	34.3619	27.0765	 0.25	 10.86	0.041	  160.70	100.00
 663.00	 657.26	 5.8302	34.3618	27.0768	 0.25	 10.83	0.042	  160.75	100.00
 664.00	 658.25	 5.8254	34.3621	27.0777	 0.25	 10.85	0.041	  160.71	100.00
 665.00	 659.24	 5.8208	34.3623	27.0784	 0.25	 10.88	0.040	  160.71	100.00
 666.00	 660.23	 5.8157	34.3624	27.0791	 0.25	 10.88	0.040	  160.70	100.00
 667.00	 661.22	 5.8094	34.3628	27.0803	 0.25	 10.83	0.040	  160.71	100.00
 668.00	 662.21	 5.8086	34.3628	27.0804	 0.25	 10.86	0.040	  160.74	100.00
 669.00	 663.20	 5.8067	34.3629	27.0807	 0.25	 10.87	0.040	  160.70	100.00
 670.00	 664.19	 5.8049	34.3628	27.0809	 0.25	 10.87	0.040	  160.68	100.00
 671.00	 665.18	 5.8028	34.3627	27.0810	 0.25	 10.87	0.040	  160.66	100.00
 672.00	 666.17	 5.7848	34.3628	27.0833	 0.25	 10.88	0.041	  160.70	 99.99
 673.00	 667.16	 5.7685	34.3639	27.0862	 0.25	 10.88	0.041	  160.72	100.00
 674.00	 668.15	 5.7654	34.3644	27.0870	 0.25	 10.88	0.040	  160.63	100.00
 675.00	 669.14	 5.7603	34.3644	27.0876	 0.25	 10.89	0.040	  160.64	100.00
 676.00	 670.13	 5.7449	34.3653	27.0903	 0.25	 10.89	0.040	  160.65	100.00
 677.00	 671.12	 5.7373	34.3659	27.0917	 0.25	 10.90	0.041	  160.59	100.00
 678.00	 672.11	 5.7333	34.3661	27.0924	 0.25	 10.90	0.042	  160.64	100.00
 679.00	 673.10	 5.7307	34.3663	27.0928	 0.25	 10.88	0.041	  160.68	100.00
 680.00	 674.09	 5.7269	34.3665	27.0935	 0.25	 10.86	0.040	  160.62	100.00
 681.00	 675.08	 5.7255	34.3668	27.0939	 0.25	 10.92	0.040	  160.63	100.00
 682.00	 676.07	 5.7236	34.3666	27.0940	 0.25	 10.91	0.040	  160.65	100.00
 683.00	 677.06	 5.7202	34.3669	27.0946	 0.25	 10.89	0.040	  160.56	100.00
 684.00	 678.05	 5.7201	34.3669	27.0947	 0.25	 10.94	0.041	  160.62	100.00
 685.00	 679.04	 5.7188	34.3669	27.0948	 0.25	 10.89	0.041	  160.62	100.00
 686.00	 680.03	 5.7150	34.3673	27.0956	 0.25	 10.82	0.040	  160.59	100.00
 687.00	 681.02	 5.7102	34.3674	27.0963	 0.25	 10.84	0.040	  160.61	100.00
 688.00	 682.01	 5.7036	34.3676	27.0973	 0.25	 10.86	0.040	  160.57	100.00
 689.00	 683.00	 5.6981	34.3685	27.0987	 0.25	 10.86	0.040	  160.55	100.00
 690.00	 683.99	 5.6959	34.3684	27.0989	 0.25	 10.92	0.040	  160.56	100.00
 691.00	 684.98	 5.6929	34.3683	27.0992	 0.25	 10.83	0.040	  160.62	100.00
 692.00	 685.96	 5.6695	34.3694	27.1029	 0.25	 10.93	0.041	  160.58	100.00
 693.00	 686.95	 5.6616	34.3704	27.1047	 0.25	 10.95	0.040	  160.57	100.00
 694.00	 687.94	 5.6567	34.3707	27.1055	 0.25	 10.84	0.040	  160.55	100.00
 695.00	 688.93	 5.6526	34.3707	27.1060	 0.25	 10.90	0.040	  160.55	100.00
 696.00	 689.92	 5.6470	34.3711	27.1070	 0.25	 10.81	0.040	  160.54	100.00
 697.00	 690.91	 5.6373	34.3712	27.1083	 0.25	 10.77	0.040	  160.56	100.00
 698.00	 691.90	 5.6315	34.3716	27.1093	 0.25	 10.75	0.040	  160.49	100.00
 699.00	 692.89	 5.6302	34.3717	27.1096	 0.25	 10.68	0.041	  160.50	100.00
 700.00	 693.88	 5.6270	34.3718	27.1101	 0.25	 10.78	0.041	  160.48	100.00
 701.00	 694.87	 5.6231	34.3721	27.1107	 0.25	 10.80	0.042	  160.54	100.00
 702.00	 695.86	 5.6198	34.3720	27.1111	 0.25	 10.76	0.042	  160.52	100.00
 703.00	 696.85	 5.6162	34.3724	27.1118	 0.25	 10.73	0.040	  160.50	100.00
 704.00	 697.84	 5.6153	34.3722	27.1118	 0.24	 10.62	0.041	  160.46	100.00
 705.00	 698.83	 5.6123	34.3723	27.1122	 0.24	 10.56	0.042	  160.51	100.00
 706.00	 699.82	 5.6077	34.3722	27.1127	 0.24	 10.50	0.041	  160.44	100.00
 707.00	 700.81	 5.6011	34.3723	27.1136	 0.24	 10.47	0.041	  160.46	100.00
 708.00	 701.80	 5.5970	34.3723	27.1142	 0.24	 10.56	0.040	  160.47	100.00
 709.00	 702.79	 5.5917	34.3722	27.1147	 0.24	 10.59	0.040	  160.50	100.00
 710.00	 703.78	 5.5796	34.3730	27.1168	 0.24	 10.63	0.040	  160.48	100.00
 711.00	 704.77	 5.5690	34.3737	27.1186	 0.25	 10.70	0.040	  160.42	100.00
 712.00	 705.76	 5.5627	34.3742	27.1198	 0.25	 10.83	0.040	  160.43	100.00
 713.00	 706.75	 5.5521	34.3743	27.1212	 0.25	 11.00	0.041	  160.44	100.00
 714.00	 707.74	 5.5403	34.3759	27.1239	 0.25	 11.01	0.040	  160.45	100.00
 715.00	 708.73	 5.5340	34.3761	27.1248	 0.25	 10.99	0.040	  160.45	100.00
 716.00	 709.71	 5.5281	34.3765	27.1259	 0.25	 10.99	0.041	  160.43	100.00
 717.00	 710.70	 5.5253	34.3768	27.1264	 0.25	 10.94	0.041	  160.43	100.00
 718.00	 711.69	 5.5225	34.3769	27.1268	 0.25	 11.08	0.041	  160.45	100.00
 719.00	 712.68	 5.5203	34.3773	27.1274	 0.25	 11.03	0.041	  160.40	100.00
 720.00	 713.67	 5.5195	34.3773	27.1276	 0.25	 10.90	0.040	  160.43	100.00
 721.00	 714.66	 5.5175	34.3774	27.1279	 0.25	 11.08	0.041	  160.44	100.00
 722.00	 715.65	 5.5146	34.3777	27.1285	 0.26	 11.11	0.042	  160.36	100.00
 723.00	 716.64	 5.5109	34.3779	27.1291	 0.25	 11.00	0.041	  160.38	100.00
 724.00	 717.63	 5.5065	34.3781	27.1298	 0.25	 10.96	0.041	  160.38	100.00
 725.00	 718.62	 5.5044	34.3785	27.1303	 0.25	 11.03	0.042	  160.39	100.00
 726.00	 719.61	 5.5020	34.3786	27.1308	 0.25	 11.01	0.042	  160.38	100.00
 727.00	 720.60	 5.5002	34.3787	27.1310	 0.25	 10.91	0.042	  160.36	100.00
 728.00	 721.59	 5.4991	34.3787	27.1312	 0.25	 11.04	0.041	  160.36	100.00
 729.00	 722.58	 5.4970	34.3789	27.1316	 0.26	 11.09	0.040	  160.36	100.00
 730.00	 723.57	 5.4938	34.3790	27.1321	 0.25	 11.07	0.041	  160.37	100.00
 731.00	 724.56	 5.4907	34.3791	27.1326	 0.25	 11.05	0.042	  160.35	100.00
 732.00	 725.55	 5.4894	34.3792	27.1328	 0.25	 11.05	0.041	  160.33	100.00
 733.00	 726.54	 5.4818	34.3796	27.1341	 0.25	 11.05	0.040	  160.38	100.00
 734.00	 727.53	 5.4777	34.3797	27.1346	 0.25	 10.97	0.040	  160.30	100.00
 735.00	 728.51	 5.4716	34.3800	27.1356	 0.25	 10.98	0.040	  160.29	100.00
 736.00	 729.50	 5.4697	34.3802	27.1360	 0.25	 11.07	0.040	  160.30	100.00
 737.00	 730.49	 5.4680	34.3801	27.1361	 0.25	 11.01	0.041	  160.35	100.00
 738.00	 731.48	 5.4668	34.3802	27.1363	 0.25	 11.05	0.041	  160.33	100.00
 739.00	 732.47	 5.4635	34.3799	27.1366	 0.25	 11.02	0.041	  160.34	100.00
 740.00	 733.46	 5.4607	34.3804	27.1372	 0.25	 11.02	0.041	  160.30	100.00
 741.00	 734.45	 5.4596	34.3805	27.1374	 0.26	 11.12	0.040	  160.28	100.00
 742.00	 735.44	 5.4569	34.3807	27.1380	 0.25	 10.97	0.041	  160.27	100.00
 743.00	 736.43	 5.4533	34.3811	27.1387	 0.25	 10.94	0.041	  160.25	100.00
 744.00	 737.42	 5.4447	34.3810	27.1396	 0.25	 10.92	0.040	  160.24	100.00
 745.00	 738.41	 5.4403	34.3813	27.1405	 0.25	 10.90	0.040	  160.24	100.00
 746.00	 739.40	 5.4385	34.3814	27.1407	 0.25	 11.04	0.041	  160.27	100.00
 747.00	 740.39	 5.4332	34.3813	27.1413	 0.25	 10.96	0.042	  160.22	100.00
 748.00	 741.38	 5.4310	34.3815	27.1418	 0.25	 10.94	0.041	  160.26	100.00
 749.00	 742.37	 5.4290	34.3814	27.1419	 0.25	 11.07	0.041	  160.26	100.00
 750.00	 743.36	 5.4269	34.3816	27.1423	 0.25	 11.08	0.041	  160.24	100.00
 751.00	 744.34	 5.4228	34.3815	27.1428	 0.25	 11.01	0.041	  160.25	100.00
 752.00	 745.33	 5.4120	34.3819	27.1444	 0.25	 11.08	0.041	  160.25	100.00
 753.00	 746.32	 5.4038	34.3821	27.1455	 0.26	 11.13	0.041	  160.24	100.00
 754.00	 747.31	 5.3996	34.3823	27.1462	 0.26	 11.18	0.041	  160.17	100.00
 755.00	 748.30	 5.3961	34.3824	27.1467	 0.26	 11.14	0.040	  160.26	100.00
 756.00	 749.29	 5.3925	34.3826	27.1473	 0.26	 11.11	0.040	  160.20	100.00
 757.00	 750.28	 5.3897	34.3825	27.1475	 0.26	 11.11	0.040	  160.22	100.00
 758.00	 751.27	 5.3779	34.3824	27.1489	 0.26	 11.12	0.040	  160.22	100.00
 759.00	 752.26	 5.3698	34.3830	27.1503	 0.26	 11.12	0.040	  160.20	100.00
 760.00	 753.25	 5.3652	34.3834	27.1512	 0.26	 11.13	0.040	  160.19	100.00
 761.00	 754.24	 5.3604	34.3836	27.1519	 0.26	 11.15	0.040	  160.23	100.00
 762.00	 755.23	 5.3567	34.3840	27.1527	 0.26	 11.15	0.041	  160.20	100.00
 763.00	 756.22	 5.3529	34.3843	27.1533	 0.26	 11.11	0.040	  160.19	100.00
 764.00	 757.21	 5.3500	34.3846	27.1540	 0.26	 11.17	0.040	  160.19	100.00
 765.00	 758.20	 5.3463	34.3847	27.1545	 0.26	 11.16	0.040	  160.22	100.00
 766.00	 759.18	 5.3436	34.3850	27.1550	 0.26	 11.14	0.040	  160.20	100.00
 767.00	 760.17	 5.3409	34.3850	27.1554	 0.26	 11.24	0.040	  160.18	100.00
 768.00	 761.16	 5.3397	34.3853	27.1558	 0.26	 11.22	0.041	  160.13	100.00
 769.00	 762.15	 5.3370	34.3854	27.1562	 0.26	 11.18	0.040	  160.15	100.00
 770.00	 763.14	 5.3315	34.3862	27.1574	 0.26	 11.20	0.041	  160.13	100.00
 771.00	 764.13	 5.3296	34.3864	27.1578	 0.26	 11.19	0.041	  160.17	100.00
 772.00	 765.12	 5.3290	34.3865	27.1580	 0.26	 11.28	0.040	  160.15	100.00
 773.00	 766.11	 5.3288	34.3866	27.1581	 0.26	 11.27	0.040	  160.16	100.00
 774.00	 767.10	 5.3259	34.3866	27.1585	 0.26	 11.25	0.040	  160.16	100.00
 775.00	 768.09	 5.3187	34.3869	27.1596	 0.26	 11.32	0.042	  160.11	100.00
 776.00	 769.08	 5.3116	34.3872	27.1607	 0.26	 11.35	0.040	  160.09	100.00
 777.00	 770.07	 5.3067	34.3874	27.1614	 0.26	 11.48	0.040	  160.16	100.00
 778.00	 771.06	 5.2932	34.3880	27.1635	 0.26	 11.46	0.040	  160.08	100.00
 779.00	 772.04	 5.2856	34.3885	27.1647	 0.26	 11.41	0.040	  160.09	100.00
 780.00	 773.03	 5.2727	34.3892	27.1668	 0.26	 11.48	0.042	  160.05	100.00
 781.00	 774.02	 5.2649	34.3898	27.1683	 0.26	 11.49	0.040	  160.13	100.00
 782.00	 775.01	 5.2596	34.3900	27.1690	 0.26	 11.52	0.040	  160.06	100.00
 783.00	 776.00	 5.2566	34.3902	27.1695	 0.27	 11.52	0.041	  160.07	100.00
 784.00	 776.99	 5.2553	34.3904	27.1699	 0.26	 11.49	0.042	  160.07	100.00
 785.00	 777.98	 5.2528	34.3903	27.1701	 0.27	 11.60	0.040	  160.02	100.00
 786.00	 778.97	 5.2466	34.3907	27.1712	 0.26	 11.49	0.042	  160.04	100.00
 787.00	 779.96	 5.2430	34.3910	27.1718	 0.27	 11.55	0.041	  160.01	100.00
 788.00	 780.95	 5.2357	34.3916	27.1731	 0.27	 11.66	0.040	  160.00	100.00
 789.00	 781.94	 5.2332	34.3916	27.1735	 0.27	 11.63	0.041	  160.02	100.00
 790.00	 782.93	 5.2314	34.3917	27.1738	 0.27	 11.63	0.042	  159.98	100.00
 791.00	 783.92	 5.2299	34.3917	27.1739	 0.27	 11.53	0.042	  159.98	100.00
 792.00	 784.90	 5.2273	34.3918	27.1744	 0.27	 11.60	0.041	  159.98	100.00
 793.00	 785.89	 5.2195	34.3916	27.1751	 0.27	 11.68	0.040	  160.02	100.00
 794.00	 786.88	 5.2089	34.3922	27.1768	 0.27	 11.55	0.040	  159.98	100.00
 795.00	 787.87	 5.2062	34.3924	27.1773	 0.27	 11.57	0.041	  159.95	100.00
 796.00	 788.86	 5.2046	34.3927	27.1777	 0.27	 11.60	0.041	  160.01	100.00
 797.00	 789.85	 5.2019	34.3926	27.1780	 0.27	 11.68	0.040	  159.98	100.00
 798.00	 790.84	 5.1939	34.3931	27.1793	 0.27	 11.73	0.041	  159.98	100.00
 799.00	 791.83	 5.1880	34.3937	27.1805	 0.27	 11.66	0.042	  159.95	100.00
 800.00	 792.82	 5.1854	34.3939	27.1809	 0.27	 11.66	0.042	  159.95	100.00
 801.00	 793.81	 5.1824	34.3941	27.1815	 0.27	 11.66	0.042	  159.95	100.00
 802.00	 794.80	 5.1798	34.3943	27.1819	 0.27	 11.66	0.041	  159.90	100.00
 803.00	 795.79	 5.1730	34.3944	27.1828	 0.27	 11.67	0.040	  159.97	100.00
 804.00	 796.77	 5.1655	34.3950	27.1841	 0.27	 11.72	0.040	  159.94	100.00
 805.00	 797.76	 5.1605	34.3951	27.1848	 0.27	 11.82	0.040	  159.90	100.00
 806.00	 798.75	 5.1534	34.3958	27.1862	 0.27	 11.92	0.040	  159.92	100.00
 807.00	 799.74	 5.1441	34.3964	27.1877	 0.28	 12.02	0.041	  159.91	100.00
 808.00	 800.73	 5.1314	34.3978	27.1903	 0.28	 12.03	0.041	  159.94	100.00
 809.00	 801.72	 5.1269	34.3982	27.1912	 0.28	 11.98	0.040	  159.93	100.00
 810.00	 802.71	 5.1252	34.3985	27.1917	 0.28	 11.97	0.041	  159.93	100.00
 811.00	 803.70	 5.1218	34.3986	27.1921	 0.28	 12.02	0.042	  159.92	100.00
 812.00	 804.69	 5.1165	34.3993	27.1933	 0.28	 11.98	0.041	  159.90	100.00
 813.00	 805.68	 5.1149	34.3993	27.1935	 0.28	 12.13	0.040	  159.93	100.00
 814.00	 806.66	 5.1107	34.3998	27.1944	 0.28	 12.04	0.040	  159.88	100.00
 815.00	 807.65	 5.1082	34.3999	27.1948	 0.27	 11.89	0.040	  159.81	100.00
 816.00	 808.64	 5.1072	34.4001	27.1950	 0.28	 12.02	0.041	  159.86	100.00
 817.00	 809.63	 5.1060	34.4002	27.1952	 0.28	 12.01	0.041	  159.89	100.00
 818.00	 810.62	 5.1055	34.4003	27.1954	 0.28	 12.02	0.040	  159.88	100.00
 819.00	 811.61	 5.1053	34.4004	27.1955	 0.28	 12.06	0.041	  159.85	100.00
 820.00	 812.60	 5.1051	34.4004	27.1956	 0.27	 11.95	0.041	  159.85	100.00
 821.00	 813.59	 5.1050	34.4004	27.1956	 0.28	 12.00	0.040	  159.86	100.00
 822.00	 814.58	 5.1047	34.4005	27.1957	 0.28	 12.05	0.040	  159.83	100.00
 823.00	 815.57	 5.1043	34.4004	27.1957	 0.28	 12.05	0.040	  159.83	100.00
 824.00	 816.56	 5.1020	34.4006	27.1961	 0.28	 12.07	0.041	  159.84	100.00
 825.00	 817.54	 5.0967	34.4007	27.1968	 0.28	 12.07	0.042	  159.83	100.00
 826.00	 818.53	 5.0903	34.4013	27.1980	 0.28	 12.14	0.041	  159.86	100.00
 827.00	 819.52	 5.0869	34.4014	27.1985	 0.28	 12.08	0.040	  159.85	100.00
 828.00	 820.51	 5.0838	34.4017	27.1991	 0.28	 12.02	0.040	  159.83	100.00
 829.00	 821.50	 5.0811	34.4017	27.1995	 0.28	 12.25	0.040	  159.83	100.00
 830.00	 822.49	 5.0786	34.4018	27.1998	 0.28	 12.23	0.041	  159.80	100.00
 831.00	 823.48	 5.0691	34.4023	27.2013	 0.28	 12.15	0.041	  159.81	100.00
 832.00	 824.47	 5.0542	34.4034	27.2039	 0.28	 12.18	0.040	  159.77	100.00
 833.00	 825.46	 5.0468	34.4043	27.2055	 0.28	 12.18	0.041	  159.78	100.00
 834.00	 826.45	 5.0440	34.4042	27.2058	 0.28	 12.19	0.041	  159.77	100.00
 835.00	 827.43	 5.0332	34.4051	27.2077	 0.28	 12.28	0.041	  159.71	100.00
 836.00	 828.42	 5.0309	34.4055	27.2083	 0.28	 12.27	0.040	  159.74	100.00
 837.00	 829.41	 5.0304	34.4055	27.2084	 0.28	 12.38	0.042	  159.74	100.00
 838.00	 830.40	 5.0292	34.4057	27.2086	 0.29	 12.40	0.042	  159.79	100.00
 839.00	 831.39	 5.0275	34.4057	27.2088	 0.28	 12.35	0.040	  159.76	100.00
 840.00	 832.38	 5.0228	34.4059	27.2095	 0.29	 12.44	0.040	  159.70	100.00
 841.00	 833.37	 5.0117	34.4065	27.2113	 0.29	 12.48	0.040	  159.76	100.00
 842.00	 834.36	 5.0070	34.4069	27.2122	 0.29	 12.52	0.040	  159.73	100.00
 843.00	 835.35	 4.9994	34.4072	27.2133	 0.29	 12.47	0.040	  159.74	100.00
 844.00	 836.33	 4.9866	34.4082	27.2155	 0.29	 12.65	0.041	  159.72	100.00
 845.00	 837.32	 4.9767	34.4090	27.2173	 0.29	 12.66	0.041	  159.74	100.00
 846.00	 838.31	 4.9725	34.4094	27.2181	 0.29	 12.64	0.042	  159.74	100.00
 847.00	 839.30	 4.9676	34.4098	27.2190	 0.29	 12.70	0.041	  159.75	100.00
 848.00	 840.29	 4.9606	34.4100	27.2199	 0.29	 12.58	0.040	  159.72	100.00
 849.00	 841.28	 4.9580	34.4105	27.2206	 0.29	 12.62	0.042	  159.70	100.00
 850.00	 842.27	 4.9547	34.4108	27.2213	 0.29	 12.73	0.041	  159.72	100.00
 851.00	 843.26	 4.9508	34.4109	27.2218	 0.29	 12.64	0.041	  159.71	100.00
 852.00	 844.25	 4.9450	34.4114	27.2229	 0.29	 12.65	0.042	  159.66	100.00
 853.00	 845.23	 4.9390	34.4118	27.2238	 0.29	 12.65	0.042	  159.68	100.00
 854.00	 846.22	 4.9359	34.4122	27.2245	 0.29	 12.68	0.042	  159.69	100.00
 855.00	 847.21	 4.9346	34.4123	27.2248	 0.29	 12.67	0.041	  159.66	100.00
 856.00	 848.20	 4.9340	34.4123	27.2248	 0.29	 12.63	0.040	  159.73	100.00
 857.00	 849.19	 4.9338	34.4124	27.2250	 0.29	 12.66	0.040	  159.70	100.00
 858.00	 850.18	 4.9332	34.4125	27.2251	 0.29	 12.72	0.040	  159.68	100.00
 859.00	 851.17	 4.9324	34.4124	27.2251	 0.29	 12.70	0.041	  159.67	100.00
 860.00	 852.16	 4.9280	34.4128	27.2259	 0.29	 12.63	0.042	  159.63	100.00
 861.00	 853.15	 4.9250	34.4129	27.2264	 0.29	 12.69	0.042	  159.61	100.00
 862.00	 854.13	 4.9213	34.4132	27.2271	 0.29	 12.67	0.042	  159.65	100.00
 863.00	 855.12	 4.9107	34.4136	27.2286	 0.30	 12.89	0.040	  159.63	100.00
 864.00	 856.11	 4.9013	34.4146	27.2305	 0.30	 12.96	0.040	  159.58	100.00
 865.00	 857.10	 4.8962	34.4149	27.2313	 0.30	 12.83	0.040	  159.65	100.00
 866.00	 858.09	 4.8871	34.4153	27.2326	 0.30	 12.93	0.041	  159.61	100.00
 867.00	 859.08	 4.8776	34.4160	27.2342	 0.30	 12.97	0.042	  159.63	100.00
 868.00	 860.07	 4.8664	34.4163	27.2358	 0.30	 12.92	0.042	  159.60	100.00
 869.00	 861.06	 4.8590	34.4171	27.2373	 0.30	 13.02	0.041	  159.61	100.00
 870.00	 862.04	 4.8508	34.4176	27.2385	 0.30	 13.14	0.041	  159.62	100.00
 871.00	 863.03	 4.8372	34.4187	27.2409	 0.30	 13.15	0.041	  159.63	100.00
 872.00	 864.02	 4.8339	34.4193	27.2418	 0.30	 13.08	0.041	  159.62	100.00
 873.00	 865.01	 4.8318	34.4194	27.2422	 0.30	 13.15	0.041	  159.59	100.00
 874.00	 866.00	 4.8258	34.4197	27.2431	 0.30	 13.23	0.041	  159.60	100.00
 875.00	 866.99	 4.8181	34.4204	27.2444	 0.30	 13.20	0.042	  159.55	100.00
 876.00	 867.98	 4.8095	34.4212	27.2461	 0.30	 13.11	0.042	  159.54	100.00
 877.00	 868.97	 4.8045	34.4216	27.2470	 0.30	 13.13	0.041	  159.57	100.00
 878.00	 869.96	 4.8004	34.4218	27.2476	 0.30	 13.18	0.041	  159.53	100.00
 879.00	 870.94	 4.7942	34.4223	27.2487	 0.30	 13.15	0.042	  159.53	100.00
 880.00	 871.93	 4.7861	34.4228	27.2500	 0.30	 13.19	0.042	  159.53	100.00
 881.00	 872.92	 4.7744	34.4237	27.2521	 0.31	 13.27	0.042	  159.52	100.00
 882.00	 873.91	 4.7668	34.4242	27.2533	 0.31	 13.40	0.042	  159.52	100.00
 883.00	 874.90	 4.7636	34.4246	27.2540	 0.31	 13.51	0.042	  159.54	100.00
 884.00	 875.89	 4.7631	34.4248	27.2542	 0.31	 13.50	0.041	  159.46	100.00
 885.00	 876.88	 4.7595	34.4253	27.2550	 0.31	 13.48	0.040	  159.50	100.00
 886.00	 877.87	 4.7562	34.4255	27.2555	 0.31	 13.40	0.040	  159.44	100.00
 887.00	 878.85	 4.7531	34.4258	27.2561	 0.31	 13.48	0.041	  159.45	100.00
 888.00	 879.84	 4.7498	34.4258	27.2565	 0.31	 13.52	0.042	  159.44	100.00
 889.00	 880.83	 4.7395	34.4268	27.2584	 0.31	 13.43	0.041	  159.50	100.00
 890.00	 881.82	 4.7346	34.4271	27.2592	 0.31	 13.53	0.040	  159.45	100.00
 891.00	 882.81	 4.7307	34.4275	27.2600	 0.31	 13.44	0.041	  159.45	100.00
 892.00	 883.80	 4.7297	34.4276	27.2602	 0.31	 13.40	0.042	  159.46	100.00
 893.00	 884.79	 4.7284	34.4278	27.2605	 0.31	 13.47	0.042	  159.45	100.00
 894.00	 885.77	 4.7266	34.4278	27.2607	 0.31	 13.48	0.040	  159.48	100.00
 895.00	 886.76	 4.7262	34.4279	27.2608	 0.31	 13.35	0.041	  159.46	100.00
 896.00	 887.75	 4.7250	34.4280	27.2610	 0.31	 13.40	0.040	  159.44	100.00
 897.00	 888.74	 4.7239	34.4282	27.2613	 0.31	 13.47	0.041	  159.47	100.00
 898.00	 889.73	 4.7224	34.4281	27.2614	 0.31	 13.45	0.041	  159.44	100.00
 899.00	 890.72	 4.7210	34.4284	27.2618	 0.31	 13.41	0.040	  159.40	100.00
 900.00	 891.71	 4.7209	34.4284	27.2618	 0.31	 13.50	0.041	  159.44	100.00
 901.00	 892.70	 4.7132	34.4288	27.2630	 0.31	 13.57	0.042	  159.45	100.00
 902.00	 893.68	 4.7060	34.4292	27.2642	 0.31	 13.66	0.041	  159.39	100.00
 903.00	 894.67	 4.6962	34.4301	27.2660	 0.32	 13.79	0.041	  159.44	100.00
 904.00	 895.66	 4.6846	34.4309	27.2679	 0.32	 13.74	0.042	  159.43	100.00
 905.00	 896.65	 4.6773	34.4317	27.2693	 0.31	 13.68	0.042	  159.40	100.00
 906.00	 897.64	 4.6746	34.4319	27.2698	 0.31	 13.69	0.042	  159.43	100.00
 907.00	 898.63	 4.6729	34.4320	27.2700	 0.32	 13.71	0.041	  159.40	100.00
 908.00	 899.62	 4.6714	34.4319	27.2702	 0.31	 13.64	0.040	  159.44	100.00
 909.00	 900.60	 4.6690	34.4320	27.2706	 0.31	 13.63	0.041	  159.41	100.00
 910.00	 901.59	 4.6604	34.4326	27.2719	 0.31	 13.67	0.040	  159.40	100.00
 911.00	 902.58	 4.6544	34.4331	27.2730	 0.31	 13.67	0.041	  159.34	100.00
 912.00	 903.57	 4.6497	34.4336	27.2739	 0.31	 13.68	0.042	  159.32	100.00
 913.00	 904.56	 4.6386	34.4341	27.2755	 0.31	 13.68	0.042	  159.35	100.00
 914.00	 905.55	 4.6322	34.4349	27.2769	 0.32	 13.71	0.041	  159.41	100.00
 915.00	 906.54	 4.6281	34.4352	27.2776	 0.31	 13.67	0.041	  159.40	100.00
 916.00	 907.52	 4.6222	34.4355	27.2785	 0.31	 13.64	0.042	  159.38	100.00
 917.00	 908.51	 4.6214	34.4358	27.2789	 0.32	 13.73	0.042	  159.39	100.00
 918.00	 909.50	 4.6176	34.4359	27.2793	 0.32	 13.70	0.041	  159.35	100.00
 919.00	 910.49	 4.6148	34.4364	27.2800	 0.32	 13.70	0.041	  159.39	100.00
 920.00	 911.48	 4.6145	34.4363	27.2800	 0.32	 13.70	0.041	  159.35	100.00
 921.00	 912.47	 4.6121	34.4366	27.2805	 0.32	 13.74	0.040	  159.37	100.00
 922.00	 913.46	 4.6106	34.4367	27.2808	 0.32	 13.73	0.041	  159.38	100.00
 923.00	 914.44	 4.6087	34.4369	27.2811	 0.31	 13.68	0.042	  159.32	100.00
 924.00	 915.43	 4.6079	34.4369	27.2813	 0.32	 13.75	0.042	  159.32	100.00
 925.00	 916.42	 4.6061	34.4370	27.2816	 0.32	 13.73	0.042	  159.39	100.00
 926.00	 917.41	 4.6020	34.4374	27.2823	 0.31	 13.69	0.042	  159.33	100.00
 927.00	 918.40	 4.6013	34.4376	27.2825	 0.32	 13.72	0.042	  159.35	100.00
 928.00	 919.39	 4.6006	34.4376	27.2826	 0.32	 13.72	0.042	  159.30	100.00
 929.00	 920.38	 4.6000	34.4377	27.2828	 0.32	 13.73	0.042	  159.33	100.00
 930.00	 921.36	 4.5995	34.4378	27.2829	 0.32	 13.73	0.042	  159.31	100.00
 931.00	 922.35	 4.5988	34.4378	27.2830	 0.32	 13.73	0.042	  159.27	100.00
 932.00	 923.34	 4.5977	34.4379	27.2832	 0.32	 13.77	0.042	  159.24	100.00
 933.00	 924.33	 4.5962	34.4380	27.2835	 0.32	 13.83	0.042	  159.26	100.00
 934.00	 925.32	 4.5921	34.4381	27.2840	 0.32	 13.74	0.041	  159.21	100.00
 935.00	 926.31	 4.5859	34.4382	27.2848	 0.32	 13.71	0.042	  159.26	100.00
 936.00	 927.30	 4.5728	34.4397	27.2874	 0.32	 13.91	0.041	  159.25	100.00
 937.00	 928.28	 4.5705	34.4397	27.2877	 0.32	 13.93	0.041	  159.24	100.00
 938.00	 929.27	 4.5647	34.4401	27.2886	 0.32	 13.86	0.042	  159.19	100.00
 939.00	 930.26	 4.5534	34.4407	27.2903	 0.32	 14.02	0.042	  159.21	100.00
 940.00	 931.25	 4.5443	34.4415	27.2919	 0.32	 13.95	0.042	  159.21	100.00
 941.00	 932.24	 4.5359	34.4426	27.2938	 0.32	 13.89	0.042	  159.25	100.00
 942.00	 933.23	 4.5351	34.4425	27.2938	 0.32	 14.10	0.041	  159.25	100.00
 943.00	 934.21	 4.5326	34.4426	27.2941	 0.32	 14.09	0.041	  159.26	100.00
 944.00	 935.20	 4.5279	34.4431	27.2951	 0.32	 13.99	0.041	  159.23	100.00
 945.00	 936.19	 4.5249	34.4433	27.2955	 0.32	 13.99	0.041	  159.26	100.00
 946.00	 937.18	 4.5219	34.4435	27.2961	 0.32	 14.05	0.042	  159.21	100.00
 947.00	 938.17	 4.5170	34.4440	27.2969	 0.32	 14.09	0.041	  159.20	100.00
 948.00	 939.16	 4.5136	34.4442	27.2975	 0.32	 14.10	0.040	  159.19	100.00
 949.00	 940.15	 4.5093	34.4446	27.2983	 0.33	 14.21	0.041	  159.20	100.00
 950.00	 941.13	 4.5043	34.4450	27.2991	 0.33	 14.24	0.041	  159.22	100.00
 951.00	 942.12	 4.4958	34.4454	27.3004	 0.33	 14.28	0.041	  159.19	100.00
 952.00	 943.11	 4.4850	34.4463	27.3023	 0.33	 14.22	0.042	  159.13	100.00
 953.00	 944.10	 4.4750	34.4471	27.3040	 0.33	 14.24	0.042	  159.17	100.00
 954.00	 945.09	 4.4711	34.4476	27.3048	 0.33	 14.30	0.041	  159.19	100.00
 955.00	 946.08	 4.4706	34.4475	27.3048	 0.33	 14.19	0.040	  159.21	100.00
 956.00	 947.06	 4.4694	34.4477	27.3051	 0.33	 14.26	0.040	  159.16	100.00
 957.00	 948.05	 4.4683	34.4477	27.3052	 0.33	 14.24	0.040	  159.19	100.00
 958.00	 949.04	 4.4644	34.4481	27.3060	 0.33	 14.26	0.041	  159.15	100.00
 959.00	 950.03	 4.4587	34.4485	27.3069	 0.33	 14.30	0.042	  159.14	100.00
 960.00	 951.02	 4.4537	34.4490	27.3078	 0.33	 14.26	0.042	  159.18	100.00
 961.00	 952.01	 4.4500	34.4493	27.3085	 0.33	 14.31	0.042	  159.12	100.00
 962.00	 952.99	 4.4472	34.4493	27.3089	 0.33	 14.28	0.042	  159.13	100.00
 963.00	 953.98	 4.4447	34.4497	27.3094	 0.33	 14.28	0.042	  159.13	100.00
 964.00	 954.97	 4.4426	34.4499	27.3098	 0.33	 14.29	0.042	  159.11	100.00
 965.00	 955.96	 4.4389	34.4503	27.3106	 0.33	 14.29	0.042	  159.10	100.00
 966.00	 956.95	 4.4383	34.4503	27.3106	 0.33	 14.29	0.042	  159.05	100.00
 967.00	 957.94	 4.4345	34.4505	27.3111	 0.33	 14.29	0.042	  159.06	100.00
 968.00	 958.92	 4.4309	34.4509	27.3119	 0.33	 14.30	0.042	  159.06	100.00
 969.00	 959.91	 4.4300	34.4511	27.3122	 0.33	 14.26	0.042	  159.08	100.00
 970.00	 960.90	 4.4299	34.4510	27.3121	 0.33	 14.28	0.042	  159.04	100.00
 971.00	 961.89	 4.4288	34.4512	27.3124	 0.33	 14.34	0.042	  159.09	100.00
 972.00	 962.88	 4.4274	34.4512	27.3125	 0.33	 14.31	0.042	  159.01	100.00
 973.00	 963.87	 4.4247	34.4514	27.3130	 0.33	 14.31	0.042	  159.07	100.00
 974.00	 964.85	 4.4242	34.4516	27.3132	 0.33	 14.31	0.040	  159.00	100.00
 975.00	 965.84	 4.4227	34.4515	27.3133	 0.33	 14.32	0.042	  158.97	100.00
 976.00	 966.83	 4.4197	34.4519	27.3139	 0.33	 14.39	0.042	  159.01	100.00
 977.00	 967.82	 4.4183	34.4519	27.3141	 0.33	 14.36	0.042	  158.98	100.00
 978.00	 968.81	 4.4143	34.4523	27.3149	 0.33	 14.27	0.042	  159.00	100.00
 979.00	 969.80	 4.4131	34.4523	27.3150	 0.33	 14.33	0.041	  159.03	100.00
 980.00	 970.78	 4.4111	34.4524	27.3153	 0.33	 14.33	0.041	  158.98	100.00
 981.00	 971.77	 4.4069	34.4527	27.3160	 0.33	 14.40	0.041	  159.01	100.00
 982.00	 972.76	 4.4038	34.4530	27.3166	 0.33	 14.37	0.042	  158.95	100.00
 983.00	 973.75	 4.4018	34.4531	27.3169	 0.33	 14.34	0.041	  158.97	100.00
 984.00	 974.74	 4.3997	34.4533	27.3173	 0.33	 14.49	0.040	  158.98	100.00
 985.00	 975.73	 4.3978	34.4536	27.3177	 0.33	 14.47	0.041	  158.96	100.00
 986.00	 976.71	 4.3946	34.4538	27.3183	 0.33	 14.55	0.042	  159.01	100.00
 987.00	 977.70	 4.3932	34.4540	27.3185	 0.33	 14.56	0.042	  158.96	100.00
 988.00	 978.69	 4.3927	34.4539	27.3186	 0.33	 14.39	0.042	  158.91	100.00
 989.00	 979.68	 4.3892	34.4541	27.3191	 0.33	 14.50	0.042	  158.96	100.00
 990.00	 980.67	 4.3842	34.4547	27.3201	 0.34	 14.59	0.042	  158.97	100.00
 991.00	 981.65	 4.3838	34.4546	27.3201	 0.33	 14.55	0.042	  158.93	100.00
 992.00	 982.64	 4.3833	34.4547	27.3202	 0.33	 14.42	0.042	  158.90	100.00
 993.00	 983.63	 4.3809	34.4549	27.3206	 0.33	 14.50	0.041	  158.93	100.00
 994.00	 984.62	 4.3791	34.4550	27.3209	 0.34	 14.60	0.041	  158.94	100.00
 995.00	 985.61	 4.3787	34.4550	27.3210	 0.33	 14.53	0.042	  158.94	100.00
 996.00	 986.60	 4.3780	34.4551	27.3211	 0.34	 14.60	0.042	  158.94	100.00
 997.00	 987.58	 4.3766	34.4553	27.3214	 0.33	 14.53	0.042	  158.92	100.00
 998.00	 988.57	 4.3714	34.4555	27.3222	 0.33	 14.34	0.042	  158.92	100.00
 999.00	 989.56	 4.3689	34.4559	27.3228	 0.33	 14.56	0.041	  158.92	100.00
1000.00	 990.55	 4.3670	34.4560	27.3230	 0.34	 14.60	0.041	  158.94	100.00
1001.00	 991.54	 4.3654	34.4561	27.3233	 0.33	 14.45	0.042	  158.88	100.00
1002.00	 992.53	 4.3609	34.4565	27.3241	 0.34	 14.59	0.042	  158.88	100.00
1003.00	 993.51	 4.3590	34.4567	27.3245	 0.33	 14.55	0.042	  158.94	100.00
1004.00	 994.50	 4.3582	34.4566	27.3245	 0.33	 14.34	0.042	  158.92	100.00
1005.00	 995.49	 4.3571	34.4568	27.3248	 0.33	 14.32	0.042	  158.94	100.00
1006.00	 996.48	 4.3567	34.4569	27.3249	 0.33	 14.47	0.042	  158.86	100.00
1007.00	 997.47	 4.3556	34.4569	27.3251	 0.33	 14.49	0.042	  158.86	100.00
1008.00	 998.45	 4.3549	34.4570	27.3252	 0.34	 14.59	0.042	  158.81	100.00
1009.00	 999.44	 4.3545	34.4571	27.3253	 0.33	 14.42	0.042	  158.89	100.00
1010.00	1000.43	 4.3542	34.4570	27.3253	 0.33	 14.39	0.042	  158.87	100.00
1011.00	1001.42	 4.3540	34.4571	27.3254	 0.34	 14.66	0.041	  158.82	100.00
1012.00	1002.41	 4.3531	34.4571	27.3255	 0.34	 14.68	0.041	  158.90	100.00
1013.00	1003.39	 4.3525	34.4572	27.3257	 0.33	 14.49	0.042	  158.84	100.00
1014.00	1004.38	 4.3514	34.4574	27.3259	 0.34	 14.64	0.042	  158.82	100.00
1015.00	1005.37	 4.3479	34.4576	27.3265	 0.34	 14.85	0.042	  158.81	100.00
1016.00	1006.36	 4.3439	34.4579	27.3271	 0.34	 14.68	0.042	  158.86	100.00
1017.00	1007.35	 4.3394	34.4581	27.3278	 0.34	 14.68	0.042	  158.84	100.00
1018.00	1008.34	 4.3340	34.4585	27.3287	 0.34	 14.69	0.041	  158.77	100.00
1019.00	1009.32	 4.3303	34.4590	27.3295	 0.34	 14.73	0.040	  158.81	100.00
1020.00	1010.31	 4.3274	34.4590	27.3298	 0.34	 14.71	0.041	  158.79	100.00
1021.00	1011.30	 4.3253	34.4593	27.3303	 0.34	 14.68	0.042	  158.79	100.00
1022.00	1012.29	 4.3217	34.4594	27.3308	 0.34	 14.71	0.042	  158.79	100.00
1023.00	1013.28	 4.3189	34.4597	27.3313	 0.34	 14.57	0.041	  158.81	100.00
1024.00	1014.26	 4.3167	34.4599	27.3317	 0.34	 14.67	0.041	  158.86	100.00
1025.00	1015.25	 4.3146	34.4601	27.3321	 0.34	 14.69	0.041	  158.76	100.00
1026.00	1016.24	 4.3127	34.4602	27.3324	 0.34	 14.65	0.041	  158.79	100.00
1027.00	1017.23	 4.3115	34.4604	27.3326	 0.34	 14.64	0.041	  158.76	100.00
1028.00	1018.22	 4.3104	34.4604	27.3328	 0.34	 14.62	0.041	  158.81	100.00
1029.00	1019.20	 4.3089	34.4607	27.3332	 0.34	 14.70	0.042	  158.72	100.00
1030.00	1020.19	 4.3080	34.4608	27.3334	 0.34	 14.72	0.041	  158.73	100.00
1031.00	1021.18	 4.3069	34.4607	27.3334	 0.34	 14.69	0.041	  158.79	100.00
1032.00	1022.17	 4.3059	34.4609	27.3337	 0.34	 14.69	0.041	  158.75	100.00
1033.00	1023.16	 4.3035	34.4610	27.3340	 0.34	 14.69	0.041	  158.77	100.00
1034.00	1024.14	 4.3025	34.4611	27.3343	 0.34	 14.62	0.042	  158.76	100.00
1035.00	1025.13	 4.3019	34.4612	27.3344	 0.34	 14.62	0.042	  158.74	100.00
1036.00	1026.12	 4.3013	34.4613	27.3345	 0.34	 14.72	0.042	  158.74	100.00
1037.00	1027.11	 4.3012	34.4613	27.3345	 0.34	 14.65	0.042	  158.76	100.00
1038.00	1028.10	 4.3008	34.4614	27.3346	 0.34	 14.70	0.042	  158.75	100.00
1039.00	1029.08	 4.3002	34.4614	27.3347	 0.34	 14.74	0.042	  158.65	100.00
1040.00	1030.07	 4.2988	34.4614	27.3349	 0.34	 14.62	0.042	  158.69	100.00
1041.00	1031.06	 4.2979	34.4615	27.3351	 0.34	 14.61	0.042	  158.68	100.00
1042.00	1032.05	 4.2973	34.4615	27.3352	 0.34	 14.72	0.042	  158.73	100.00
1043.00	1033.04	 4.2969	34.4617	27.3354	 0.34	 14.78	0.042	  158.72	100.00
1044.00	1034.02	 4.2947	34.4617	27.3356	 0.34	 14.70	0.042	  158.69	100.00
1045.00	1035.01	 4.2933	34.4620	27.3360	 0.34	 14.76	0.042	  158.65	100.00
1046.00	1036.00	 4.2932	34.4619	27.3360	 0.34	 14.66	0.042	  158.65	100.00
1047.00	1036.99	 4.2930	34.4620	27.3361	 0.34	 14.69	0.042	  158.65	100.00
1048.00	1037.98	 4.2929	34.4619	27.3360	 0.34	 14.66	0.042	  158.72	100.00
1049.00	1038.96	 4.2915	34.4621	27.3363	 0.33	 14.51	0.041	  158.65	100.00
1050.00	1039.95	 4.2906	34.4623	27.3366	 0.34	 14.70	0.040	  158.64	100.00
1051.00	1040.94	 4.2895	34.4623	27.3367	 0.34	 14.65	0.042	  158.68	100.00
1052.00	1041.93	 4.2886	34.4624	27.3369	 0.34	 14.59	0.042	  158.60	100.00
1053.00	1042.92	 4.2877	34.4624	27.3370	 0.34	 14.70	0.042	  158.61	100.00
1054.00	1043.90	 4.2874	34.4624	27.3371	 0.34	 14.72	0.042	  158.68	100.00
1055.00	1044.89	 4.2871	34.4625	27.3372	 0.33	 14.46	0.042	  158.63	100.00
1056.00	1045.88	 4.2867	34.4625	27.3372	 0.34	 14.71	0.042	  158.65	100.00
1057.00	1046.87	 4.2858	34.4625	27.3373	 0.34	 14.69	0.042	  158.61	100.00
1058.00	1047.86	 4.2853	34.4627	27.3375	 0.33	 14.32	0.042	  158.63	100.00
1059.00	1048.84	 4.2853	34.4627	27.3375	 0.34	 14.71	0.042	  158.52	100.00
1060.00	1049.83	 4.2855	34.4627	27.3376	 0.34	 14.63	0.042	  158.59	100.00
1061.00	1050.82	 4.2854	34.4627	27.3376	 0.33	 14.55	0.041	  158.56	100.00
1062.00	1051.81	 4.2849	34.4628	27.3377	 0.34	 14.57	0.041	  158.56	100.00
1063.00	1052.80	 4.2842	34.4628	27.3378	 0.33	 14.51	0.041	  158.54	100.00
1064.00	1053.78	 4.2823	34.4629	27.3381	 0.34	 14.59	0.041	  158.53	100.00
1065.00	1054.77	 4.2811	34.4630	27.3383	 0.34	 14.69	0.042	  158.61	100.00
1066.00	1055.76	 4.2806	34.4630	27.3384	 0.33	 14.50	0.042	  158.52	100.00
1067.00	1056.75	 4.2798	34.4630	27.3385	 0.33	 14.51	0.042	  158.56	100.00
1068.00	1057.73	 4.2769	34.4633	27.3390	 0.33	 14.53	0.042	  158.48	100.00
1069.00	1058.72	 4.2750	34.4635	27.3393	 0.33	 14.54	0.042	  158.55	100.00
1070.00	1059.71	 4.2736	34.4636	27.3396	 0.33	 14.52	0.040	  158.54	100.00
1071.00	1060.70	 4.2734	34.4636	27.3396	 0.33	 14.52	0.040	  158.54	100.00
1072.00	1061.69	 4.2726	34.4637	27.3398	 0.33	 14.54	0.042	  158.55	100.00
1073.00	1062.67	 4.2721	34.4638	27.3399	 0.33	 14.30	0.041	  158.50	100.00
1074.00	1063.66	 4.2718	34.4638	27.3399	 0.33	 14.27	0.041	  158.55	100.00
1075.00	1064.65	 4.2715	34.4639	27.3401	 0.33	 14.52	0.042	  158.54	100.00
1076.00	1065.64	 4.2709	34.4638	27.3401	 0.33	 14.41	0.042	  158.52	100.00
1077.00	1066.63	 4.2682	34.4640	27.3406	 0.33	 14.49	0.042	  158.52	100.00
1078.00	1067.61	 4.2671	34.4642	27.3408	 0.33	 14.48	0.042	  158.52	100.00
1079.00	1068.60	 4.2668	34.4642	27.3409	 0.33	 14.39	0.042	  158.50	100.00
1080.00	1069.59	 4.2661	34.4642	27.3409	 0.33	 14.49	0.042	  158.51	100.00
1081.00	1070.58	 4.2658	34.4643	27.3411	 0.33	 14.45	0.042	  158.51	100.00
1082.00	1071.56	 4.2656	34.4643	27.3411	 0.33	 14.44	0.042	  158.42	100.00
1083.00	1072.55	 4.2655	34.4643	27.3411	 0.33	 14.42	0.042	  158.44	100.00
1084.00	1073.54	 4.2650	34.4643	27.3411	 0.33	 14.34	0.041	  158.50	100.00
1085.00	1074.53	 4.2644	34.4644	27.3413	 0.33	 14.49	0.041	  158.49	100.00
1086.00	1075.52	 4.2644	34.4645	27.3414	 0.33	 14.36	0.042	  158.49	100.00
1087.00	1076.50	 4.2646	34.4644	27.3413	 0.33	 14.49	0.042	  158.47	100.00
1088.00	1077.49	 4.2643	34.4645	27.3414	 0.33	 14.44	0.042	  158.46	 99.91
1089.00	1078.48	 4.2641	34.4644	27.3414	 0.33	 14.35	0.042	  158.51	 98.51
1090.00	1079.47	 4.2637	34.4645	27.3415	 0.33	 14.44	0.042	  158.53	 98.79
1091.00	1080.45	 4.2630	34.4645	27.3416	 0.33	 14.35	0.041	  158.48	 97.56
1092.00	1081.44	 4.2609	34.4648	27.3421	 0.33	 14.47	0.041	  158.47	 95.78
1093.00	1082.43	 4.2605	34.4647	27.3420	 0.33	 14.46	0.042	  158.45	 96.07
1094.00	1083.42	 4.2591	34.4648	27.3423	 0.33	 14.31	0.042	  158.46	 93.85
1095.00	1084.41	 4.2579	34.4649	27.3425	 0.33	 14.41	0.041	  158.38	 92.77
1096.00	1085.39	 4.2565	34.4651	27.3428	 0.33	 14.42	0.041	  158.46	 91.80
1097.00	1086.38	 4.2557	34.4651	27.3429	 0.33	 14.42	0.042	  158.36	 90.77
1098.00	1087.37	 4.2535	34.4652	27.3432	 0.33	 14.35	0.042	  158.28	 89.77
1099.00	1088.36	 4.2511	34.4656	27.3438	 0.33	 14.36	0.042	  158.43	 88.82
1100.00	1089.34	 4.2509	34.4655	27.3438	 0.33	 14.24	0.042	  158.33	 87.76
1101.00	1090.33	 4.2496	34.4655	27.3439	 0.33	 14.20	0.041	  158.33	 86.80
1102.00	1091.32	 4.2472	34.4658	27.3444	 0.33	 14.27	0.040	  158.36	 85.76
1103.00	1092.31	 4.2470	34.4659	27.3445	 0.33	 14.14	0.040	  158.34	 84.73
1104.00	1093.29	 4.2469	34.4659	27.3445	 0.33	 14.29	0.042	  158.36	 83.77
1105.00	1094.28	 4.2470	34.4659	27.3445	 0.33	 14.26	0.042	  158.33	 82.83
1106.00	1095.27	 4.2469	34.4660	27.3446	 0.33	 14.18	0.042	  158.26	 81.86
1107.00	1096.26	 4.2467	34.4661	27.3447	 0.33	 14.17	0.042	  158.34	 80.86
1108.00	1097.25	 4.2468	34.4661	27.3447	 0.33	 14.28	0.042	  158.32	 79.85
1109.00	1098.23	 4.2468	34.4659	27.3446	 0.33	 14.15	0.042	  158.30	 78.75
1110.00	1099.22	 4.2467	34.4660	27.3447	 0.33	 14.28	0.042	  158.36	 77.75
1111.00	1100.21	 4.2467	34.4660	27.3447	 0.33	 14.17	0.042	  158.29	 76.85
1112.00	1101.20	 4.2465	34.4661	27.3448	 0.33	 14.25	0.041	  158.31	 75.83
1113.00	1102.18	 4.2460	34.4661	27.3448	 0.33	 14.26	0.041	  158.34	 74.79
1114.00	1103.17	 4.2446	34.4662	27.3451	 0.33	 14.16	0.042	  158.32	 73.79
1115.00	1104.16	 4.2443	34.4662	27.3451	 0.33	 14.23	0.041	  158.36	 72.83
1116.00	1105.15	 4.2441	34.4662	27.3452	 0.33	 14.26	0.041	  158.35	 71.81
1117.00	1106.13	 4.2429	34.4663	27.3454	 0.33	 14.25	0.042	  158.32	 70.86
1118.00	1107.12	 4.2416	34.4665	27.3457	 0.33	 14.23	0.041	  158.38	 69.90
1119.00	1108.11	 4.2408	34.4665	27.3458	 0.33	 14.18	0.040	  158.34	 68.91
1120.00	1109.10	 4.2391	34.4667	27.3461	 0.33	 14.14	0.042	  158.27	 67.86
1121.00	1110.09	 4.2392	34.4667	27.3461	 0.33	 14.16	0.042	  158.26	 66.81
1122.00	1111.07	 4.2378	34.4668	27.3463	 0.32	 13.99	0.042	  158.29	 65.78
1123.00	1112.06	 4.2361	34.4669	27.3466	 0.32	 13.92	0.042	  158.23	 64.85
1124.00	1113.05	 4.2354	34.4669	27.3467	 0.32	 13.93	0.042	  158.29	 63.87
1125.00	1114.04	 4.2346	34.4670	27.3469	 0.32	 14.02	0.042	  158.25	 62.81
1126.00	1115.02	 4.2332	34.4671	27.3471	 0.32	 14.02	0.042	  158.23	 61.83
1127.00	1116.01	 4.2315	34.4671	27.3473	 0.32	 13.97	0.041	  158.29	 60.89
1128.00	1117.00	 4.2286	34.4675	27.3480	 0.32	 13.80	0.041	  158.24	 59.94
1129.00	1117.99	 4.2269	34.4677	27.3483	 0.32	 13.78	0.042	  158.27	 58.99
1130.00	1118.97	 4.2256	34.4677	27.3484	 0.32	 13.92	0.042	  158.21	 57.94
1131.00	1119.96	 4.2246	34.4679	27.3487	 0.32	 13.72	0.041	  158.28	 56.94
1132.00	1120.95	 4.2245	34.4679	27.3487	 0.32	 13.73	0.041	  158.16	 55.90
1133.00	1121.94	 4.2242	34.4680	27.3488	 0.32	 13.82	0.042	  158.26	 54.85
1134.00	1122.92	 4.2233	34.4680	27.3489	 0.32	 13.81	0.042	  158.20	 53.85
1135.00	1123.91	 4.2225	34.4681	27.3491	 0.32	 13.84	0.042	  158.24	 52.93
1136.00	1124.90	 4.2222	34.4681	27.3491	 0.32	 13.84	0.040	  158.18	 51.96
1137.00	1125.89	 4.2221	34.4681	27.3492	 0.32	 13.85	0.041	  158.27	 50.92
1138.00	1126.87	 4.2217	34.4683	27.3493	 0.32	 13.79	0.042	  158.22	 49.88
1139.00	1127.86	 4.2212	34.4682	27.3493	 0.32	 13.82	0.042	  158.20	 48.90
1140.00	1128.85	 4.2209	34.4683	27.3495	 0.32	 13.89	0.042	  158.19	 47.94
1141.00	1129.84	 4.2199	34.4683	27.3496	 0.32	 13.80	0.042	  158.20	 46.95
1142.00	1130.82	 4.2177	34.4685	27.3500	 0.32	 13.80	0.042	  158.20	 45.94
1143.00	1131.81	 4.2171	34.4686	27.3501	 0.32	 13.82	0.042	  158.19	 44.91
1144.00	1132.80	 4.2167	34.4687	27.3502	 0.32	 13.84	0.041	  158.16	 43.90
1145.00	1133.79	 4.2158	34.4688	27.3504	 0.32	 13.76	0.040	  158.19	 42.93
1146.00	1134.77	 4.2148	34.4689	27.3506	 0.32	 13.73	0.042	  158.11	 41.98
1147.00	1135.76	 4.2154	34.4688	27.3505	 0.31	 13.68	0.042	  158.19	 40.75
1148.00	1136.75	 4.2143	34.4688	27.3506	 0.31	 13.66	0.042	  158.11	 39.69
1149.00	1137.74	 4.2130	34.4689	27.3508	 0.31	 13.67	0.042	  158.08	 38.71
1150.00	1138.72	 4.2131	34.4688	27.3508	 0.31	 13.68	0.042	  158.08	 37.67
1151.00	1139.71	 4.2127	34.4689	27.3509	 0.31	 13.68	0.042	  158.09	 36.70
1152.00	1140.70	 4.2127	34.4689	27.3509	 0.31	 13.68	0.042	  158.12	 35.71
1153.00	1141.69	 4.2128	34.4689	27.3509	 0.31	 13.67	0.042	  158.07	 34.72
1154.00	1142.67	 4.2129	34.4689	27.3509	 0.31	 13.63	0.041	  158.03	 33.72
1155.00	1143.66	 4.2127	34.4689	27.3510	 0.31	 13.65	0.042	  158.05	 32.78
1156.00	1144.65	 4.2123	34.4690	27.3510	 0.31	 13.64	0.042	  158.01	 31.70
1157.00	1145.64	 4.2122	34.4690	27.3511	 0.31	 13.62	0.042	  158.01	 30.73
1158.00	1146.62	 4.2109	34.4690	27.3513	 0.31	 13.67	0.042	  158.01	 29.73
1159.00	1147.61	 4.2103	34.4691	27.3514	 0.31	 13.63	0.042	  158.01	 28.74
1160.00	1148.60	 4.2104	34.4691	27.3514	 0.31	 13.64	0.042	  158.03	 27.71
1161.00	1149.59	 4.2097	34.4692	27.3516	 0.31	 13.59	0.042	  158.01	 26.76
1162.00	1150.57	 4.2096	34.4692	27.3516	 0.31	 13.57	0.042	  157.98	 25.71
1163.00	1151.56	 4.2094	34.4693	27.3517	 0.31	 13.64	0.041	  158.01	 24.72
1164.00	1152.55	 4.2092	34.4693	27.3517	 0.31	 13.63	0.042	  157.99	 23.77
1165.00	1153.54	 4.2090	34.4692	27.3517	 0.31	 13.58	0.042	  157.98	 22.71
1166.00	1154.52	 4.2088	34.4694	27.3518	 0.31	 13.63	0.042	  157.99	 21.74
1167.00	1155.51	 4.2086	34.4693	27.3518	 0.31	 13.64	0.042	  157.97	 20.73
1168.00	1156.50	 4.2086	34.4693	27.3518	 0.31	 13.52	0.042	  157.98	 19.75
1169.00	1157.49	 4.2086	34.4693	27.3518	 0.31	 13.56	0.042	  157.98	 18.70
1170.00	1158.47	 4.2087	34.4693	27.3518	 0.31	 13.59	0.042	  157.97	 17.74
1171.00	1159.46	 4.2088	34.4693	27.3518	 0.31	 13.55	0.041	  157.97	 16.70
1172.00	1160.45	 4.2088	34.4694	27.3519	 0.31	 13.56	0.042	  157.96	 15.73
1173.00	1161.44	 4.2072	34.4695	27.3521	 0.31	 13.50	0.041	  157.98	 14.72
1174.00	1162.42	 4.2058	34.4696	27.3524	 0.31	 13.51	0.042	  157.99	 13.74
1175.00	1163.41	 4.2050	34.4698	27.3526	 0.31	 13.48	0.042	  157.96	 12.76
1176.00	1164.40	 4.2045	34.4697	27.3526	 0.31	 13.49	0.042	  157.98	 11.74
1177.00	1165.38	 4.2042	34.4698	27.3527	 0.31	 13.48	0.041	  157.99	 10.72
1178.00	1166.37	 4.2047	34.4697	27.3526	 0.31	 13.43	0.042	  157.86	  9.58
