* Sea-Bird SBE 9 Data:
* Software Version Seasave V 7.26.7.107
* Vessel: NOAA Ship Ronald H. Brown
* Cruise: RB2102, West Coast Ocean Acidification (WCOA) 2021
* Dates: 20210622 to 20210723
* Region: NE Pacific, USA West Coast
* Ports: San Diego, CA to Port Angeles, WA to San Diego, CA
* Chief Scientists: R. Feely, NOAA PMEL; D. Greeley, NOAA PMEL; B. Carter, NOAA PMEL / UW CICOES
* Contacts: R. Feely, richard.a.feely@noaa.gov; D. Greeley, dana.greeley@noaa.gov; B. Carter, brendan.carter@noaa.gov
* Station: 054
* Cast: 1
* Cast Date-Time [GMT]: 05-Jul-2021 01:02:11
* Longitude: -125.0007 W
* Latitude: 44 N
* Water Depth [m]: 933.1
**********
* Column  1: Pressure [decibar]
* Column  2: Depth [m]
* Column  3: Temperature ITS-90 [degree C]
* Column  4: Salinity PSS-78 [psu]
* Column  5: Sigma-theta EOS-80 [kg/m^3 - 1000]
* Column  6: Oxygen [ml/L]
* Column  7: Oxygen [umol/kg]
* Column  8: Fluorescence [volts]
* Column  9: Oxygen Reduction Potential [mV]
* Column 10: Altimeter [m]
**********
*END*
   3.00	   2.98	14.9461	31.5780	23.3468	 6.80	296.65	0.150	  140.33	 12.76
   4.00	   3.97	14.9232	31.5796	23.3530	 6.80	296.96	0.149	  140.27	 54.73
   5.00	   4.96	14.9108	31.5810	23.3568	 6.85	298.90	0.154	  140.16	 94.64
   6.00	   5.95	14.9088	31.5812	23.3574	 6.87	299.90	0.173	  140.16	 99.85
   7.00	   6.94	14.9031	31.5813	23.3587	 6.87	300.02	0.170	  140.17	 99.85
   8.00	   7.94	14.9066	31.5813	23.3580	 6.87	299.65	0.170	  140.19	 99.85
   9.00	   8.93	14.9090	31.5815	23.3576	 6.87	299.93	0.170	  140.24	 99.85
  10.00	   9.92	14.9089	31.5817	23.3579	 6.88	300.24	0.172	  140.19	 99.52
  11.00	  10.91	14.9064	31.5818	23.3585	 6.86	299.29	0.168	  140.13	 99.86
  12.00	  11.90	14.8410	31.5833	23.3736	 6.86	299.54	0.167	  140.18	 99.85
  13.00	  12.90	14.8061	31.5835	23.3812	 6.85	298.91	0.163	  140.18	 99.85
  14.00	  13.89	14.7532	31.5837	23.3925	 6.81	297.38	0.163	  140.19	 99.85
  15.00	  14.88	14.6018	31.5874	23.4273	 6.72	293.15	0.155	  140.22	 99.85
  16.00	  15.87	14.0562	31.6222	23.5672	 6.94	302.75	0.145	  140.40	 99.84
  17.00	  16.86	11.8650	31.9559	24.2511	 7.06	307.81	0.104	  140.98	 99.84
  18.00	  17.85	11.4017	32.0177	24.3832	 6.61	288.19	0.091	  141.10	 99.85
  19.00	  18.85	10.9788	32.1035	24.5249	 6.48	282.59	0.081	  141.35	 99.83
  20.00	  19.84	10.6328	32.1473	24.6190	 6.22	270.94	0.087	  141.45	 99.70
  21.00	  20.83	 9.5147	32.1699	24.8221	 6.24	272.10	0.080	  141.83	 99.60
  22.00	  21.82	 8.9046	32.2305	24.9652	 6.24	271.85	0.080	  142.04	 99.55
  23.00	  22.81	 8.6923	32.2625	25.0226	 6.14	267.44	0.087	  142.07	 99.52
  24.00	  23.81	 8.6949	32.2649	25.0241	 6.08	264.87	0.086	  142.16	 99.50
  25.00	  24.80	 8.6942	32.2708	25.0288	 6.03	262.60	0.091	  142.09	 97.42
  26.00	  25.79	 8.6905	32.2748	25.0325	 5.99	261.14	0.095	  142.17	 99.51
  27.00	  26.78	 8.6911	32.2771	25.0343	 5.98	260.48	0.092	  142.16	 99.44
  28.00	  27.77	 8.6861	32.2790	25.0365	 5.97	260.22	0.087	  142.25	 99.43
  29.00	  28.77	 8.6783	32.2819	25.0400	 5.98	260.37	0.094	  142.25	 99.42
  30.00	  29.76	 8.6758	32.2826	25.0410	 5.98	260.41	0.092	  142.27	 99.41
  31.00	  30.75	 8.6783	32.2824	25.0404	 5.97	260.05	0.090	  142.25	 99.41
  32.00	  31.74	 8.6713	32.2826	25.0417	 5.97	260.30	0.089	  142.27	 99.41
  33.00	  32.73	 8.6685	32.2828	25.0423	 5.97	259.90	0.090	  142.29	 99.41
  34.00	  33.72	 8.6451	32.2855	25.0480	 5.94	258.87	0.091	  142.35	 99.41
  35.00	  34.72	 8.6214	32.2925	25.0570	 5.88	256.34	0.088	  142.33	 99.41
  36.00	  35.71	 8.5247	32.3416	25.1100	 5.80	252.60	0.102	  142.33	 99.41
  37.00	  36.70	 8.4648	32.3742	25.1445	 5.69	247.88	0.111	  142.32	 95.17
  38.00	  37.69	 8.4247	32.4128	25.1808	 5.55	241.74	0.114	  142.39	 99.71
  39.00	  38.68	 8.4040	32.4503	25.2132	 5.43	236.41	0.106	  142.44	 99.37
  40.00	  39.68	 8.3862	32.4838	25.2421	 5.35	232.89	0.095	  142.42	 99.34
  41.00	  40.67	 8.3596	32.5452	25.2943	 5.20	226.59	0.079	  142.46	 99.33
  42.00	  41.66	 8.3418	32.6198	25.3554	 5.03	219.28	0.065	  142.51	 99.32
  43.00	  42.65	 8.3334	32.6454	25.3767	 4.99	217.48	0.056	  142.53	 99.31
  44.00	  43.64	 8.3325	32.6544	25.3840	 4.94	215.12	0.057	  142.53	 99.30
  45.00	  44.63	 8.3313	32.6842	25.4076	 4.87	212.27	0.054	  142.52	 99.29
  46.00	  45.63	 8.3251	32.7189	25.4357	 4.81	209.58	0.053	  142.51	 99.30
  47.00	  46.62	 8.3146	32.7460	25.4585	 4.75	206.71	0.053	  142.47	 95.52
  48.00	  47.61	 8.3083	32.7783	25.4848	 4.68	203.96	0.052	  142.56	 99.35
  49.00	  48.60	 8.2941	32.8338	25.5304	 4.63	201.68	0.052	  142.50	 99.32
  50.00	  49.59	 8.2845	32.8589	25.5515	 4.52	196.93	0.053	  142.59	 99.32
  51.00	  50.58	 8.2564	32.9215	25.6048	 4.43	192.76	0.050	  142.58	 94.78
  52.00	  51.58	 8.2357	32.9648	25.6419	 4.32	188.27	0.051	  142.58	 95.12
  53.00	  52.57	 8.2214	32.9908	25.6644	 4.25	185.00	0.049	  142.60	 99.22
  54.00	  53.56	 8.1991	33.0230	25.6930	 4.15	180.62	0.048	  142.59	 95.81
  55.00	  54.55	 8.1752	33.0563	25.7226	 4.07	177.36	0.048	  142.60	 96.90
  56.00	  55.54	 8.1541	33.0841	25.7476	 3.96	172.49	0.048	  142.62	 99.40
  57.00	  56.53	 8.1008	33.1522	25.8089	 3.81	165.70	0.047	  142.60	 95.53
  58.00	  57.53	 8.0611	33.1829	25.8388	 3.70	161.22	0.046	  142.68	 99.52
  59.00	  58.52	 8.0399	33.1986	25.8543	 3.65	158.74	0.046	  142.73	 99.43
  60.00	  59.51	 8.0321	33.2042	25.8598	 3.62	157.74	0.046	  142.73	 99.44
  61.00	  60.50	 8.0253	33.2099	25.8653	 3.59	156.10	0.046	  142.72	 99.45
  62.00	  61.49	 8.0225	33.2158	25.8704	 3.44	149.76	0.047	  142.60	 99.46
  63.00	  62.48	 7.9868	33.2804	25.9263	 3.26	141.80	0.046	  142.70	 99.46
  64.00	  63.48	 7.9458	33.3688	26.0017	 3.16	137.34	0.045	  142.75	 99.48
  65.00	  64.47	 7.9344	33.3915	26.0212	 3.04	132.51	0.045	  142.81	 99.54
  66.00	  65.46	 7.9310	33.3979	26.0268	 3.04	132.18	0.044	  142.81	 99.56
  67.00	  66.45	 7.9320	33.3992	26.0276	 3.03	131.86	0.044	  142.86	 99.56
  68.00	  67.44	 7.9322	33.4002	26.0284	 3.02	131.32	0.044	  142.82	 99.56
  69.00	  68.43	 7.9328	33.4010	26.0289	 2.98	129.87	0.046	  142.79	 99.58
  70.00	  69.43	 7.9256	33.4097	26.0368	 2.97	129.11	0.044	  142.82	 99.58
  71.00	  70.42	 7.9234	33.4207	26.0458	 2.95	128.47	0.043	  142.80	 99.58
  72.00	  71.41	 7.9180	33.4374	26.0597	 2.90	126.13	0.044	  142.77	 99.58
  73.00	  72.40	 7.8974	33.4587	26.0795	 2.82	122.60	0.044	  142.78	 99.58
  74.00	  73.39	 7.8759	33.4827	26.1015	 2.77	120.75	0.044	  142.78	 99.59
  75.00	  74.38	 7.8717	33.4865	26.1051	 2.76	120.21	0.043	  142.84	 99.61
  76.00	  75.38	 7.8691	33.4895	26.1078	 2.72	118.59	0.044	  142.83	 99.62
  77.00	  76.37	 7.8476	33.5176	26.1330	 2.67	116.06	0.044	  142.80	 99.63
  78.00	  77.36	 7.8377	33.5303	26.1445	 2.63	114.55	0.043	  142.83	 99.63
  79.00	  78.35	 7.8273	33.5450	26.1575	 2.58	112.19	0.043	  142.80	 99.63
  80.00	  79.34	 7.8109	33.5682	26.1781	 2.55	110.84	0.043	  142.85	 99.63
  81.00	  80.33	 7.8005	33.5863	26.1938	 2.49	108.46	0.043	  142.83	 99.65
  82.00	  81.33	 7.7970	33.6044	26.2086	 2.46	107.24	0.043	  142.88	 99.66
  83.00	  82.32	 7.7999	33.6089	26.2117	 2.46	106.95	0.043	  142.86	 82.80
  84.00	  83.31	 7.8025	33.6135	26.2150	 2.45	106.78	0.043	  142.84	 98.73
  85.00	  84.30	 7.8112	33.6264	26.2239	 2.45	106.77	0.043	  142.82	 99.68
  86.00	  85.29	 7.8349	33.6456	26.2356	 2.47	107.34	0.042	  142.82	 99.68
  87.00	  86.28	 7.8537	33.6600	26.2442	 2.49	108.46	0.042	  142.80	 99.68
  88.00	  87.28	 7.9073	33.6860	26.2568	 2.51	109.26	0.042	  142.77	 99.68
  89.00	  88.27	 7.9244	33.6929	26.2597	 2.54	110.45	0.042	  142.75	 99.67
  90.00	  89.26	 7.9538	33.7102	26.2690	 2.56	111.55	0.042	  142.70	 99.67
  91.00	  90.25	 7.9757	33.7284	26.2801	 2.57	112.00	0.042	  142.71	 99.67
  92.00	  91.24	 7.9894	33.7443	26.2905	 2.58	112.22	0.041	  142.64	 99.66
  93.00	  92.23	 8.0066	33.7645	26.3039	 2.59	112.53	0.041	  142.63	 99.66
  94.00	  93.22	 8.0178	33.7803	26.3147	 2.58	112.43	0.041	  142.63	 99.66
  95.00	  94.22	 8.0025	33.7869	26.3221	 2.56	111.45	0.041	  142.59	 99.66
  96.00	  95.21	 7.9788	33.7948	26.3318	 2.54	110.42	0.041	  142.61	 99.66
  97.00	  96.20	 7.9579	33.8063	26.3440	 2.52	109.52	0.041	  142.61	 99.66
  98.00	  97.19	 7.9396	33.8107	26.3501	 2.49	108.27	0.041	  142.59	 99.67
  99.00	  98.18	 7.9222	33.8140	26.3553	 2.48	107.82	0.042	  142.58	 99.67
 100.00	  99.17	 7.9204	33.8140	26.3556	 2.47	107.62	0.041	  142.66	 99.67
 101.00	 100.16	 7.9169	33.8143	26.3563	 2.47	107.40	0.041	  142.53	 99.68
 102.00	 101.16	 7.9101	33.8143	26.3573	 2.46	107.12	0.041	  142.58	 99.68
 103.00	 102.15	 7.9051	33.8147	26.3584	 2.45	106.75	0.041	  142.60	 99.68
 104.00	 103.14	 7.9038	33.8149	26.3587	 2.44	106.37	0.041	  142.55	 99.68
 105.00	 104.13	 7.8963	33.8145	26.3596	 2.45	106.42	0.041	  142.54	 99.68
 106.00	 105.12	 7.8999	33.8144	26.3589	 2.44	106.02	0.041	  142.52	 99.68
 107.00	 106.11	 7.8888	33.8142	26.3604	 2.41	104.91	0.041	  142.51	 99.68
 108.00	 107.11	 7.8761	33.8148	26.3628	 2.38	103.61	0.040	  142.55	 99.68
 109.00	 108.10	 7.8567	33.8137	26.3648	 2.37	103.33	0.041	  142.49	 99.68
 110.00	 109.09	 7.8149	33.8239	26.3789	 2.38	103.41	0.041	  142.51	 99.68
 111.00	 110.08	 7.8034	33.8315	26.3865	 2.36	102.90	0.042	  142.49	 99.69
 112.00	 111.07	 7.7919	33.8391	26.3942	 2.34	101.89	0.041	  142.50	 99.69
 113.00	 112.06	 7.7870	33.8459	26.4002	 2.34	101.93	0.041	  142.52	 99.69
 114.00	 113.05	 7.7906	33.8453	26.3993	 2.33	101.53	0.041	  142.54	 99.71
 115.00	 114.05	 7.7840	33.8523	26.4058	 2.35	102.06	0.041	  142.54	 99.71
 116.00	 115.04	 7.7700	33.8657	26.4183	 2.38	103.57	0.041	  142.50	 99.71
 117.00	 116.03	 7.7608	33.8815	26.4321	 2.40	104.46	0.041	  142.40	 99.71
 118.00	 117.02	 7.7676	33.8883	26.4365	 2.41	104.97	0.041	  142.45	 99.71
 119.00	 118.01	 7.7691	33.8937	26.4405	 2.44	106.14	0.041	  142.46	 99.70
 120.00	 119.00	 7.7561	33.9035	26.4501	 2.48	107.71	0.041	  142.42	 99.70
 121.00	 119.99	 7.7326	33.9176	26.4646	 2.51	109.33	0.041	  142.39	 99.69
 122.00	 120.99	 7.7310	33.9206	26.4672	 2.53	110.27	0.041	  142.39	 99.68
 123.00	 121.98	 7.7282	33.9223	26.4690	 2.53	110.27	0.041	  142.35	 99.67
 124.00	 122.97	 7.7131	33.9262	26.4742	 2.50	108.98	0.041	  142.41	 99.68
 125.00	 123.96	 7.6985	33.9326	26.4814	 2.47	107.25	0.041	  142.38	 99.67
 126.00	 124.95	 7.6870	33.9428	26.4911	 2.46	107.13	0.041	  142.38	 99.67
 127.00	 125.94	 7.6826	33.9482	26.4960	 2.45	106.61	0.040	  142.37	 99.67
 128.00	 126.93	 7.6761	33.9526	26.5004	 2.43	105.59	0.040	  142.30	 99.68
 129.00	 127.92	 7.6730	33.9545	26.5023	 2.41	105.01	0.041	  142.38	 99.68
 130.00	 128.92	 7.6746	33.9541	26.5018	 2.40	104.30	0.041	  142.32	 99.69
 131.00	 129.91	 7.6718	33.9560	26.5037	 2.38	103.70	0.040	  142.37	 99.70
 132.00	 130.90	 7.6717	33.9563	26.5039	 2.38	103.43	0.040	  142.35	 99.70
 133.00	 131.89	 7.6719	33.9566	26.5042	 2.38	103.42	0.041	  142.35	 99.70
 134.00	 132.88	 7.6719	33.9566	26.5042	 2.38	103.43	0.041	  142.32	 99.71
 135.00	 133.87	 7.6721	33.9567	26.5043	 2.38	103.47	0.041	  142.28	 99.71
 136.00	 134.86	 7.6703	33.9563	26.5043	 2.38	103.55	0.040	  142.31	 99.71
 137.00	 135.86	 7.6695	33.9566	26.5046	 2.38	103.66	0.041	  142.22	 99.70
 138.00	 136.85	 7.6657	33.9565	26.5051	 2.38	103.57	0.041	  142.30	 99.70
 139.00	 137.84	 7.6657	33.9569	26.5054	 2.38	103.41	0.040	  142.28	 99.71
 140.00	 138.83	 7.6561	33.9582	26.5078	 2.37	103.22	0.041	  142.27	 99.71
 141.00	 139.82	 7.6398	33.9590	26.5108	 2.38	103.47	0.040	  142.29	 99.71
 142.00	 140.81	 7.6186	33.9608	26.5153	 2.38	103.52	0.041	  142.30	 99.71
 143.00	 141.80	 7.5997	33.9629	26.5197	 2.38	103.36	0.040	  142.27	 99.71
 144.00	 142.79	 7.5868	33.9638	26.5222	 2.35	102.17	0.040	  142.36	 99.71
 145.00	 143.79	 7.5497	33.9675	26.5305	 2.33	101.24	0.040	  142.25	 99.71
 146.00	 144.78	 7.5274	33.9711	26.5364	 2.33	101.17	0.041	  142.28	 99.71
 147.00	 145.77	 7.5258	33.9713	26.5369	 2.31	100.61	0.041	  142.28	 99.71
 148.00	 146.76	 7.4993	33.9731	26.5421	 2.28	 99.37	0.040	  142.25	 99.71
 149.00	 147.75	 7.4655	33.9763	26.5494	 2.26	 98.21	0.040	  142.28	 99.71
 150.00	 148.74	 7.4347	33.9773	26.5546	 2.24	 97.50	0.041	  142.27	 99.72
 151.00	 149.73	 7.4084	33.9790	26.5597	 2.23	 96.86	0.040	  142.26	 99.72
 152.00	 150.72	 7.4016	33.9795	26.5610	 2.22	 96.38	0.040	  142.26	 99.73
 153.00	 151.72	 7.3906	33.9805	26.5634	 2.20	 95.73	0.040	  142.19	 99.73
 154.00	 152.71	 7.3757	33.9812	26.5661	 2.17	 94.43	0.040	  142.18	 99.73
 155.00	 153.70	 7.3348	33.9834	26.5735	 2.15	 93.37	0.040	  142.22	 99.73
 156.00	 154.69	 7.3082	33.9865	26.5797	 2.11	 91.78	0.040	  142.27	 99.74
 157.00	 155.68	 7.3173	33.9911	26.5821	 2.09	 90.73	0.040	  142.26	 99.75
 158.00	 156.67	 7.2871	33.9905	26.5859	 2.10	 91.28	0.040	  142.28	 99.76
 159.00	 157.66	 7.2455	33.9889	26.5904	 2.10	 91.43	0.040	  142.30	 99.76
 160.00	 158.65	 7.2236	33.9902	26.5944	 2.09	 91.02	0.040	  142.28	 99.76
 161.00	 159.65	 7.2237	33.9908	26.5949	 2.08	 90.56	0.040	  142.26	 99.76
 162.00	 160.64	 7.2296	33.9917	26.5949	 2.08	 90.38	0.040	  142.23	 99.76
 163.00	 161.63	 7.2336	33.9914	26.5941	 2.08	 90.47	0.041	  142.24	 99.76
 164.00	 162.62	 7.2370	33.9909	26.5932	 2.08	 90.63	0.040	  142.19	 99.76
 165.00	 163.61	 7.2385	33.9910	26.5931	 2.08	 90.67	0.040	  142.20	 99.76
 166.00	 164.60	 7.2340	33.9908	26.5936	 2.08	 90.39	0.040	  142.22	 99.76
 167.00	 165.59	 7.2402	33.9921	26.5938	 2.07	 90.00	0.040	  142.21	 99.76
 168.00	 166.58	 7.2363	33.9923	26.5945	 2.05	 89.39	0.040	  142.24	 99.76
 169.00	 167.57	 7.2337	33.9936	26.5958	 2.02	 88.05	0.041	  142.15	 99.76
 170.00	 168.57	 7.2506	33.9999	26.5985	 1.99	 86.53	0.041	  142.17	 99.76
 171.00	 169.56	 7.2565	34.0004	26.5980	 1.98	 86.04	0.041	  142.25	 99.76
 172.00	 170.55	 7.2571	34.0009	26.5984	 1.96	 85.35	0.041	  142.25	 99.77
 173.00	 171.54	 7.2536	34.0001	26.5983	 1.95	 84.70	0.040	  142.25	 99.77
 174.00	 172.53	 7.2743	34.0045	26.5988	 1.94	 84.60	0.040	  142.22	 99.78
 175.00	 173.52	 7.2618	34.0019	26.5985	 1.95	 84.94	0.041	  142.18	 99.78
 176.00	 174.51	 7.2537	34.0024	26.6001	 1.96	 85.36	0.041	  142.17	 99.78
 177.00	 175.50	 7.2426	34.0010	26.6006	 1.98	 86.02	0.041	  142.25	 99.78
 178.00	 176.50	 7.2173	33.9972	26.6011	 1.99	 86.57	0.041	  142.15	 99.78
 179.00	 177.49	 7.2006	33.9983	26.6043	 2.01	 87.23	0.041	  142.16	 99.78
 180.00	 178.48	 7.1779	33.9951	26.6049	 2.02	 88.04	0.040	  142.14	 99.78
 181.00	 179.47	 7.1441	33.9927	26.6077	 2.06	 89.44	0.040	  142.17	 99.78
 182.00	 180.46	 7.1282	33.9906	26.6083	 2.08	 90.33	0.041	  142.14	 99.77
 183.00	 181.45	 7.0758	33.9867	26.6124	 2.08	 90.61	0.040	  142.17	 99.77
 184.00	 182.44	 7.0674	33.9894	26.6157	 2.08	 90.52	0.040	  142.15	 99.77
 185.00	 183.43	 7.0679	33.9895	26.6158	 2.08	 90.27	0.041	  142.10	 99.77
 186.00	 184.42	 7.0699	33.9909	26.6166	 2.07	 89.92	0.040	  142.14	 99.76
 187.00	 185.42	 7.0660	33.9917	26.6178	 2.06	 89.41	0.041	  142.17	 99.76
 188.00	 186.41	 7.0612	33.9925	26.6191	 2.04	 88.87	0.041	  142.20	 99.76
 189.00	 187.40	 7.0597	33.9935	26.6201	 2.03	 88.38	0.041	  142.18	 99.76
 190.00	 188.39	 7.0605	33.9953	26.6214	 2.03	 88.13	0.041	  142.13	 99.76
 191.00	 189.38	 7.0573	33.9963	26.6226	 2.01	 87.57	0.040	  142.16	 99.76
 192.00	 190.37	 7.0607	33.9987	26.6241	 1.98	 86.12	0.040	  142.13	 99.77
 193.00	 191.36	 7.0669	34.0006	26.6247	 1.97	 85.89	0.040	  142.12	 99.78
 194.00	 192.35	 7.0625	34.0004	26.6252	 1.98	 86.13	0.040	  142.09	 99.78
 195.00	 193.34	 7.0501	33.9993	26.6261	 1.98	 86.21	0.040	  142.14	 99.78
 196.00	 194.33	 7.0384	33.9986	26.6271	 1.98	 86.32	0.040	  142.13	 99.78
 197.00	 195.33	 7.0304	33.9982	26.6279	 1.98	 86.32	0.041	  142.09	 99.78
 198.00	 196.32	 7.0259	33.9982	26.6285	 1.98	 86.35	0.040	  142.11	 99.78
 199.00	 197.31	 7.0232	33.9980	26.6288	 1.98	 86.12	0.041	  142.09	 99.78
 200.00	 198.30	 7.0322	33.9997	26.6289	 1.96	 85.15	0.040	  142.16	 99.78
 201.00	 199.29	 7.0427	34.0016	26.6290	 1.91	 82.99	0.041	  142.11	 99.78
 202.00	 200.28	 7.0532	34.0035	26.6290	 1.85	 80.43	0.040	  142.09	 99.78
 203.00	 201.27	 7.0831	34.0148	26.6338	 1.81	 78.86	0.040	  142.11	 99.78
 204.00	 202.26	 7.1156	34.0201	26.6336	 1.79	 77.84	0.040	  142.14	 99.78
 205.00	 203.25	 7.1156	34.0203	26.6337	 1.71	 74.51	0.041	  142.13	 99.80
 206.00	 204.24	 7.1501	34.0273	26.6345	 1.69	 73.32	0.040	  142.11	 99.80
 207.00	 205.24	 7.1532	34.0282	26.6348	 1.68	 73.08	0.041	  142.17	 99.80
 208.00	 206.23	 7.1481	34.0275	26.6349	 1.67	 72.78	0.041	  142.11	 99.81
 209.00	 207.22	 7.1460	34.0274	26.6352	 1.66	 72.35	0.040	  142.11	 99.82
 210.00	 208.21	 7.1489	34.0285	26.6357	 1.65	 71.98	0.041	  142.12	 99.82
 211.00	 209.20	 7.1548	34.0296	26.6357	 1.65	 71.68	0.040	  142.08	 99.83
 212.00	 210.19	 7.1566	34.0300	26.6358	 1.63	 71.04	0.041	  142.14	 99.83
 213.00	 211.18	 7.1635	34.0317	26.6362	 1.62	 70.48	0.040	  142.16	 99.83
 214.00	 212.17	 7.1573	34.0311	26.6366	 1.62	 70.53	0.040	  142.09	 99.83
 215.00	 213.16	 7.1572	34.0317	26.6371	 1.62	 70.42	0.041	  142.11	 99.83
 216.00	 214.15	 7.1597	34.0319	26.6369	 1.61	 70.24	0.041	  142.12	 99.83
 217.00	 215.15	 7.1604	34.0322	26.6371	 1.61	 69.95	0.040	  142.12	 99.83
 218.00	 216.14	 7.1621	34.0332	26.6376	 1.60	 69.55	0.041	  142.10	 99.83
 219.00	 217.13	 7.1632	34.0334	26.6377	 1.59	 69.21	0.041	  142.11	 99.83
 220.00	 218.12	 7.1712	34.0347	26.6376	 1.59	 69.02	0.041	  142.08	 99.83
 221.00	 219.11	 7.1685	34.0342	26.6376	 1.58	 68.58	0.041	  142.09	 99.83
 222.00	 220.10	 7.1715	34.0357	26.6383	 1.57	 68.34	0.041	  142.09	 99.83
 223.00	 221.09	 7.1740	34.0366	26.6387	 1.57	 68.32	0.040	  142.10	 99.83
 224.00	 222.08	 7.1666	34.0351	26.6386	 1.57	 68.37	0.041	  142.07	 99.83
 225.00	 223.07	 7.1664	34.0354	26.6388	 1.57	 68.26	0.042	  142.05	 99.83
 226.00	 224.06	 7.1679	34.0356	26.6388	 1.57	 68.10	0.040	  142.07	 99.84
 227.00	 225.05	 7.1703	34.0358	26.6387	 1.55	 67.61	0.041	  142.05	 99.84
 228.00	 226.05	 7.1658	34.0349	26.6386	 1.54	 66.78	0.041	  142.00	 99.84
 229.00	 227.04	 7.1780	34.0387	26.6399	 1.53	 66.39	0.040	  142.04	 99.84
 230.00	 228.03	 7.1879	34.0401	26.6397	 1.51	 65.83	0.041	  142.00	 67.93
 231.00	 229.02	 7.1868	34.0407	26.6403	 1.50	 65.24	0.041	  142.03	100.73
 232.00	 230.01	 7.1809	34.0412	26.6415	 1.49	 65.03	0.042	  142.02	 99.90
 233.00	 231.00	 7.1765	34.0416	26.6425	 1.49	 64.83	0.041	  141.97	 99.85
 234.00	 231.99	 7.1669	34.0430	26.6449	 1.49	 64.73	0.041	  141.98	 86.16
 235.00	 232.98	 7.1652	34.0432	26.6453	 1.49	 64.65	0.041	  141.98	 98.33
 236.00	 233.97	 7.1648	34.0432	26.6453	 1.48	 64.56	0.041	  141.96	 99.78
 237.00	 234.96	 7.1645	34.0433	26.6455	 1.48	 64.46	0.041	  141.88	 99.85
 238.00	 235.95	 7.1638	34.0434	26.6457	 1.48	 64.48	0.042	  141.92	 99.85
 239.00	 236.94	 7.1624	34.0435	26.6460	 1.48	 64.34	0.042	  141.93	 99.85
 240.00	 237.94	 7.1570	34.0442	26.6472	 1.48	 64.21	0.041	  141.92	 99.85
 241.00	 238.93	 7.1526	34.0446	26.6483	 1.47	 63.90	0.040	  141.87	 99.85
 242.00	 239.92	 7.1501	34.0450	26.6489	 1.47	 63.77	0.040	  141.93	 99.85
 243.00	 240.91	 7.1441	34.0454	26.6501	 1.46	 63.56	0.041	  141.92	 99.85
 244.00	 241.90	 7.1305	34.0462	26.6526	 1.46	 63.37	0.040	  141.82	 99.85
 245.00	 242.89	 7.1187	34.0487	26.6562	 1.46	 63.34	0.041	  141.81	 99.85
 246.00	 243.88	 7.1113	34.0499	26.6582	 1.45	 63.26	0.041	  141.95	 99.85
 247.00	 244.87	 7.1106	34.0501	26.6584	 1.45	 63.07	0.040	  141.92	 99.85
 248.00	 245.86	 7.1100	34.0502	26.6586	 1.45	 62.90	0.041	  141.90	 99.85
 249.00	 246.85	 7.1102	34.0501	26.6585	 1.44	 62.73	0.041	  141.86	 99.85
 250.00	 247.84	 7.1053	34.0505	26.6595	 1.44	 62.74	0.040	  141.83	 99.85
 251.00	 248.83	 7.0977	34.0518	26.6616	 1.44	 62.63	0.041	  141.88	 99.85
 252.00	 249.83	 7.0928	34.0525	26.6628	 1.44	 62.61	0.040	  141.87	 99.85
 253.00	 250.82	 7.0815	34.0534	26.6651	 1.44	 62.62	0.041	  141.93	 99.85
 254.00	 251.81	 7.0746	34.0543	26.6668	 1.44	 62.48	0.041	  141.89	 99.85
 255.00	 252.80	 7.0692	34.0546	26.6678	 1.44	 62.51	0.041	  141.81	 99.85
 256.00	 253.79	 7.0639	34.0546	26.6685	 1.43	 62.40	0.040	  141.92	 99.85
 257.00	 254.78	 7.0617	34.0555	26.6695	 1.43	 62.05	0.040	  141.90	 99.85
 258.00	 255.77	 7.0543	34.0558	26.6708	 1.42	 61.98	0.040	  141.96	 99.85
 259.00	 256.76	 7.0468	34.0571	26.6728	 1.42	 61.95	0.041	  141.88	 99.86
 260.00	 257.75	 7.0450	34.0574	26.6734	 1.42	 61.93	0.041	  141.91	 99.86
 261.00	 258.74	 7.0356	34.0566	26.6740	 1.43	 62.41	0.042	  141.86	 99.86
 262.00	 259.73	 7.0158	34.0567	26.6768	 1.45	 62.97	0.042	  141.85	 99.87
 263.00	 260.72	 7.0156	34.0555	26.6760	 1.46	 63.32	0.041	  141.83	 99.86
 264.00	 261.71	 7.0013	34.0538	26.6766	 1.46	 63.56	0.041	  141.86	 99.86
 265.00	 262.70	 6.9870	34.0529	26.6778	 1.46	 63.72	0.040	  141.90	 99.87
 266.00	 263.70	 6.9825	34.0539	26.6792	 1.47	 63.84	0.040	  141.83	 99.87
 267.00	 264.69	 6.9805	34.0536	26.6793	 1.47	 63.87	0.041	  141.85	 99.86
 268.00	 265.68	 6.9798	34.0533	26.6791	 1.47	 63.88	0.042	  141.89	 99.86
 269.00	 266.67	 6.9790	34.0539	26.6798	 1.47	 63.79	0.041	  141.94	 99.85
 270.00	 267.66	 6.9796	34.0541	26.6798	 1.46	 63.68	0.040	  141.89	 99.85
 271.00	 268.65	 6.9798	34.0547	26.6803	 1.47	 63.74	0.040	  141.86	 99.85
 272.00	 269.64	 6.9762	34.0547	26.6808	 1.47	 63.83	0.040	  141.92	 99.85
 273.00	 270.63	 6.9732	34.0539	26.6806	 1.47	 63.85	0.041	  141.87	 99.85
 274.00	 271.62	 6.9680	34.0543	26.6816	 1.48	 64.20	0.040	  141.83	 99.85
 275.00	 272.61	 6.9692	34.0543	26.6815	 1.48	 64.41	0.040	  141.87	 99.85
 276.00	 273.60	 6.9580	34.0522	26.6814	 1.48	 64.52	0.041	  141.86	 99.85
 277.00	 274.59	 6.9499	34.0517	26.6821	 1.49	 64.62	0.040	  141.91	 99.85
 278.00	 275.58	 6.9476	34.0521	26.6828	 1.48	 64.53	0.041	  141.86	 99.85
 279.00	 276.57	 6.9462	34.0528	26.6835	 1.48	 64.51	0.040	  141.87	 99.85
 280.00	 277.56	 6.9452	34.0530	26.6838	 1.48	 64.36	0.040	  141.86	 99.85
 281.00	 278.56	 6.9386	34.0544	26.6858	 1.47	 64.13	0.040	  141.88	 99.85
 282.00	 279.55	 6.9350	34.0553	26.6870	 1.47	 64.02	0.041	  141.89	 99.85
 283.00	 280.54	 6.9337	34.0553	26.6872	 1.47	 63.82	0.041	  141.86	 99.85
 284.00	 281.53	 6.9328	34.0556	26.6876	 1.46	 63.69	0.040	  141.82	 99.85
 285.00	 282.52	 6.9312	34.0556	26.6878	 1.46	 63.53	0.040	  141.83	 99.85
 286.00	 283.51	 6.9303	34.0568	26.6889	 1.46	 63.33	0.041	  141.91	 99.85
 287.00	 284.50	 6.9277	34.0573	26.6896	 1.45	 63.19	0.041	  141.86	 99.85
 288.00	 285.49	 6.9264	34.0573	26.6899	 1.45	 63.04	0.040	  141.87	 99.85
 289.00	 286.48	 6.9251	34.0577	26.6903	 1.45	 62.98	0.040	  141.87	 99.86
 290.00	 287.47	 6.9239	34.0579	26.6907	 1.44	 62.80	0.040	  141.86	 99.86
 291.00	 288.46	 6.9220	34.0581	26.6911	 1.44	 62.61	0.040	  141.84	 99.86
 292.00	 289.45	 6.9190	34.0587	26.6920	 1.43	 62.36	0.041	  141.83	 99.86
 293.00	 290.44	 6.9130	34.0588	26.6929	 1.43	 62.18	0.041	  141.84	 99.85
 294.00	 291.43	 6.9057	34.0595	26.6945	 1.42	 61.94	0.041	  141.84	 99.87
 295.00	 292.42	 6.9019	34.0602	26.6955	 1.42	 61.71	0.041	  141.80	 99.86
 296.00	 293.41	 6.8925	34.0614	26.6978	 1.41	 61.34	0.040	  141.84	 99.86
 297.00	 294.40	 6.8837	34.0628	26.7001	 1.40	 60.77	0.041	  141.86	 99.87
 298.00	 295.40	 6.8819	34.0638	26.7011	 1.39	 60.45	0.041	  141.85	 99.87
 299.00	 296.39	 6.8801	34.0646	26.7020	 1.39	 60.33	0.041	  141.87	 99.87
 300.00	 297.38	 6.8804	34.0649	26.7022	 1.38	 60.09	0.042	  141.90	 99.87
 301.00	 298.37	 6.8790	34.0647	26.7023	 1.38	 60.06	0.041	  141.90	 99.87
 302.00	 299.36	 6.8750	34.0653	26.7033	 1.37	 59.79	0.040	  141.75	 99.88
 303.00	 300.35	 6.8708	34.0666	26.7049	 1.37	 59.49	0.041	  141.84	 99.88
 304.00	 301.34	 6.8692	34.0679	26.7062	 1.35	 58.78	0.041	  141.84	 99.88
 305.00	 302.33	 6.8688	34.0686	26.7068	 1.34	 58.28	0.040	  141.84	 99.88
 306.00	 303.32	 6.8689	34.0689	26.7070	 1.33	 57.89	0.041	  141.92	 99.88
 307.00	 304.31	 6.8680	34.0703	26.7082	 1.33	 57.71	0.042	  141.81	 99.88
 308.00	 305.30	 6.8669	34.0716	26.7095	 1.32	 57.41	0.041	  141.73	 99.88
 309.00	 306.29	 6.8599	34.0724	26.7110	 1.32	 57.22	0.040	  141.87	 99.88
 310.00	 307.28	 6.8567	34.0733	26.7122	 1.30	 56.76	0.041	  141.78	 99.88
 311.00	 308.27	 6.8487	34.0736	26.7135	 1.29	 56.31	0.042	  141.77	 99.88
 312.00	 309.26	 6.8360	34.0746	26.7160	 1.29	 55.95	0.042	  141.82	 99.88
 313.00	 310.25	 6.8211	34.0762	26.7193	 1.29	 55.95	0.041	  141.83	 99.88
 314.00	 311.24	 6.8140	34.0772	26.7211	 1.28	 55.78	0.040	  141.80	 99.88
 315.00	 312.23	 6.8073	34.0776	26.7223	 1.28	 55.60	0.040	  141.80	 99.88
 316.00	 313.22	 6.8017	34.0777	26.7231	 1.28	 55.51	0.041	  141.80	 99.88
 317.00	 314.21	 6.7962	34.0776	26.7238	 1.28	 55.53	0.040	  141.78	 99.88
 318.00	 315.21	 6.7917	34.0773	26.7242	 1.28	 55.53	0.040	  141.78	 99.89
 319.00	 316.20	 6.7817	34.0773	26.7255	 1.28	 55.50	0.040	  141.83	 99.89
 320.00	 317.19	 6.7779	34.0775	26.7262	 1.28	 55.50	0.041	  141.75	 57.06
 321.00	 318.18	 6.7748	34.0775	26.7267	 1.27	 55.43	0.040	  141.79	 99.93
 322.00	 319.17	 6.7716	34.0776	26.7272	 1.27	 55.34	0.040	  141.78	 99.88
 323.00	 320.16	 6.7706	34.0779	26.7275	 1.27	 55.26	0.040	  141.79	 99.88
 324.00	 321.15	 6.7673	34.0782	26.7282	 1.27	 55.13	0.040	  141.85	 99.89
 325.00	 322.14	 6.7653	34.0780	26.7284	 1.27	 55.17	0.040	  141.80	 99.89
 326.00	 323.13	 6.7590	34.0780	26.7292	 1.27	 55.06	0.040	  141.77	 99.89
 327.00	 324.12	 6.7418	34.0784	26.7318	 1.26	 54.94	0.041	  141.76	 99.89
 328.00	 325.11	 6.7319	34.0792	26.7338	 1.26	 54.94	0.040	  141.75	 99.89
 329.00	 326.10	 6.7280	34.0796	26.7346	 1.26	 54.85	0.040	  141.84	 99.89
 330.00	 327.09	 6.7246	34.0797	26.7352	 1.26	 54.68	0.040	  141.77	 99.89
 331.00	 328.08	 6.7167	34.0807	26.7371	 1.25	 54.30	0.040	  141.84	 99.89
 332.00	 329.07	 6.7120	34.0823	26.7389	 1.24	 54.00	0.040	  141.80	 99.89
 333.00	 330.06	 6.7109	34.0834	26.7399	 1.23	 53.64	0.042	  141.73	 99.89
 334.00	 331.05	 6.7098	34.0848	26.7412	 1.22	 53.22	0.040	  141.80	 99.89
 335.00	 332.04	 6.7094	34.0858	26.7421	 1.21	 52.76	0.040	  141.84	 99.90
 336.00	 333.03	 6.7094	34.0874	26.7434	 1.21	 52.47	0.041	  141.76	 99.90
 337.00	 334.02	 6.7101	34.0884	26.7441	 1.20	 52.18	0.040	  141.71	 99.90
 338.00	 335.01	 6.7082	34.0900	26.7456	 1.19	 51.96	0.041	  141.78	 99.90
 339.00	 336.00	 6.7071	34.0908	26.7464	 1.19	 51.69	0.041	  141.81	 99.90
 340.00	 336.99	 6.7063	34.0914	26.7470	 1.18	 51.37	0.041	  141.79	 99.90
 341.00	 337.98	 6.7048	34.0922	26.7479	 1.17	 51.09	0.041	  141.75	 99.90
 342.00	 338.97	 6.7022	34.0937	26.7494	 1.17	 50.94	0.042	  141.74	 99.90
 343.00	 339.96	 6.7015	34.0940	26.7497	 1.17	 50.74	0.041	  141.78	 99.90
 344.00	 340.96	 6.7005	34.0943	26.7501	 1.17	 50.76	0.040	  141.73	 99.90
 345.00	 341.95	 6.7002	34.0946	26.7504	 1.16	 50.62	0.040	  141.78	 99.90
 346.00	 342.94	 6.6988	34.0947	26.7507	 1.16	 50.47	0.040	  141.78	 99.90
 347.00	 343.93	 6.6962	34.0952	26.7514	 1.16	 50.37	0.040	  141.75	 99.90
 348.00	 344.92	 6.6956	34.0954	26.7517	 1.15	 50.19	0.040	  141.74	 99.90
 349.00	 345.91	 6.6946	34.0956	26.7520	 1.15	 50.17	0.041	  141.75	 99.90
 350.00	 346.90	 6.6910	34.0961	26.7528	 1.15	 50.03	0.040	  141.77	 99.90
 351.00	 347.89	 6.6894	34.0965	26.7534	 1.15	 49.91	0.041	  141.69	 99.90
 352.00	 348.88	 6.6883	34.0968	26.7538	 1.15	 49.90	0.040	  141.70	 99.90
 353.00	 349.87	 6.6880	34.0969	26.7539	 1.14	 49.78	0.040	  141.67	 99.90
 354.00	 350.86	 6.6852	34.0970	26.7544	 1.14	 49.56	0.040	  141.74	 99.90
 355.00	 351.85	 6.6832	34.0972	26.7548	 1.14	 49.60	0.041	  141.72	 99.90
 356.00	 352.84	 6.6804	34.0977	26.7556	 1.14	 49.56	0.041	  141.71	 99.90
 357.00	 353.83	 6.6777	34.0978	26.7560	 1.14	 49.50	0.040	  141.71	 99.90
 358.00	 354.82	 6.6763	34.0980	26.7564	 1.14	 49.51	0.041	  141.70	 99.90
 359.00	 355.81	 6.6756	34.0982	26.7567	 1.14	 49.37	0.040	  141.66	 99.90
 360.00	 356.80	 6.6749	34.0983	26.7569	 1.13	 49.24	0.040	  141.71	 99.90
 361.00	 357.79	 6.6735	34.0988	26.7574	 1.13	 49.30	0.040	  141.68	 99.90
 362.00	 358.78	 6.6722	34.0988	26.7576	 1.13	 49.18	0.040	  141.68	 99.90
 363.00	 359.77	 6.6700	34.0993	26.7583	 1.13	 49.12	0.040	  141.70	 99.90
 364.00	 360.76	 6.6693	34.0993	26.7584	 1.13	 49.12	0.040	  141.73	 99.90
 365.00	 361.75	 6.6640	34.0993	26.7591	 1.13	 49.00	0.041	  141.65	 99.90
 366.00	 362.74	 6.6567	34.0996	26.7604	 1.13	 48.97	0.041	  141.69	 99.90
 367.00	 363.73	 6.6524	34.0998	26.7611	 1.13	 48.95	0.040	  141.68	 99.90
 368.00	 364.72	 6.6507	34.0999	26.7615	 1.12	 48.86	0.041	  141.69	 99.91
 369.00	 365.71	 6.6480	34.1002	26.7621	 1.12	 48.70	0.040	  141.74	 99.91
 370.00	 366.70	 6.6463	34.1003	26.7624	 1.12	 48.65	0.040	  141.76	 99.91
 371.00	 367.69	 6.6439	34.1007	26.7630	 1.12	 48.59	0.040	  141.67	 99.90
 372.00	 368.68	 6.6400	34.1007	26.7636	 1.11	 48.49	0.040	  141.67	 99.91
 373.00	 369.67	 6.6320	34.1007	26.7646	 1.11	 48.39	0.041	  141.69	 99.91
 374.00	 370.66	 6.6233	34.1013	26.7662	 1.11	 48.22	0.041	  141.65	 99.91
 375.00	 371.65	 6.6139	34.1017	26.7678	 1.11	 48.08	0.041	  141.69	 99.91
 376.00	 372.64	 6.6068	34.1025	26.7694	 1.10	 47.83	0.041	  141.69	 99.91
 377.00	 373.63	 6.6032	34.1035	26.7707	 1.10	 47.66	0.041	  141.69	 99.91
 378.00	 374.62	 6.6005	34.1042	26.7716	 1.09	 47.50	0.041	  141.69	 99.91
 379.00	 375.61	 6.5995	34.1045	26.7720	 1.09	 47.36	0.040	  141.70	 99.91
 380.00	 376.60	 6.5990	34.1050	26.7725	 1.09	 47.29	0.041	  141.68	 99.92
 381.00	 377.59	 6.5975	34.1053	26.7729	 1.09	 47.37	0.041	  141.66	 99.92
 382.00	 378.58	 6.5937	34.1047	26.7730	 1.08	 47.18	0.041	  141.64	 99.92
 383.00	 379.57	 6.5855	34.1047	26.7740	 1.08	 46.99	0.040	  141.66	 99.92
 384.00	 380.56	 6.5795	34.1055	26.7755	 1.08	 46.80	0.040	  141.69	 99.92
 385.00	 381.55	 6.5765	34.1069	26.7769	 1.07	 46.54	0.041	  141.67	 99.92
 386.00	 382.54	 6.5809	34.1087	26.7778	 1.06	 46.20	0.040	  141.69	 99.92
 387.00	 383.54	 6.5834	34.1095	26.7781	 1.06	 45.91	0.040	  141.68	 99.92
 388.00	 384.53	 6.5859	34.1106	26.7787	 1.05	 45.49	0.040	  141.67	 99.92
 389.00	 385.52	 6.5870	34.1113	26.7791	 1.04	 45.34	0.041	  141.67	 99.93
 390.00	 386.51	 6.5893	34.1126	26.7798	 1.04	 45.18	0.041	  141.69	 99.92
 391.00	 387.50	 6.5914	34.1141	26.7808	 1.03	 44.96	0.041	  141.59	 99.93
 392.00	 388.49	 6.5920	34.1144	26.7809	 1.03	 44.94	0.041	  141.65	 99.93
 393.00	 389.48	 6.5911	34.1146	26.7812	 1.03	 44.80	0.041	  141.68	 99.92
 394.00	 390.47	 6.5905	34.1148	26.7814	 1.03	 44.60	0.040	  141.65	 99.93
 395.00	 391.46	 6.5901	34.1149	26.7816	 1.02	 44.56	0.040	  141.66	 99.93
 396.00	 392.45	 6.5897	34.1148	26.7816	 1.02	 44.52	0.041	  141.63	 99.93
 397.00	 393.44	 6.5870	34.1151	26.7822	 1.02	 44.48	0.041	  141.68	 99.93
 398.00	 394.43	 6.5863	34.1153	26.7825	 1.02	 44.51	0.040	  141.61	 99.93
 399.00	 395.42	 6.5861	34.1154	26.7826	 1.02	 44.50	0.041	  141.65	 99.93
 400.00	 396.41	 6.5855	34.1159	26.7831	 1.02	 44.54	0.041	  141.64	 99.93
 401.00	 397.40	 6.5857	34.1159	26.7831	 1.02	 44.40	0.041	  141.64	 99.93
 402.00	 398.39	 6.5855	34.1159	26.7831	 1.02	 44.29	0.041	  141.65	 99.93
 403.00	 399.38	 6.5856	34.1159	26.7831	 1.02	 44.35	0.041	  141.64	 99.93
 404.00	 400.37	 6.5857	34.1160	26.7832	 1.02	 44.30	0.040	  141.64	 99.93
 405.00	 401.36	 6.5863	34.1162	26.7832	 1.02	 44.28	0.040	  141.68	 99.93
 406.00	 402.35	 6.5868	34.1162	26.7832	 1.02	 44.39	0.041	  141.63	 99.93
 407.00	 403.34	 6.5872	34.1162	26.7832	 1.02	 44.28	0.041	  141.64	 99.93
 408.00	 404.33	 6.5879	34.1163	26.7832	 1.02	 44.22	0.041	  141.60	 99.93
 409.00	 405.32	 6.5889	34.1165	26.7832	 1.02	 44.15	0.041	  141.61	 99.93
 410.00	 406.31	 6.5863	34.1172	26.7841	 1.01	 44.01	0.041	  141.65	 99.93
 411.00	 407.30	 6.5835	34.1177	26.7849	 1.01	 43.89	0.041	  141.60	 99.93
 412.00	 408.29	 6.5752	34.1195	26.7874	 1.01	 43.76	0.041	  141.64	 99.93
 413.00	 409.28	 6.5765	34.1189	26.7868	 1.00	 43.67	0.041	  141.60	 99.93
 414.00	 410.27	 6.5732	34.1197	26.7879	 1.00	 43.53	0.042	  141.67	 99.93
 415.00	 411.26	 6.5732	34.1196	26.7878	 1.00	 43.43	0.041	  141.63	 99.93
 416.00	 412.25	 6.5706	34.1201	26.7885	 1.00	 43.36	0.040	  141.64	 99.93
 417.00	 413.24	 6.5694	34.1203	26.7889	 0.99	 43.24	0.042	  141.61	 99.93
 418.00	 414.23	 6.5638	34.1211	26.7902	 0.99	 43.20	0.041	  141.70	 99.93
 419.00	 415.22	 6.5622	34.1217	26.7909	 0.99	 43.08	0.040	  141.65	 99.93
 420.00	 416.21	 6.5616	34.1215	26.7909	 0.99	 43.08	0.041	  141.63	 99.93
 421.00	 417.20	 6.5605	34.1218	26.7912	 0.99	 43.02	0.041	  141.59	 99.93
 422.00	 418.19	 6.5616	34.1216	26.7910	 0.99	 42.99	0.041	  141.64	 99.93
 423.00	 419.18	 6.5616	34.1217	26.7911	 0.99	 42.95	0.041	  141.64	 99.93
 424.00	 420.17	 6.5610	34.1217	26.7912	 0.99	 42.92	0.041	  141.67	 99.93
 425.00	 421.16	 6.5593	34.1220	26.7917	 0.98	 42.78	0.040	  141.61	 99.93
 426.00	 422.15	 6.5585	34.1223	26.7920	 0.99	 42.91	0.041	  141.62	 99.93
 427.00	 423.14	 6.5591	34.1222	26.7919	 0.99	 42.92	0.041	  141.61	 99.93
 428.00	 424.13	 6.5597	34.1220	26.7917	 0.98	 42.84	0.041	  141.62	 99.93
 429.00	 425.12	 6.5591	34.1223	26.7919	 0.99	 42.86	0.040	  141.65	 99.93
 430.00	 426.11	 6.5574	34.1225	26.7923	 0.98	 42.79	0.041	  141.62	 99.93
 431.00	 427.10	 6.5565	34.1225	26.7925	 0.98	 42.71	0.041	  141.62	 99.93
 432.00	 428.09	 6.5538	34.1228	26.7931	 0.98	 42.67	0.041	  141.60	 99.93
 433.00	 429.08	 6.5530	34.1231	26.7934	 0.98	 42.64	0.041	  141.59	 99.93
 434.00	 430.07	 6.5509	34.1232	26.7938	 0.98	 42.53	0.040	  141.62	 99.93
 435.00	 431.06	 6.5490	34.1236	26.7943	 0.98	 42.50	0.041	  141.61	 99.93
 436.00	 432.05	 6.5484	34.1236	26.7944	 0.97	 42.37	0.041	  141.62	 99.93
 437.00	 433.04	 6.5431	34.1236	26.7952	 0.98	 42.42	0.040	  141.55	 99.93
 438.00	 434.02	 6.5385	34.1242	26.7963	 0.97	 42.31	0.040	  141.67	 99.93
 439.00	 435.01	 6.5368	34.1245	26.7967	 0.97	 42.12	0.040	  141.62	 99.93
 440.00	 436.00	 6.5339	34.1248	26.7974	 0.97	 42.16	0.041	  141.56	 99.93
 441.00	 436.99	 6.5310	34.1252	26.7981	 0.97	 42.01	0.041	  141.61	 99.93
 442.00	 437.98	 6.5291	34.1255	26.7986	 0.96	 41.87	0.041	  141.62	 99.93
 443.00	 438.97	 6.5247	34.1261	26.7996	 0.96	 41.81	0.041	  141.55	 99.93
 444.00	 439.96	 6.5218	34.1263	26.8002	 0.96	 41.72	0.041	  141.59	 99.93
 445.00	 440.95	 6.5162	34.1268	26.8013	 0.95	 41.46	0.041	  141.60	 99.93
 446.00	 441.94	 6.5115	34.1272	26.8023	 0.95	 41.37	0.041	  141.55	 99.93
 447.00	 442.93	 6.4997	34.1274	26.8040	 0.95	 41.14	0.041	  141.66	 99.93
 448.00	 443.92	 6.4863	34.1290	26.8070	 0.94	 41.01	0.042	  141.60	 99.94
 449.00	 444.91	 6.4815	34.1294	26.8080	 0.94	 40.96	0.041	  141.60	 99.93
 450.00	 445.90	 6.4798	34.1296	26.8083	 0.94	 40.75	0.041	  141.60	 99.93
 451.00	 446.89	 6.4780	34.1298	26.8088	 0.94	 40.71	0.041	  141.64	 99.94
 452.00	 447.88	 6.4746	34.1299	26.8093	 0.93	 40.62	0.042	  141.62	 99.94
 453.00	 448.87	 6.4712	34.1304	26.8101	 0.94	 40.68	0.042	  141.54	 99.94
 454.00	 449.86	 6.4699	34.1306	26.8105	 0.93	 40.64	0.041	  141.59	 99.94
 455.00	 450.85	 6.4692	34.1306	26.8106	 0.93	 40.60	0.041	  141.55	 99.94
 456.00	 451.84	 6.4673	34.1310	26.8112	 0.93	 40.56	0.041	  141.63	 99.94
 457.00	 452.83	 6.4670	34.1307	26.8110	 0.93	 40.48	0.041	  141.58	 99.94
 458.00	 453.82	 6.4668	34.1309	26.8112	 0.93	 40.44	0.041	  141.63	 99.94
 459.00	 454.81	 6.4642	34.1310	26.8116	 0.93	 40.33	0.041	  141.57	 99.94
 460.00	 455.80	 6.4622	34.1312	26.8121	 0.93	 40.24	0.041	  141.62	 99.94
 461.00	 456.79	 6.4565	34.1314	26.8130	 0.92	 40.06	0.041	  141.56	 99.94
 462.00	 457.78	 6.4497	34.1318	26.8142	 0.92	 39.94	0.040	  141.57	 99.94
 463.00	 458.77	 6.4410	34.1329	26.8162	 0.91	 39.78	0.041	  141.62	 99.94
 464.00	 459.76	 6.4338	34.1336	26.8177	 0.91	 39.70	0.041	  141.56	 99.94
 465.00	 460.75	 6.4293	34.1339	26.8186	 0.91	 39.48	0.041	  141.58	 99.94
 466.00	 461.74	 6.4253	34.1343	26.8193	 0.90	 39.32	0.041	  141.55	 99.95
 467.00	 462.73	 6.4185	34.1352	26.8210	 0.90	 39.10	0.041	  141.63	 99.94
 468.00	 463.72	 6.4137	34.1355	26.8219	 0.90	 39.02	0.040	  141.56	 99.94
 469.00	 464.71	 6.4110	34.1360	26.8226	 0.89	 38.91	0.041	  141.51	 99.95
 470.00	 465.70	 6.4067	34.1359	26.8231	 0.89	 38.53	0.041	  141.58	 99.95
 471.00	 466.69	 6.3928	34.1370	26.8258	 0.88	 38.42	0.041	  141.54	 99.94
 472.00	 467.68	 6.3841	34.1382	26.8279	 0.88	 38.37	0.040	  141.57	 99.95
 473.00	 468.67	 6.3822	34.1384	26.8283	 0.88	 38.18	0.041	  141.56	 99.95
 474.00	 469.66	 6.3806	34.1386	26.8286	 0.88	 38.06	0.040	  141.62	 99.95
 475.00	 470.65	 6.3784	34.1387	26.8290	 0.87	 38.00	0.041	  141.53	 99.95
 476.00	 471.64	 6.3729	34.1395	26.8304	 0.87	 37.92	0.041	  141.61	 99.95
 477.00	 472.63	 6.3713	34.1396	26.8307	 0.87	 37.76	0.040	  141.53	 99.95
 478.00	 473.62	 6.3687	34.1399	26.8313	 0.87	 37.71	0.040	  141.56	 99.95
 479.00	 474.61	 6.3646	34.1401	26.8320	 0.87	 37.62	0.041	  141.61	 99.95
 480.00	 475.60	 6.3619	34.1407	26.8328	 0.86	 37.55	0.040	  141.51	 99.95
 481.00	 476.59	 6.3585	34.1409	26.8334	 0.86	 37.40	0.040	  141.60	 99.95
 482.00	 477.58	 6.3544	34.1415	26.8345	 0.86	 37.34	0.041	  141.51	 99.95
 483.00	 478.56	 6.3510	34.1420	26.8353	 0.86	 37.21	0.042	  141.51	 99.95
 484.00	 479.55	 6.3476	34.1426	26.8362	 0.85	 36.98	0.041	  141.55	 99.95
 485.00	 480.54	 6.3454	34.1427	26.8366	 0.85	 36.76	0.040	  141.58	 99.95
 486.00	 481.53	 6.3377	34.1435	26.8382	 0.84	 36.57	0.041	  141.55	 99.95
 487.00	 482.52	 6.3236	34.1440	26.8404	 0.84	 36.39	0.040	  141.55	 99.95
 488.00	 483.51	 6.3097	34.1465	26.8442	 0.83	 36.20	0.040	  141.51	 99.95
 489.00	 484.50	 6.3071	34.1469	26.8449	 0.83	 36.18	0.040	  141.50	 99.95
 490.00	 485.49	 6.3059	34.1468	26.8450	 0.83	 36.03	0.040	  141.52	 99.95
 491.00	 486.48	 6.3045	34.1469	26.8452	 0.83	 35.91	0.041	  141.48	 99.95
 492.00	 487.47	 6.3044	34.1469	26.8453	 0.82	 35.87	0.041	  141.51	 99.95
 493.00	 488.46	 6.3040	34.1469	26.8453	 0.82	 35.73	0.040	  141.52	 99.95
 494.00	 489.45	 6.2997	34.1470	26.8459	 0.82	 35.73	0.040	  141.59	 99.95
 495.00	 490.44	 6.2959	34.1477	26.8470	 0.82	 35.56	0.041	  141.49	 99.95
 496.00	 491.43	 6.2943	34.1478	26.8473	 0.82	 35.61	0.041	  141.50	 99.95
 497.00	 492.42	 6.2933	34.1486	26.8481	 0.82	 35.51	0.041	  141.55	 99.95
 498.00	 493.41	 6.2921	34.1494	26.8489	 0.81	 35.34	0.041	  141.55	 99.95
 499.00	 494.40	 6.2868	34.1509	26.8507	 0.81	 35.33	0.041	  141.49	 99.95
 500.00	 495.39	 6.2816	34.1513	26.8517	 0.81	 35.16	0.041	  141.51	 99.95
 501.00	 496.38	 6.2767	34.1519	26.8529	 0.81	 35.14	0.042	  141.50	 99.95
 502.00	 497.37	 6.2736	34.1521	26.8534	 0.81	 35.03	0.041	  141.53	 99.95
 503.00	 498.36	 6.2720	34.1521	26.8537	 0.81	 35.02	0.040	  141.57	 99.95
 504.00	 499.35	 6.2708	34.1523	26.8540	 0.80	 34.91	0.040	  141.55	 99.95
 505.00	 500.34	 6.2682	34.1525	26.8545	 0.80	 34.85	0.040	  141.51	 99.95
 506.00	 501.33	 6.2642	34.1525	26.8550	 0.80	 34.74	0.041	  141.56	 99.95
 507.00	 502.32	 6.2557	34.1535	26.8569	 0.79	 34.51	0.041	  141.46	 99.95
 508.00	 503.31	 6.2426	34.1544	26.8593	 0.79	 34.32	0.041	  141.51	 99.95
 509.00	 504.29	 6.2141	34.1559	26.8641	 0.78	 34.01	0.041	  141.50	 99.95
 510.00	 505.28	 6.1841	34.1568	26.8687	 0.78	 33.86	0.042	  141.53	 99.95
 511.00	 506.27	 6.1781	34.1576	26.8701	 0.77	 33.56	0.040	  141.55	 99.96
 512.00	 507.26	 6.1780	34.1574	26.8700	 0.77	 33.46	0.041	  141.43	 99.96
 513.00	 508.25	 6.1738	34.1573	26.8704	 0.77	 33.37	0.041	  141.53	 99.96
 514.00	 509.24	 6.1493	34.1576	26.8738	 0.76	 33.25	0.040	  141.45	 99.96
 515.00	 510.23	 6.1400	34.1598	26.8767	 0.76	 32.96	0.040	  141.51	 99.96
 516.00	 511.22	 6.1372	34.1606	26.8777	 0.75	 32.65	0.040	  141.48	 99.96
 517.00	 512.21	 6.1331	34.1624	26.8796	 0.75	 32.50	0.041	  141.50	 99.96
 518.00	 513.20	 6.1225	34.1625	26.8811	 0.74	 32.39	0.041	  141.44	 99.96
 519.00	 514.19	 6.1183	34.1626	26.8817	 0.74	 32.36	0.041	  141.45	 99.97
 520.00	 515.18	 6.1167	34.1624	26.8818	 0.74	 32.28	0.042	  141.46	 99.97
 521.00	 516.17	 6.1105	34.1622	26.8824	 0.74	 32.15	0.042	  141.47	 99.97
 522.00	 517.16	 6.1056	34.1627	26.8835	 0.74	 32.14	0.042	  141.47	 99.97
 523.00	 518.15	 6.1035	34.1625	26.8836	 0.73	 31.95	0.041	  141.47	 99.97
 524.00	 519.14	 6.0886	34.1625	26.8854	 0.73	 31.84	0.041	  141.50	 99.97
 525.00	 520.13	 6.0811	34.1645	26.8880	 0.73	 31.78	0.041	  141.44	 99.97
 526.00	 521.12	 6.0780	34.1647	26.8886	 0.73	 31.58	0.040	  141.42	 99.97
 527.00	 522.11	 6.0722	34.1649	26.8895	 0.72	 31.48	0.041	  141.51	 99.97
 528.00	 523.10	 6.0640	34.1657	26.8911	 0.72	 31.39	0.041	  141.45	 99.97
 529.00	 524.08	 6.0561	34.1659	26.8923	 0.72	 31.34	0.040	  141.51	 99.97
 530.00	 525.07	 6.0490	34.1661	26.8933	 0.72	 31.17	0.041	  141.38	 99.98
 531.00	 526.06	 6.0412	34.1666	26.8947	 0.71	 31.03	0.041	  141.41	 99.98
 532.00	 527.05	 6.0323	34.1671	26.8963	 0.71	 30.96	0.040	  141.43	 99.98
 533.00	 528.04	 6.0264	34.1680	26.8977	 0.71	 30.74	0.041	  141.40	 99.98
 534.00	 529.03	 6.0210	34.1692	26.8993	 0.70	 30.58	0.040	  141.46	 99.98
 535.00	 530.02	 6.0114	34.1697	26.9010	 0.70	 30.39	0.042	  141.41	 99.98
 536.00	 531.01	 5.9842	34.1694	26.9042	 0.69	 30.16	0.042	  141.48	 99.98
 537.00	 532.00	 5.9544	34.1707	26.9089	 0.69	 30.13	0.041	  141.39	 99.98
 538.00	 532.99	 5.9309	34.1700	26.9113	 0.69	 30.09	0.041	  141.50	 99.98
 539.00	 533.98	 5.9264	34.1702	26.9120	 0.69	 30.07	0.041	  141.42	 99.98
 540.00	 534.97	 5.9206	34.1706	26.9131	 0.69	 29.81	0.040	  141.42	 99.98
 541.00	 535.96	 5.9227	34.1722	26.9141	 0.68	 29.62	0.040	  141.44	 99.98
 542.00	 536.95	 5.9191	34.1715	26.9140	 0.68	 29.49	0.040	  141.42	 99.98
 543.00	 537.94	 5.8883	34.1707	26.9172	 0.67	 29.21	0.040	  141.45	 99.98
 544.00	 538.93	 5.8668	34.1736	26.9222	 0.67	 29.22	0.040	  141.46	 99.98
 545.00	 539.91	 5.8563	34.1748	26.9244	 0.67	 29.10	0.041	  141.45	 99.98
 546.00	 540.90	 5.8456	34.1743	26.9254	 0.66	 28.89	0.041	  141.41	 99.98
 547.00	 541.89	 5.8157	34.1740	26.9288	 0.66	 28.91	0.042	  141.44	 99.98
 548.00	 542.88	 5.8071	34.1748	26.9305	 0.66	 28.85	0.041	  141.41	 99.98
 549.00	 543.87	 5.8037	34.1744	26.9307	 0.66	 28.75	0.041	  141.45	 99.98
 550.00	 544.86	 5.7961	34.1749	26.9319	 0.66	 28.67	0.042	  141.45	 99.98
 551.00	 545.85	 5.7914	34.1744	26.9321	 0.66	 28.66	0.040	  141.47	 99.98
 552.00	 546.84	 5.7640	34.1730	26.9344	 0.66	 28.61	0.040	  141.42	 99.98
 553.00	 547.83	 5.7394	34.1747	26.9388	 0.66	 28.56	0.040	  141.44	 99.98
 554.00	 548.82	 5.7365	34.1751	26.9394	 0.65	 28.43	0.041	  141.43	 99.98
 555.00	 549.81	 5.7355	34.1751	26.9396	 0.65	 28.30	0.040	  141.47	 99.98
 556.00	 550.80	 5.7338	34.1753	26.9399	 0.65	 28.35	0.041	  141.32	 99.98
 557.00	 551.79	 5.7329	34.1754	26.9401	 0.65	 28.29	0.041	  141.36	 99.98
 558.00	 552.78	 5.7326	34.1753	26.9402	 0.65	 28.29	0.041	  141.46	 99.98
 559.00	 553.77	 5.7323	34.1754	26.9403	 0.65	 28.29	0.042	  141.40	 99.98
 560.00	 554.75	 5.7312	34.1756	26.9406	 0.65	 28.22	0.041	  141.39	 99.98
 561.00	 555.74	 5.7299	34.1756	26.9407	 0.65	 28.23	0.041	  141.42	 99.98
 562.00	 556.73	 5.7153	34.1746	26.9417	 0.65	 28.18	0.040	  141.43	 99.98
 563.00	 557.72	 5.6973	34.1753	26.9445	 0.65	 28.07	0.040	  141.44	 99.98
 564.00	 558.71	 5.6765	34.1758	26.9474	 0.65	 28.07	0.041	  141.39	 99.98
 565.00	 559.70	 5.6624	34.1759	26.9493	 0.64	 27.82	0.040	  141.39	 99.98
 566.00	 560.69	 5.6391	34.1765	26.9526	 0.64	 27.71	0.041	  141.47	 99.98
 567.00	 561.68	 5.6293	34.1773	26.9544	 0.64	 27.67	0.041	  141.41	 99.98
 568.00	 562.67	 5.6254	34.1775	26.9550	 0.63	 27.59	0.040	  141.46	 99.98
 569.00	 563.66	 5.6234	34.1774	26.9552	 0.64	 27.64	0.040	  141.38	 99.98
 570.00	 564.65	 5.6224	34.1774	26.9553	 0.63	 27.54	0.041	  141.40	 99.98
 571.00	 565.64	 5.6219	34.1774	26.9554	 0.63	 27.52	0.040	  141.40	 99.98
 572.00	 566.63	 5.6182	34.1771	26.9556	 0.63	 27.59	0.040	  141.43	 99.98
 573.00	 567.62	 5.6139	34.1770	26.9560	 0.63	 27.43	0.040	  141.39	 99.98
 574.00	 568.60	 5.6121	34.1773	26.9566	 0.63	 27.47	0.040	  141.40	 99.98
 575.00	 569.59	 5.6125	34.1779	26.9570	 0.63	 27.43	0.040	  141.42	 99.98
 576.00	 570.58	 5.6072	34.1777	26.9575	 0.63	 27.51	0.040	  141.42	 99.98
 577.00	 571.57	 5.6029	34.1767	26.9572	 0.63	 27.46	0.040	  141.40	 99.98
 578.00	 572.56	 5.5998	34.1768	26.9577	 0.63	 27.45	0.040	  141.43	 99.98
 579.00	 573.55	 5.6001	34.1774	26.9581	 0.63	 27.36	0.041	  141.41	 99.98
 580.00	 574.54	 5.5978	34.1777	26.9586	 0.63	 27.24	0.040	  141.39	 99.98
 581.00	 575.53	 5.5968	34.1789	26.9597	 0.63	 27.24	0.042	  141.37	 99.98
 582.00	 576.52	 5.5955	34.1793	26.9602	 0.63	 27.22	0.041	  141.41	 99.98
 583.00	 577.51	 5.5959	34.1792	26.9601	 0.62	 27.18	0.040	  141.39	 99.98
 584.00	 578.50	 5.5953	34.1794	26.9603	 0.62	 27.12	0.040	  141.40	 99.98
 585.00	 579.49	 5.5962	34.1797	26.9604	 0.62	 27.11	0.040	  141.33	 99.98
 586.00	 580.48	 5.5959	34.1793	26.9602	 0.62	 27.16	0.040	  141.30	 99.98
 587.00	 581.46	 5.5951	34.1797	26.9606	 0.62	 27.15	0.040	  141.41	 99.98
 588.00	 582.45	 5.5930	34.1788	26.9602	 0.62	 27.11	0.041	  141.39	 99.98
 589.00	 583.44	 5.5893	34.1790	26.9608	 0.62	 27.08	0.042	  141.35	 99.98
 590.00	 584.43	 5.5892	34.1786	26.9605	 0.62	 27.15	0.042	  141.41	 99.98
 591.00	 585.42	 5.5829	34.1790	26.9615	 0.62	 27.08	0.041	  141.36	 99.98
 592.00	 586.41	 5.5801	34.1789	26.9619	 0.62	 27.04	0.041	  141.40	 99.98
 593.00	 587.40	 5.5745	34.1791	26.9627	 0.62	 26.99	0.042	  141.32	 99.98
 594.00	 588.39	 5.5689	34.1785	26.9629	 0.62	 27.05	0.042	  141.34	 99.98
 595.00	 589.38	 5.5626	34.1792	26.9642	 0.62	 26.97	0.042	  141.37	 99.98
 596.00	 590.37	 5.5503	34.1789	26.9655	 0.62	 26.88	0.041	  141.36	 99.98
 597.00	 591.36	 5.5372	34.1795	26.9675	 0.62	 26.85	0.041	  141.32	 99.98
 598.00	 592.35	 5.5266	34.1803	26.9694	 0.62	 26.78	0.040	  141.40	 99.98
 599.00	 593.33	 5.5250	34.1802	26.9695	 0.61	 26.68	0.040	  141.30	 99.98
 600.00	 594.32	 5.5086	34.1798	26.9712	 0.61	 26.68	0.040	  141.40	 99.98
 601.00	 595.31	 5.4990	34.1801	26.9726	 0.61	 26.71	0.040	  141.36	 99.98
 602.00	 596.30	 5.4902	34.1800	26.9736	 0.61	 26.66	0.041	  141.31	 99.98
 603.00	 597.29	 5.4823	34.1807	26.9751	 0.61	 26.60	0.042	  141.37	 99.98
 604.00	 598.28	 5.4793	34.1810	26.9757	 0.61	 26.38	0.042	  141.28	 99.98
 605.00	 599.27	 5.4686	34.1815	26.9774	 0.60	 26.30	0.042	  141.28	 99.98
 606.00	 600.26	 5.4535	34.1816	26.9792	 0.60	 26.25	0.041	  141.29	 99.98
 607.00	 601.25	 5.4411	34.1817	26.9808	 0.60	 26.20	0.041	  141.32	 99.98
 608.00	 602.24	 5.4225	34.1826	26.9837	 0.60	 26.12	0.041	  141.33	 99.98
 609.00	 603.23	 5.4092	34.1813	26.9843	 0.60	 26.16	0.040	  141.30	 99.98
 610.00	 604.21	 5.3905	34.1802	26.9857	 0.60	 26.19	0.040	  141.30	 99.99
 611.00	 605.20	 5.3780	34.1792	26.9864	 0.60	 26.03	0.040	  141.35	 99.99
 612.00	 606.19	 5.3480	34.1769	26.9880	 0.60	 25.89	0.041	  141.33	 99.99
 613.00	 607.18	 5.3275	34.1822	26.9947	 0.60	 25.91	0.040	  141.28	 99.99
 614.00	 608.17	 5.3310	34.1834	26.9952	 0.59	 25.67	0.040	  141.33	 99.99
 615.00	 609.16	 5.3318	34.1841	26.9957	 0.58	 25.40	0.040	  141.30	 99.99
 616.00	 610.15	 5.3336	34.1852	26.9964	 0.58	 25.25	0.041	  141.30	 99.99
 617.00	 611.14	 5.3383	34.1866	26.9969	 0.58	 25.13	0.041	  141.29	 99.99
 618.00	 612.13	 5.3451	34.1884	26.9975	 0.57	 24.95	0.040	  141.26	 99.99
 619.00	 613.12	 5.3486	34.1891	26.9978	 0.57	 24.93	0.040	  141.36	 99.99
 620.00	 614.10	 5.3482	34.1891	26.9978	 0.57	 24.71	0.040	  141.28	 99.99
 621.00	 615.09	 5.3497	34.1897	26.9981	 0.57	 24.60	0.040	  141.26	 99.99
 622.00	 616.08	 5.3532	34.1909	26.9986	 0.56	 24.56	0.040	  141.24	 99.99
 623.00	 617.07	 5.3638	34.1932	26.9992	 0.56	 24.41	0.041	  141.23	 99.99
 624.00	 618.06	 5.3690	34.1942	26.9995	 0.56	 24.28	0.041	  141.25	 99.99
 625.00	 619.05	 5.3701	34.1948	26.9998	 0.56	 24.18	0.041	  141.28	100.00
 626.00	 620.04	 5.3775	34.1965	27.0002	 0.55	 24.07	0.040	  141.26	 99.99
 627.00	 621.03	 5.3727	34.1958	27.0003	 0.55	 24.08	0.040	  141.25	100.00
 628.00	 622.02	 5.3809	34.1974	27.0006	 0.55	 23.95	0.041	  141.21	100.00
 629.00	 623.01	 5.3824	34.1980	27.0009	 0.55	 23.84	0.041	  141.23	100.00
 630.00	 623.99	 5.3836	34.1980	27.0008	 0.55	 23.93	0.042	  141.15	100.00
 631.00	 624.98	 5.3795	34.1967	27.0002	 0.55	 23.88	0.041	  141.20	 99.99
 632.00	 625.97	 5.3823	34.1982	27.0011	 0.55	 23.74	0.040	  141.22	 99.99
 633.00	 626.96	 5.3868	34.1985	27.0008	 0.54	 23.69	0.040	  141.18	100.00
 634.00	 627.95	 5.3886	34.1992	27.0011	 0.55	 23.73	0.040	  141.20	100.00
 635.00	 628.94	 5.3883	34.1992	27.0012	 0.54	 23.62	0.040	  141.27	100.00
 636.00	 629.93	 5.3902	34.1994	27.0012	 0.54	 23.45	0.040	  141.21	100.00
 637.00	 630.92	 5.3914	34.2020	27.0031	 0.54	 23.27	0.040	  141.20	 99.99
 638.00	 631.91	 5.3907	34.2053	27.0058	 0.53	 22.99	0.040	  141.21	100.00
 639.00	 632.90	 5.3908	34.2063	27.0066	 0.52	 22.82	0.040	  141.23	100.00
 640.00	 633.88	 5.3846	34.2084	27.0090	 0.52	 22.73	0.040	  141.18	100.00
 641.00	 634.87	 5.3800	34.2103	27.0111	 0.51	 22.39	0.040	  141.21	100.00
 642.00	 635.86	 5.3773	34.2109	27.0119	 0.51	 22.35	0.042	  141.20	100.00
 643.00	 636.85	 5.3668	34.2118	27.0138	 0.51	 22.18	0.041	  141.15	100.00
 644.00	 637.84	 5.3516	34.2127	27.0163	 0.50	 21.95	0.041	  141.23	100.00
 645.00	 638.83	 5.3381	34.2132	27.0183	 0.51	 22.01	0.041	  141.14	100.00
 646.00	 639.82	 5.3266	34.2142	27.0205	 0.50	 21.87	0.041	  141.20	100.00
 647.00	 640.81	 5.3228	34.2145	27.0212	 0.50	 21.76	0.041	  141.21	100.00
 648.00	 641.80	 5.3208	34.2144	27.0213	 0.50	 21.84	0.040	  141.21	100.00
 649.00	 642.78	 5.3198	34.2146	27.0217	 0.50	 21.71	0.042	  141.18	100.00
 650.00	 643.77	 5.3177	34.2143	27.0216	 0.50	 21.57	0.041	  141.22	100.00
 651.00	 644.76	 5.3115	34.2149	27.0228	 0.50	 21.68	0.041	  141.16	100.00
 652.00	 645.75	 5.3079	34.2150	27.0233	 0.50	 21.62	0.040	  141.08	100.00
 653.00	 646.74	 5.3018	34.2159	27.0248	 0.49	 21.49	0.040	  141.16	100.00
 654.00	 647.73	 5.2995	34.2164	27.0255	 0.49	 21.49	0.040	  141.14	100.00
 655.00	 648.72	 5.2958	34.2167	27.0262	 0.49	 21.49	0.040	  141.17	100.00
 656.00	 649.71	 5.2727	34.2163	27.0285	 0.49	 21.43	0.041	  141.22	100.00
 657.00	 650.70	 5.2571	34.2178	27.0316	 0.49	 21.44	0.040	  141.23	100.00
 658.00	 651.68	 5.2474	34.2183	27.0331	 0.49	 21.34	0.040	  141.17	100.00
 659.00	 652.67	 5.2300	34.2171	27.0342	 0.48	 21.09	0.040	  141.22	100.00
 660.00	 653.66	 5.1997	34.2183	27.0387	 0.49	 21.19	0.040	  141.15	100.00
 661.00	 654.65	 5.1851	34.2182	27.0403	 0.49	 21.18	0.040	  141.18	100.00
 662.00	 655.64	 5.1703	34.2190	27.0426	 0.49	 21.12	0.040	  141.16	100.00
 663.00	 656.63	 5.1628	34.2192	27.0437	 0.48	 21.08	0.040	  141.15	100.00
 664.00	 657.62	 5.1569	34.2196	27.0447	 0.48	 20.97	0.042	  141.18	100.00
 665.00	 658.61	 5.1534	34.2196	27.0451	 0.48	 20.92	0.041	  141.15	100.00
 666.00	 659.59	 5.1515	34.2199	27.0456	 0.48	 20.92	0.041	  141.13	100.00
 667.00	 660.58	 5.1487	34.2200	27.0460	 0.48	 20.82	0.042	  141.20	100.00
 668.00	 661.57	 5.1448	34.2202	27.0466	 0.48	 20.83	0.041	  141.20	100.00
 669.00	 662.56	 5.1430	34.2207	27.0472	 0.48	 20.78	0.040	  141.19	100.00
 670.00	 663.55	 5.1433	34.2207	27.0472	 0.48	 20.72	0.041	  141.12	100.00
 671.00	 664.54	 5.1384	34.2212	27.0481	 0.47	 20.64	0.040	  141.15	100.00
 672.00	 665.53	 5.1322	34.2211	27.0488	 0.48	 20.75	0.040	  141.16	100.00
 673.00	 666.52	 5.1273	34.2215	27.0497	 0.48	 20.69	0.041	  141.18	100.00
 674.00	 667.50	 5.1202	34.2214	27.0504	 0.47	 20.61	0.042	  141.17	100.00
 675.00	 668.49	 5.1124	34.2215	27.0514	 0.47	 20.62	0.040	  141.17	100.00
 676.00	 669.48	 5.0966	34.2218	27.0534	 0.47	 20.56	0.041	  141.14	100.00
 677.00	 670.47	 5.0836	34.2223	27.0554	 0.47	 20.51	0.040	  141.12	100.00
 678.00	 671.46	 5.0786	34.2230	27.0565	 0.47	 20.44	0.040	  141.09	100.00
 679.00	 672.45	 5.0775	34.2231	27.0568	 0.47	 20.45	0.041	  141.13	100.00
 680.00	 673.44	 5.0767	34.2231	27.0569	 0.47	 20.38	0.041	  141.14	 80.70
 681.00	 674.43	 5.0745	34.2234	27.0573	 0.47	 20.33	0.041	  141.10	100.20
 682.00	 675.41	 5.0693	34.2229	27.0575	 0.47	 20.33	0.042	  141.15	100.00
 683.00	 676.40	 5.0627	34.2226	27.0581	 0.47	 20.31	0.041	  141.07	100.00
 684.00	 677.39	 5.0460	34.2224	27.0598	 0.47	 20.27	0.040	  141.11	100.00
 685.00	 678.38	 5.0333	34.2228	27.0616	 0.46	 20.20	0.040	  141.21	100.00
 686.00	 679.37	 5.0253	34.2241	27.0635	 0.46	 20.19	0.040	  141.13	100.00
 687.00	 680.36	 5.0131	34.2244	27.0652	 0.46	 20.10	0.040	  141.14	100.00
 688.00	 681.35	 5.0032	34.2248	27.0666	 0.46	 20.15	0.040	  141.24	100.00
 689.00	 682.34	 4.9950	34.2253	27.0680	 0.46	 20.17	0.042	  141.14	100.00
 690.00	 683.32	 4.9873	34.2250	27.0686	 0.46	 20.19	0.041	  141.10	100.00
 691.00	 684.31	 4.9704	34.2234	27.0692	 0.46	 20.22	0.040	  141.14	100.00
 692.00	 685.30	 4.9431	34.2234	27.0724	 0.47	 20.35	0.040	  141.09	100.00
 693.00	 686.29	 4.9397	34.2233	27.0727	 0.47	 20.39	0.040	  141.13	100.00
 694.00	 687.28	 4.9347	34.2231	27.0731	 0.47	 20.30	0.040	  141.06	100.00
 695.00	 688.27	 4.9343	34.2232	27.0732	 0.47	 20.38	0.040	  141.13	100.00
 696.00	 689.26	 4.9343	34.2232	27.0733	 0.47	 20.37	0.041	  141.09	100.00
 697.00	 690.24	 4.9356	34.2234	27.0733	 0.47	 20.28	0.041	  141.11	100.00
 698.00	 691.23	 4.9366	34.2237	27.0734	 0.46	 20.16	0.041	  141.12	100.00
 699.00	 692.22	 4.9357	34.2236	27.0734	 0.47	 20.28	0.040	  141.13	100.00
 700.00	 693.21	 4.9362	34.2239	27.0736	 0.47	 20.23	0.040	  141.11	100.00
 701.00	 694.20	 4.9337	34.2238	27.0738	 0.46	 20.19	0.040	  141.08	100.00
 702.00	 695.19	 4.9284	34.2232	27.0740	 0.47	 20.22	0.040	  141.15	100.00
 703.00	 696.18	 4.9285	34.2238	27.0744	 0.47	 20.22	0.040	  141.06	100.00
 704.00	 697.17	 4.9228	34.2235	27.0749	 0.46	 20.21	0.040	  141.08	100.00
 705.00	 698.15	 4.8878	34.2242	27.0794	 0.46	 20.22	0.040	  141.06	100.00
 706.00	 699.14	 4.8829	34.2258	27.0812	 0.47	 20.28	0.040	  141.11	100.00
 707.00	 700.13	 4.8811	34.2254	27.0811	 0.46	 20.16	0.040	  141.04	100.00
 708.00	 701.12	 4.8794	34.2251	27.0810	 0.46	 20.02	0.040	  141.03	100.00
 709.00	 702.11	 4.8640	34.2261	27.0835	 0.46	 20.01	0.040	  141.08	100.00
 710.00	 703.10	 4.8548	34.2273	27.0856	 0.46	 19.99	0.040	  141.08	100.00
 711.00	 704.09	 4.8547	34.2275	27.0857	 0.46	 19.88	0.040	  141.05	100.00
 712.00	 705.07	 4.8560	34.2274	27.0855	 0.46	 19.82	0.040	  141.05	100.00
 713.00	 706.06	 4.8521	34.2272	27.0858	 0.46	 19.85	0.041	  141.05	100.00
 714.00	 707.05	 4.8471	34.2277	27.0868	 0.46	 19.83	0.041	  141.03	100.00
 715.00	 708.04	 4.8462	34.2280	27.0871	 0.45	 19.70	0.041	  140.94	100.00
 716.00	 709.03	 4.8428	34.2282	27.0877	 0.45	 19.64	0.042	  140.98	100.00
 717.00	 710.02	 4.8333	34.2286	27.0891	 0.45	 19.70	0.042	  141.01	100.00
 718.00	 711.01	 4.8268	34.2294	27.0904	 0.45	 19.62	0.041	  141.03	100.00
 719.00	 711.99	 4.8214	34.2311	27.0924	 0.45	 19.45	0.040	  141.07	100.00
 720.00	 712.98	 4.8172	34.2342	27.0953	 0.45	 19.47	0.040	  141.04	100.00
 721.00	 713.97	 4.8135	34.2342	27.0958	 0.45	 19.35	0.040	  140.99	100.00
 722.00	 714.96	 4.8058	34.2366	27.0985	 0.44	 19.22	0.040	  141.00	100.00
 723.00	 715.95	 4.8048	34.2371	27.0990	 0.44	 19.16	0.040	  140.97	100.00
 724.00	 716.94	 4.8005	34.2380	27.1003	 0.44	 19.12	0.040	  140.95	100.00
 725.00	 717.93	 4.7939	34.2394	27.1021	 0.44	 19.08	0.040	  140.95	100.00
 726.00	 718.91	 4.7842	34.2405	27.1040	 0.44	 18.93	0.040	  140.87	100.00
 727.00	 719.90	 4.7720	34.2419	27.1065	 0.43	 18.71	0.040	  140.91	100.00
 728.00	 720.89	 4.7608	34.2436	27.1091	 0.43	 18.66	0.041	  140.90	100.00
 729.00	 721.88	 4.7553	34.2444	27.1104	 0.43	 18.76	0.042	  140.94	100.00
 730.00	 722.87	 4.7495	34.2452	27.1116	 0.43	 18.70	0.041	  140.93	100.00
 731.00	 723.86	 4.7481	34.2456	27.1121	 0.43	 18.58	0.040	  140.94	100.00
 732.00	 724.84	 4.7460	34.2458	27.1125	 0.43	 18.54	0.040	  140.92	100.00
 733.00	 725.83	 4.7365	34.2470	27.1145	 0.43	 18.49	0.041	  140.91	100.00
 734.00	 726.82	 4.7333	34.2475	27.1153	 0.42	 18.31	0.042	  140.90	100.00
 735.00	 727.81	 4.7258	34.2483	27.1168	 0.42	 18.29	0.042	  140.92	100.00
 736.00	 728.80	 4.7145	34.2497	27.1191	 0.42	 18.24	0.042	  140.92	100.00
 737.00	 729.79	 4.7047	34.2511	27.1214	 0.42	 18.18	0.041	  140.91	100.00
 738.00	 730.78	 4.6961	34.2525	27.1234	 0.42	 18.11	0.041	  140.89	100.00
 739.00	 731.76	 4.6865	34.2534	27.1252	 0.41	 17.95	0.041	  140.92	100.00
 740.00	 732.75	 4.6731	34.2552	27.1281	 0.41	 17.99	0.040	  140.89	100.00
 741.00	 733.74	 4.6656	34.2564	27.1298	 0.41	 17.91	0.040	  140.85	100.00
 742.00	 734.73	 4.6612	34.2572	27.1310	 0.41	 17.72	0.041	  140.91	100.00
 743.00	 735.72	 4.6513	34.2579	27.1327	 0.40	 17.48	0.042	  140.91	100.00
 744.00	 736.71	 4.6410	34.2599	27.1354	 0.41	 17.63	0.040	  140.88	100.00
 745.00	 737.69	 4.6375	34.2607	27.1364	 0.41	 17.65	0.040	  140.87	100.00
 746.00	 738.68	 4.6372	34.2607	27.1364	 0.40	 17.56	0.040	  140.82	100.00
 747.00	 739.67	 4.6364	34.2608	27.1366	 0.40	 17.38	0.040	  140.92	100.00
 748.00	 740.66	 4.6347	34.2611	27.1371	 0.40	 17.43	0.041	  140.92	100.00
 749.00	 741.65	 4.6325	34.2614	27.1376	 0.40	 17.46	0.041	  140.89	100.00
 750.00	 742.64	 4.6307	34.2618	27.1381	 0.40	 17.42	0.040	  140.83	100.00
 751.00	 743.63	 4.6297	34.2620	27.1383	 0.40	 17.29	0.040	  140.89	100.00
 752.00	 744.61	 4.6243	34.2626	27.1394	 0.40	 17.28	0.040	  140.87	100.00
 753.00	 745.60	 4.6187	34.2635	27.1408	 0.40	 17.39	0.040	  140.92	100.00
 754.00	 746.59	 4.6142	34.2643	27.1419	 0.40	 17.29	0.040	  140.85	100.00
 755.00	 747.58	 4.6134	34.2641	27.1418	 0.40	 17.25	0.040	  140.84	100.00
 756.00	 748.57	 4.6087	34.2649	27.1429	 0.40	 17.23	0.040	  140.90	100.00
 757.00	 749.56	 4.6025	34.2657	27.1443	 0.39	 17.15	0.041	  140.86	100.00
 758.00	 750.54	 4.5954	34.2667	27.1459	 0.40	 17.18	0.041	  140.80	100.00
 759.00	 751.53	 4.5884	34.2679	27.1476	 0.39	 17.10	0.042	  140.84	100.00
 760.00	 752.52	 4.5852	34.2681	27.1481	 0.39	 16.84	0.041	  140.82	100.00
 761.00	 753.51	 4.5791	34.2689	27.1494	 0.39	 16.81	0.040	  140.86	100.00
 762.00	 754.50	 4.5762	34.2693	27.1501	 0.39	 16.86	0.040	  140.81	100.00
 763.00	 755.49	 4.5738	34.2697	27.1507	 0.39	 16.91	0.040	  140.79	100.00
 764.00	 756.47	 4.5755	34.2696	27.1504	 0.39	 16.90	0.040	  140.81	100.00
 765.00	 757.46	 4.5720	34.2701	27.1512	 0.39	 16.88	0.040	  140.84	100.00
 766.00	 758.45	 4.5709	34.2703	27.1515	 0.39	 16.90	0.040	  140.78	100.00
 767.00	 759.44	 4.5698	34.2704	27.1517	 0.39	 16.95	0.041	  140.78	100.00
 768.00	 760.43	 4.5689	34.2707	27.1521	 0.39	 16.92	0.042	  140.78	100.00
 769.00	 761.42	 4.5688	34.2706	27.1520	 0.39	 16.83	0.042	  140.87	100.00
 770.00	 762.40	 4.5685	34.2707	27.1521	 0.38	 16.73	0.041	  140.84	100.00
 771.00	 763.39	 4.5684	34.2707	27.1521	 0.38	 16.74	0.040	  140.79	100.00
 772.00	 764.38	 4.5661	34.2709	27.1526	 0.39	 16.75	0.040	  140.78	100.00
 773.00	 765.37	 4.5630	34.2715	27.1534	 0.39	 16.79	0.040	  140.70	100.00
 774.00	 766.36	 4.5632	34.2715	27.1533	 0.38	 16.72	0.040	  140.82	100.00
 775.00	 767.35	 4.5625	34.2715	27.1534	 0.38	 16.67	0.041	  140.67	100.00
 776.00	 768.33	 4.5605	34.2718	27.1539	 0.38	 16.74	0.041	  140.73	100.00
 777.00	 769.32	 4.5591	34.2721	27.1543	 0.39	 16.74	0.041	  140.76	100.00
 778.00	 770.31	 4.5591	34.2721	27.1543	 0.39	 16.75	0.041	  140.71	100.00
 779.00	 771.30	 4.5583	34.2721	27.1544	 0.38	 16.62	0.041	  140.67	100.00
 780.00	 772.29	 4.5565	34.2726	27.1549	 0.38	 16.61	0.042	  140.68	100.00
 781.00	 773.28	 4.5565	34.2725	27.1549	 0.38	 16.71	0.041	  140.72	100.00
 782.00	 774.26	 4.5544	34.2727	27.1553	 0.38	 16.73	0.041	  140.74	100.00
 783.00	 775.25	 4.5521	34.2732	27.1560	 0.38	 16.67	0.042	  140.66	100.00
 784.00	 776.24	 4.5490	34.2733	27.1563	 0.38	 16.50	0.042	  140.67	100.00
 785.00	 777.23	 4.5471	34.2740	27.1572	 0.38	 16.62	0.041	  140.69	100.00
 786.00	 778.22	 4.5488	34.2739	27.1569	 0.38	 16.62	0.040	  140.70	100.00
 787.00	 779.20	 4.5497	34.2736	27.1566	 0.38	 16.58	0.040	  140.76	100.00
 788.00	 780.19	 4.5500	34.2735	27.1565	 0.38	 16.64	0.040	  140.75	100.00
 789.00	 781.18	 4.5491	34.2735	27.1566	 0.38	 16.60	0.041	  140.73	100.00
 790.00	 782.17	 4.5434	34.2744	27.1579	 0.38	 16.55	0.042	  140.69	100.00
 791.00	 783.16	 4.5414	34.2748	27.1585	 0.38	 16.58	0.042	  140.66	100.00
 792.00	 784.15	 4.5416	34.2746	27.1583	 0.38	 16.59	0.041	  140.70	100.00
 793.00	 785.13	 4.5385	34.2750	27.1590	 0.38	 16.59	0.040	  140.69	100.00
 794.00	 786.12	 4.5335	34.2758	27.1601	 0.38	 16.57	0.041	  140.65	100.00
 795.00	 787.11	 4.5329	34.2759	27.1603	 0.38	 16.51	0.042	  140.66	100.00
 796.00	 788.10	 4.5330	34.2759	27.1603	 0.38	 16.49	0.042	  140.72	100.00
 797.00	 789.09	 4.5326	34.2759	27.1604	 0.38	 16.48	0.041	  140.66	100.00
 798.00	 790.07	 4.5315	34.2761	27.1606	 0.38	 16.53	0.040	  140.64	100.00
 799.00	 791.06	 4.5290	34.2764	27.1611	 0.38	 16.55	0.041	  140.64	100.00
 800.00	 792.05	 4.5257	34.2769	27.1619	 0.38	 16.41	0.040	  140.69	100.00
 801.00	 793.04	 4.5230	34.2775	27.1627	 0.38	 16.37	0.042	  140.69	100.00
 802.00	 794.03	 4.5211	34.2772	27.1626	 0.38	 16.43	0.041	  140.63	100.00
 803.00	 795.02	 4.5049	34.2800	27.1666	 0.38	 16.37	0.040	  140.65	100.00
 804.00	 796.00	 4.4902	34.2812	27.1692	 0.38	 16.31	0.040	  140.63	100.00
 805.00	 796.99	 4.4783	34.2829	27.1718	 0.37	 16.25	0.040	  140.68	100.00
 806.00	 797.98	 4.4626	34.2849	27.1751	 0.37	 16.12	0.041	  140.65	100.00
 807.00	 798.97	 4.4566	34.2859	27.1766	 0.37	 16.03	0.042	  140.67	100.00
 808.00	 799.96	 4.4493	34.2868	27.1781	 0.37	 16.00	0.042	  140.69	100.00
 809.00	 800.94	 4.4405	34.2884	27.1803	 0.37	 16.02	0.042	  140.58	100.00
 810.00	 801.93	 4.4404	34.2884	27.1803	 0.37	 16.01	0.042	  140.66	100.00
 811.00	 802.92	 4.4403	34.2887	27.1805	 0.37	 15.99	0.041	  140.63	100.00
 812.00	 803.91	 4.4395	34.2888	27.1807	 0.36	 15.80	0.040	  140.66	100.00
 813.00	 804.90	 4.4391	34.2889	27.1809	 0.36	 15.82	0.040	  140.66	100.00
 814.00	 805.89	 4.4375	34.2891	27.1812	 0.36	 15.85	0.040	  140.60	100.00
 815.00	 806.87	 4.4358	34.2894	27.1816	 0.36	 15.86	0.042	  140.55	100.00
 816.00	 807.86	 4.4361	34.2895	27.1817	 0.36	 15.87	0.041	  140.63	100.00
 817.00	 808.85	 4.4357	34.2896	27.1818	 0.36	 15.87	0.041	  140.66	100.00
 818.00	 809.84	 4.4336	34.2899	27.1823	 0.36	 15.82	0.041	  140.68	100.00
 819.00	 810.83	 4.4309	34.2902	27.1828	 0.36	 15.84	0.040	  140.60	100.00
 820.00	 811.81	 4.4177	34.2910	27.1849	 0.36	 15.80	0.041	  140.62	100.00
 821.00	 812.80	 4.4010	34.2940	27.1891	 0.36	 15.74	0.041	  140.55	100.00
 822.00	 813.79	 4.3951	34.2950	27.1905	 0.36	 15.71	0.041	  140.55	100.00
 823.00	 814.78	 4.3893	34.2959	27.1918	 0.36	 15.73	0.040	  140.54	100.00
 824.00	 815.77	 4.3852	34.2967	27.1929	 0.36	 15.66	0.040	  140.65	100.00
 825.00	 816.75	 4.3790	34.2977	27.1944	 0.36	 15.56	0.041	  140.60	100.00
 826.00	 817.74	 4.3769	34.2981	27.1949	 0.36	 15.46	0.041	  140.58	100.00
 827.00	 818.73	 4.3688	34.2992	27.1966	 0.36	 15.49	0.041	  140.56	100.00
 828.00	 819.72	 4.3592	34.3005	27.1987	 0.36	 15.50	0.042	  140.54	100.00
 829.00	 820.71	 4.3330	34.3041	27.2043	 0.36	 15.48	0.040	  140.62	100.00
 830.00	 821.69	 4.3276	34.3052	27.2058	 0.35	 15.41	0.040	  140.66	100.00
 831.00	 822.68	 4.3273	34.3052	27.2058	 0.35	 15.35	0.040	  140.59	100.00
 832.00	 823.67	 4.3179	34.3060	27.2075	 0.35	 15.29	0.040	  140.59	100.00
 833.00	 824.66	 4.3117	34.3074	27.2093	 0.35	 15.18	0.040	  140.55	100.00
 834.00	 825.65	 4.3118	34.3076	27.2094	 0.35	 15.17	0.040	  140.54	100.00
 835.00	 826.63	 4.3119	34.3073	27.2092	 0.35	 15.14	0.041	  140.54	100.00
 836.00	 827.62	 4.3106	34.3079	27.2098	 0.35	 15.14	0.041	  140.50	100.00
 837.00	 828.61	 4.3064	34.3083	27.2106	 0.35	 15.22	0.040	  140.51	100.00
 838.00	 829.60	 4.3032	34.3090	27.2115	 0.35	 15.18	0.041	  140.48	100.00
 839.00	 830.59	 4.3029	34.3090	27.2115	 0.35	 15.18	0.041	  140.50	100.00
 840.00	 831.57	 4.2980	34.3095	27.2125	 0.35	 15.11	0.040	  140.51	100.00
 841.00	 832.56	 4.2845	34.3113	27.2153	 0.35	 15.09	0.040	  140.53	100.00
 842.00	 833.55	 4.2729	34.3138	27.2185	 0.35	 15.07	0.040	  140.53	100.00
 843.00	 834.54	 4.2709	34.3141	27.2190	 0.35	 15.08	0.040	  140.54	100.00
 844.00	 835.53	 4.2685	34.3149	27.2198	 0.35	 15.14	0.041	  140.48	100.00
 845.00	 836.51	 4.2669	34.3155	27.2205	 0.35	 15.08	0.042	  140.49	 99.66
 846.00	 837.50	 4.2665	34.3156	27.2206	 0.35	 15.14	0.040	  140.50	 99.47
 847.00	 838.49	 4.2651	34.3160	27.2211	 0.35	 15.10	0.040	  140.54	 98.52
 848.00	 839.48	 4.2644	34.3164	27.2215	 0.34	 14.97	0.041	  140.56	 97.72
 849.00	 840.47	 4.2631	34.3168	27.2220	 0.34	 14.88	0.041	  140.53	 95.19
 850.00	 841.45	 4.2609	34.3175	27.2228	 0.34	 14.96	0.041	  140.51	 96.30
 851.00	 842.44	 4.2596	34.3179	27.2232	 0.34	 14.97	0.042	  140.47	 92.97
 852.00	 843.43	 4.2581	34.3183	27.2238	 0.35	 15.00	0.042	  140.41	 92.11
 853.00	 844.42	 4.2561	34.3188	27.2243	 0.35	 15.06	0.041	  140.43	 91.10
 854.00	 845.41	 4.2534	34.3189	27.2247	 0.35	 15.01	0.040	  140.40	 90.16
 855.00	 846.39	 4.2446	34.3183	27.2252	 0.35	 15.01	0.040	  140.42	 89.49
 856.00	 847.38	 4.2373	34.3219	27.2288	 0.35	 15.03	0.041	  140.45	 88.24
 857.00	 848.37	 4.2342	34.3226	27.2297	 0.34	 15.00	0.041	  140.36	 86.98
 858.00	 849.36	 4.2334	34.3226	27.2297	 0.34	 14.97	0.041	  140.34	 85.95
 859.00	 850.35	 4.2332	34.3227	27.2299	 0.34	 14.99	0.040	  140.32	 85.27
 860.00	 851.33	 4.2306	34.3231	27.2305	 0.34	 14.98	0.040	  140.31	 84.34
 861.00	 852.32	 4.2260	34.3242	27.2319	 0.34	 14.98	0.040	  140.36	 83.17
 862.00	 853.31	 4.2253	34.3245	27.2321	 0.35	 15.01	0.041	  140.26	 82.29
 863.00	 854.30	 4.2250	34.3246	27.2323	 0.35	 15.00	0.042	  140.30	 81.23
 864.00	 855.28	 4.2242	34.3246	27.2324	 0.35	 15.00	0.041	  140.40	 79.90
 865.00	 856.27	 4.2215	34.3250	27.2330	 0.35	 15.01	0.040	  140.36	 78.99
 866.00	 857.26	 4.2188	34.3258	27.2339	 0.35	 15.01	0.042	  140.38	 78.22
 867.00	 858.25	 4.2181	34.3256	27.2339	 0.34	 14.95	0.042	  140.30	 77.06
 868.00	 859.24	 4.2168	34.3258	27.2342	 0.34	 14.88	0.042	  140.37	 76.08
 869.00	 860.22	 4.2117	34.3269	27.2355	 0.34	 14.97	0.041	  140.29	 75.15
 870.00	 861.21	 4.2088	34.3275	27.2364	 0.34	 14.86	0.040	  140.29	 74.06
 871.00	 862.20	 4.2047	34.3287	27.2377	 0.34	 14.90	0.041	  140.30	 73.12
 872.00	 863.19	 4.2029	34.3292	27.2383	 0.34	 14.98	0.042	  140.38	 71.87
 873.00	 864.18	 4.2028	34.3292	27.2384	 0.35	 15.04	0.042	  140.43	 71.05
 874.00	 865.16	 4.2033	34.3291	27.2383	 0.35	 15.05	0.042	  140.39	 70.27
 875.00	 866.15	 4.2035	34.3293	27.2384	 0.35	 15.02	0.042	  140.41	 69.61
 876.00	 867.14	 4.2033	34.3293	27.2384	 0.35	 15.05	0.041	  140.41	 68.60
 877.00	 868.13	 4.2035	34.3292	27.2383	 0.35	 15.02	0.041	  140.35	 67.57
 878.00	 869.11	 4.2030	34.3294	27.2385	 0.34	 14.98	0.042	  140.31	 66.24
 879.00	 870.10	 4.2027	34.3295	27.2387	 0.34	 14.92	0.041	  140.31	 64.90
 880.00	 871.09	 4.2027	34.3295	27.2387	 0.34	 14.84	0.041	  140.30	 63.82
 881.00	 872.08	 4.2026	34.3296	27.2387	 0.34	 14.87	0.041	  140.28	 63.01
 882.00	 873.07	 4.2024	34.3297	27.2389	 0.34	 14.96	0.042	  140.28	 62.14
 883.00	 874.05	 4.2013	34.3299	27.2391	 0.34	 14.96	0.042	  140.32	 61.02
 884.00	 875.04	 4.1996	34.3304	27.2397	 0.34	 14.95	0.042	  140.23	 60.07
 885.00	 876.03	 4.1984	34.3307	27.2401	 0.34	 14.93	0.042	  140.27	 58.97
 886.00	 877.02	 4.1964	34.3308	27.2404	 0.34	 14.94	0.042	  140.22	 57.82
 887.00	 878.00	 4.1949	34.3312	27.2409	 0.34	 14.93	0.041	  140.21	 56.91
 888.00	 878.99	 4.1942	34.3315	27.2412	 0.34	 14.94	0.042	  140.22	 55.81
 889.00	 879.98	 4.1935	34.3315	27.2413	 0.35	 15.03	0.041	  140.17	 54.87
 890.00	 880.97	 4.1932	34.3317	27.2414	 0.35	 15.05	0.043	  140.16	 54.03
 891.00	 881.96	 4.1888	34.3323	27.2424	 0.35	 15.06	0.042	  140.19	 52.92
 892.00	 882.94	 4.1855	34.3330	27.2433	 0.35	 15.07	0.041	  140.23	 51.96
 893.00	 883.93	 4.1822	34.3333	27.2439	 0.35	 15.02	0.043	  140.21	 51.09
 894.00	 884.92	 4.1785	34.3336	27.2446	 0.34	 14.93	0.042	  140.20	 50.06
 895.00	 885.91	 4.1630	34.3363	27.2483	 0.34	 14.95	0.041	  140.20	 49.13
 896.00	 886.89	 4.1607	34.3370	27.2491	 0.34	 14.91	0.041	  140.20	 48.06
 897.00	 887.88	 4.1546	34.3375	27.2502	 0.34	 14.93	0.043	  140.17	 47.05
 898.00	 888.87	 4.1416	34.3396	27.2532	 0.34	 14.94	0.042	  140.15	 45.95
 899.00	 889.86	 4.1377	34.3404	27.2542	 0.34	 14.95	0.041	  140.21	 44.81
 900.00	 890.84	 4.1352	34.3409	27.2549	 0.35	 15.05	0.042	  140.19	 43.79
 901.00	 891.83	 4.1313	34.3418	27.2560	 0.35	 15.15	0.041	  140.16	 42.97
 902.00	 892.82	 4.1147	34.3433	27.2589	 0.35	 15.13	0.041	  140.13	 42.12
 903.00	 893.81	 4.0571	34.3499	27.2701	 0.35	 15.12	0.041	  140.15	 41.11
 904.00	 894.80	 4.0413	34.3547	27.2755	 0.35	 15.16	0.041	  140.22	 40.18
 905.00	 895.78	 4.0394	34.3546	27.2757	 0.35	 15.14	0.042	  140.17	 39.05
 906.00	 896.77	 4.0398	34.3547	27.2757	 0.35	 15.13	0.042	  140.16	 37.83
 907.00	 897.76	 4.0412	34.3547	27.2756	 0.35	 15.16	0.041	  140.18	 36.71
 908.00	 898.75	 4.0400	34.3549	27.2759	 0.35	 15.14	0.042	  140.09	 35.97
 909.00	 899.73	 4.0385	34.3553	27.2763	 0.35	 15.11	0.042	  140.16	 35.13
 910.00	 900.72	 4.0380	34.3552	27.2763	 0.35	 15.07	0.041	  140.18	 34.12
 911.00	 901.71	 4.0381	34.3554	27.2765	 0.35	 15.06	0.042	  140.24	 33.09
 912.00	 902.70	 4.0391	34.3553	27.2764	 0.35	 15.08	0.042	  140.14	 32.01
 913.00	 903.68	 4.0392	34.3553	27.2763	 0.34	 14.99	0.042	  140.13	 30.90
 914.00	 904.67	 4.0400	34.3554	27.2764	 0.35	 15.02	0.043	  140.15	 29.72
 915.00	 905.66	 4.0400	34.3555	27.2764	 0.35	 15.02	0.042	  140.12	 28.79
 916.00	 906.65	 4.0397	34.3553	27.2763	 0.35	 15.06	0.041	  140.14	 27.82
 917.00	 907.63	 4.0401	34.3553	27.2763	 0.35	 15.05	0.041	  140.07	 26.94
 918.00	 908.62	 4.0406	34.3554	27.2763	 0.34	 14.99	0.042	  140.09	 26.00
 919.00	 909.61	 4.0397	34.3557	27.2766	 0.34	 14.94	0.043	  140.11	 24.99
 920.00	 910.60	 4.0344	34.3546	27.2763	 0.34	 14.97	0.042	  140.13	 23.83
 921.00	 911.59	 4.0319	34.3568	27.2784	 0.34	 14.98	0.041	  140.05	 22.65
 922.00	 912.57	 4.0317	34.3568	27.2783	 0.34	 14.98	0.042	  140.14	 21.82
 923.00	 913.56	 4.0317	34.3568	27.2784	 0.34	 14.98	0.041	  140.15	 20.91
 924.00	 914.55	 4.0318	34.3568	27.2784	 0.34	 14.99	0.041	  140.14	 19.95
 925.00	 915.54	 4.0319	34.3568	27.2784	 0.34	 14.97	0.041	  140.11	 18.94
 926.00	 916.52	 4.0318	34.3570	27.2786	 0.34	 14.94	0.042	  140.17	 18.00
 927.00	 917.51	 4.0329	34.3568	27.2783	 0.34	 14.94	0.041	  140.16	 16.94
 928.00	 918.50	 4.0334	34.3566	27.2781	 0.34	 14.83	0.042	  140.14	 15.51
 929.00	 919.49	 4.0342	34.3566	27.2780	 0.34	 14.78	0.042	  140.11	 14.55
 930.00	 920.47	 4.0329	34.3567	27.2782	 0.34	 14.79	0.042	  140.14	 13.47
 931.00	 921.46	 4.0318	34.3569	27.2785	 0.34	 14.79	0.042	  140.07	 12.35
 932.00	 922.45	 4.0311	34.3567	27.2784	 0.34	 14.80	0.042	  140.06	 11.43
 933.00	 923.44	 4.0321	34.3570	27.2786	 0.34	 14.82	0.042	  140.02	 10.30
 934.00	 924.42	 4.0321	34.3565	27.2782	 0.34	 14.75	0.041	  139.70	  8.69
