* Sea-Bird SBE 9 Data:
* Software Version Seasave V 7.26.7.107
* Vessel: NOAA Ship Ronald H. Brown
* Cruise: RB2102, West Coast Ocean Acidification (WCOA) 2021
* Dates: 20210622 to 20210723
* Region: NE Pacific, USA West Coast
* Ports: San Diego, CA to Port Angeles, WA to San Diego, CA
* Chief Scientists: R. Feely, NOAA PMEL; D. Greeley, NOAA PMEL; B. Carter, NOAA PMEL / UW CICOES
* Contacts: R. Feely, richard.a.feely@noaa.gov; D. Greeley, dana.greeley@noaa.gov; B. Carter, brendan.carter@noaa.gov
* Station: 008
* Cast: 1
* Cast Date-Time [GMT]: 27-Jun-2021 16:39:25
* Longitude: -126.3073 W
* Latitude: 48.3557 N
* Water Depth [m]: 1284.9
**********
* Column  1: Pressure [decibar]
* Column  2: Depth [m]
* Column  3: Temperature ITS-90 [degree C]
* Column  4: Salinity PSS-78 [psu]
* Column  5: Sigma-theta EOS-80 [kg/m^3 - 1000]
* Column  6: Oxygen [ml/L]
* Column  7: Oxygen [umol/kg]
* Column  8: Fluorescence [volts]
* Column  9: Oxygen Reduction Potential [mV]
* Column 10: Altimeter [m]
**********
*END*
   3.00	   2.97	14.4596	31.7541	23.5851	 6.26	273.23	0.048	  127.45	 99.82
   4.00	   3.97	14.4177	31.7376	23.5812	 6.29	274.31	0.046	  127.17	 99.82
   5.00	   4.96	14.8830	31.6992	23.4537	 6.22	271.61	0.046	  126.96	 99.82
   6.00	   5.95	14.8328	31.6978	23.4633	 6.32	275.64	0.045	  126.99	 99.83
   7.00	   6.94	13.9636	31.7702	23.7001	 6.50	283.52	0.045	  127.16	 99.82
   8.00	   7.93	13.7997	31.7718	23.7346	 6.53	284.68	0.046	  127.22	 99.83
   9.00	   8.92	13.7038	31.7838	23.7633	 6.51	284.09	0.046	  127.20	 99.85
  10.00	   9.92	13.7107	31.7837	23.7619	 6.49	283.13	0.046	  127.18	 99.85
  11.00	  10.91	13.7312	31.7803	23.7551	 6.47	282.13	0.046	  127.16	 99.84
  12.00	  11.90	13.7464	31.7794	23.7514	 6.46	282.01	0.047	  127.06	 99.84
  13.00	  12.89	13.6625	31.7956	23.7808	 6.48	282.68	0.047	  127.14	 99.83
  14.00	  13.88	13.4779	31.8281	23.8429	 6.52	284.31	0.049	  127.22	 99.83
  15.00	  14.87	13.4593	31.8300	23.8482	 6.51	283.80	0.051	  127.17	 99.83
  16.00	  15.86	13.4411	31.8311	23.8527	 6.49	283.30	0.053	  127.22	 99.84
  17.00	  16.86	13.4127	31.8442	23.8685	 6.51	283.87	0.054	  127.26	 99.83
  18.00	  17.85	13.3637	31.8596	23.8901	 6.51	283.85	0.058	  127.23	 99.83
  19.00	  18.84	13.2500	31.8690	23.9199	 6.54	285.22	0.060	  127.24	 99.83
  20.00	  19.83	13.1964	31.8720	23.9329	 6.56	286.20	0.060	  127.22	 99.83
  21.00	  20.82	13.1460	31.8729	23.9435	 6.57	286.67	0.064	  127.25	 99.83
  22.00	  21.81	13.0353	31.8848	23.9743	 6.64	289.49	0.066	  127.26	 99.84
  23.00	  22.80	12.6898	31.9148	24.0644	 6.87	299.68	0.069	  127.34	 99.83
  24.00	  23.80	12.2713	31.9303	24.1560	 7.05	307.53	0.081	  127.37	 99.84
  25.00	  24.79	11.9899	31.9358	24.2127	 7.21	314.17	0.103	  127.46	 99.87
  26.00	  25.78	11.2544	31.9511	24.3579	 7.62	332.05	0.166	  127.58	 99.90
  27.00	  26.77	10.0401	32.0126	24.6140	 7.99	348.09	0.218	  127.82	 99.90
  28.00	  27.76	 9.4191	32.0662	24.7564	 8.05	350.81	0.443	  127.92	 99.91
  29.00	  28.75	 9.1282	32.0909	24.8215	 7.84	341.55	0.928	  127.90	 99.93
  30.00	  29.75	 8.8901	32.1143	24.8765	 7.40	322.29	1.286	  128.01	 99.93
  31.00	  30.74	 8.7217	32.1371	24.9201	 7.12	310.34	1.229	  128.17	 99.93
  32.00	  31.73	 8.6230	32.1586	24.9518	 6.95	302.84	0.697	  128.22	 99.90
  33.00	  32.72	 8.5746	32.1693	24.9675	 6.80	296.16	0.443	  128.25	 99.84
  34.00	  33.71	 8.5046	32.1745	24.9820	 6.69	291.68	0.363	  128.24	 99.77
  35.00	  34.70	 8.4409	32.1889	25.0029	 6.65	289.71	0.246	  128.36	 99.74
  36.00	  35.69	 8.3831	32.1979	25.0185	 6.67	290.66	0.189	  128.34	 99.72
  37.00	  36.69	 8.3242	32.2163	25.0416	 6.69	291.48	0.147	  128.35	 99.71
  38.00	  37.68	 8.2634	32.2295	25.0609	 6.67	290.61	0.121	  128.44	 99.71
  39.00	  38.67	 8.2186	32.2312	25.0688	 6.60	287.36	0.106	  128.43	 99.71
  40.00	  39.66	 8.1701	32.2318	25.0764	 6.55	285.38	0.098	  128.40	 99.71
  41.00	  40.65	 8.1560	32.2342	25.0803	 6.54	284.88	0.087	  128.42	 99.67
  42.00	  41.64	 8.1205	32.2450	25.0939	 6.56	285.60	0.084	  128.46	 99.66
  43.00	  42.63	 8.1229	32.2492	25.0970	 6.57	286.40	0.081	  128.37	 99.66
  44.00	  43.62	 8.1172	32.2537	25.1013	 6.58	286.57	0.084	  128.43	 99.66
  45.00	  44.62	 8.1052	32.2532	25.1027	 6.58	286.72	0.078	  128.39	 99.66
  46.00	  45.61	 8.1033	32.2673	25.1140	 6.66	289.95	0.072	  128.35	 99.67
  47.00	  46.60	 8.1552	32.2862	25.1213	 6.70	291.83	0.067	  128.32	 99.66
  48.00	  47.59	 8.1649	32.2887	25.1218	 6.72	292.58	0.065	  128.23	 99.20
  49.00	  48.58	 8.1621	32.2909	25.1240	 6.72	292.74	0.065	  128.27	 99.73
  50.00	  49.57	 8.1392	32.2934	25.1293	 6.73	292.99	0.063	  128.22	 99.71
  51.00	  50.56	 8.1396	32.2950	25.1306	 6.72	292.75	0.064	  128.18	 99.71
  52.00	  51.56	 8.1410	32.2975	25.1324	 6.70	291.94	0.059	  128.17	 99.71
  53.00	  52.55	 8.1251	32.2973	25.1345	 6.70	291.77	0.057	  128.20	 99.71
  54.00	  53.54	 8.1268	32.2971	25.1341	 6.68	290.93	0.061	  128.11	 99.71
  55.00	  54.53	 8.0984	32.2981	25.1390	 6.67	290.61	0.054	  128.18	 99.70
  56.00	  55.52	 8.0890	32.2991	25.1412	 6.65	289.82	0.054	  128.15	 99.70
  57.00	  56.51	 8.0898	32.2982	25.1404	 6.63	288.97	0.057	  128.10	 99.69
  58.00	  57.50	 8.0618	32.2980	25.1443	 6.61	288.17	0.054	  128.00	 99.68
  59.00	  58.49	 8.0507	32.2982	25.1460	 6.60	287.63	0.054	  128.01	 99.68
  60.00	  59.49	 8.0326	32.3008	25.1507	 6.58	286.87	0.056	  128.07	 99.68
  61.00	  60.48	 8.0051	32.3027	25.1562	 6.57	286.42	0.055	  127.93	 99.67
  62.00	  61.47	 7.9941	32.3050	25.1596	 6.57	286.10	0.055	  127.95	 99.66
  63.00	  62.46	 7.9886	32.3055	25.1608	 6.56	285.59	0.054	  127.94	 99.66
  64.00	  63.45	 7.9798	32.3065	25.1629	 6.54	284.96	0.052	  127.91	 99.66
  65.00	  64.44	 7.9704	32.3073	25.1649	 6.52	284.04	0.054	  127.86	 99.65
  66.00	  65.43	 7.9469	32.3123	25.1722	 6.51	283.43	0.054	  127.85	 99.65
  67.00	  66.42	 7.9371	32.3153	25.1759	 6.49	282.70	0.053	  127.80	 99.63
  68.00	  67.42	 7.9237	32.3186	25.1804	 6.46	281.48	0.052	  127.80	 99.63
  69.00	  68.41	 7.8958	32.3318	25.1948	 6.41	279.43	0.054	  127.83	 99.63
  70.00	  69.40	 7.8863	32.3442	25.2059	 6.37	277.40	0.051	  127.76	 99.63
  71.00	  70.39	 7.8825	32.3523	25.2128	 6.33	275.80	0.053	  127.79	 99.62
  72.00	  71.38	 7.8816	32.3563	25.2161	 6.30	274.37	0.053	  127.81	 99.60
  73.00	  72.37	 7.8768	32.3606	25.2202	 6.27	273.01	0.053	  127.77	 99.59
  74.00	  73.36	 7.8757	32.3680	25.2262	 6.24	271.62	0.054	  127.69	 99.58
  75.00	  74.35	 7.8756	32.3770	25.2332	 6.20	269.97	0.056	  127.77	 99.57
  76.00	  75.35	 7.8695	32.3836	25.2393	 6.12	266.44	0.058	  127.73	 99.56
  77.00	  76.34	 7.8573	32.4207	25.2702	 6.02	262.19	0.056	  127.72	 99.54
  78.00	  77.33	 7.8291	32.4529	25.2995	 5.94	258.88	0.054	  127.75	 99.54
  79.00	  78.32	 7.8176	32.4805	25.3228	 5.86	255.13	0.054	  127.76	 99.52
  80.00	  79.31	 7.8075	32.5050	25.3436	 5.77	251.43	0.058	  127.78	 99.49
  81.00	  80.30	 7.7751	32.5776	25.4052	 5.72	249.02	0.052	  127.80	 99.47
  82.00	  81.29	 7.7668	32.5941	25.4193	 5.67	247.08	0.045	  127.85	 99.45
  83.00	  82.28	 7.7643	32.6025	25.4262	 5.62	244.66	0.043	  127.80	 99.42
  84.00	  83.28	 7.7515	32.6361	25.4545	 5.52	240.38	0.043	  127.76	 99.40
  85.00	  84.27	 7.7386	32.6809	25.4915	 5.41	235.42	0.043	  127.80	 99.39
  86.00	  85.26	 7.7269	32.7241	25.5272	 5.33	232.18	0.043	  127.82	 99.38
  87.00	  86.25	 7.7188	32.7532	25.5511	 5.28	229.95	0.042	  127.84	 99.37
  88.00	  87.24	 7.7128	32.7710	25.5660	 5.24	227.98	0.042	  127.89	 99.36
  89.00	  88.23	 7.7101	32.7815	25.5747	 5.19	226.00	0.042	  127.84	 99.34
  90.00	  89.22	 7.6995	32.8013	25.5917	 5.12	223.12	0.042	  127.80	 99.33
  91.00	  90.21	 7.6865	32.8417	25.6253	 5.02	218.55	0.041	  127.81	 99.32
  92.00	  91.20	 7.6819	32.8906	25.6644	 4.94	215.23	0.041	  127.92	 99.32
  93.00	  92.20	 7.6793	32.9044	25.6757	 4.88	212.56	0.041	  127.91	 99.32
  94.00	  93.19	 7.6698	32.9424	25.7069	 4.81	209.37	0.042	  127.88	 99.31
  95.00	  94.18	 7.6542	32.9914	25.7476	 4.72	205.31	0.041	  127.91	 99.30
  96.00	  95.17	 7.6413	33.0418	25.7890	 4.62	201.35	0.041	  127.93	 99.30
  97.00	  96.16	 7.6421	33.0614	25.8043	 4.57	198.87	0.042	  127.94	 99.30
  98.00	  97.15	 7.6436	33.0857	25.8232	 4.52	196.69	0.041	  127.89	 99.31
  99.00	  98.14	 7.6352	33.1041	25.8389	 4.46	194.29	0.041	  127.93	 99.31
 100.00	  99.13	 7.6074	33.1469	25.8765	 4.43	192.66	0.041	  127.97	 99.32
 101.00	 100.12	 7.5789	33.1654	25.8950	 4.39	191.27	0.041	  127.91	 99.32
 102.00	 101.12	 7.5464	33.1934	25.9217	 4.36	189.90	0.041	  127.91	 99.32
 103.00	 102.11	 7.5196	33.2174	25.9444	 4.32	187.96	0.041	  127.98	 99.32
 104.00	 103.10	 7.4726	33.2615	25.9856	 4.27	186.04	0.041	  127.95	 99.32
 105.00	 104.09	 7.4466	33.3017	26.0209	 4.24	184.53	0.041	  127.93	 99.33
 106.00	 105.08	 7.4354	33.3112	26.0299	 4.21	183.34	0.041	  127.96	 99.34
 107.00	 106.07	 7.4238	33.3185	26.0373	 4.19	182.43	0.041	  127.93	 99.34
 108.00	 107.06	 7.4215	33.3239	26.0419	 4.11	178.90	0.041	  127.92	 99.34
 109.00	 108.05	 7.4674	33.3964	26.0925	 3.97	172.75	0.041	  127.99	 99.34
 110.00	 109.04	 7.5197	33.4420	26.1210	 3.86	168.19	0.041	  127.98	 99.35
 111.00	 110.04	 7.5391	33.4576	26.1305	 3.78	164.60	0.041	  127.97	 99.36
 112.00	 111.03	 7.5486	33.4843	26.1502	 3.72	161.93	0.041	  127.97	 99.37
 113.00	 112.02	 7.5407	33.4919	26.1573	 3.68	160.03	0.041	  127.94	 99.39
 114.00	 113.01	 7.5222	33.4966	26.1636	 3.65	159.04	0.041	  127.99	 99.40
 115.00	 114.00	 7.5170	33.4987	26.1660	 3.65	158.64	0.041	  127.99	 99.41
 116.00	 114.99	 7.5181	33.4992	26.1663	 3.61	157.18	0.041	  127.98	 99.43
 117.00	 115.98	 7.5307	33.5143	26.1764	 3.47	150.99	0.041	  127.98	 99.44
 118.00	 116.97	 7.4114	33.5630	26.2315	 3.37	146.57	0.041	  128.06	 99.44
 119.00	 117.96	 7.3574	33.5638	26.2397	 3.29	143.03	0.041	  128.11	 99.44
 120.00	 118.95	 7.3493	33.5636	26.2407	 3.19	138.76	0.041	  128.09	 99.45
 121.00	 119.95	 7.2297	33.5536	26.2495	 3.15	137.07	0.041	  128.14	 99.47
 122.00	 120.94	 7.2132	33.5711	26.2655	 3.13	136.11	0.041	  128.08	 99.49
 123.00	 121.93	 7.1974	33.5958	26.2871	 3.11	135.19	0.042	  128.20	 99.50
 124.00	 122.92	 7.2044	33.5994	26.2890	 3.07	133.70	0.041	  128.11	 99.53
 125.00	 123.91	 7.2091	33.6121	26.2984	 3.01	130.80	0.041	  128.07	 99.54
 126.00	 124.90	 7.2728	33.6708	26.3358	 2.96	129.02	0.042	  128.14	 99.54
 127.00	 125.89	 7.2892	33.6842	26.3440	 2.95	128.20	0.041	  128.17	 99.55
 128.00	 126.88	 7.2979	33.6907	26.3480	 2.93	127.64	0.041	  128.13	 99.56
 129.00	 127.87	 7.3041	33.6967	26.3519	 2.92	127.25	0.041	  128.13	 99.56
 130.00	 128.86	 7.3154	33.7138	26.3638	 2.91	126.75	0.041	  128.10	 99.56
 131.00	 129.86	 7.3242	33.7355	26.3796	 2.90	126.05	0.041	  128.12	 99.57
 132.00	 130.85	 7.3535	33.7498	26.3868	 2.87	124.86	0.041	  128.23	 99.57
 133.00	 131.84	 7.3782	33.7649	26.3952	 2.84	123.78	0.041	  128.14	 99.58
 134.00	 132.83	 7.3837	33.7701	26.3986	 2.83	122.98	0.041	  128.05	 99.58
 135.00	 133.82	 7.3521	33.7818	26.4122	 2.81	122.23	0.041	  128.11	 99.58
 136.00	 134.81	 7.3608	33.7954	26.4217	 2.79	121.41	0.041	  128.08	 99.58
 137.00	 135.80	 7.4035	33.8100	26.4272	 2.76	120.29	0.041	  128.16	 99.58
 138.00	 136.79	 7.4468	33.8280	26.4352	 2.74	119.24	0.041	  128.13	 99.58
 139.00	 137.78	 7.4661	33.8364	26.4391	 2.72	118.29	0.041	  128.06	 99.58
 140.00	 138.77	 7.4799	33.8452	26.4441	 2.70	117.43	0.042	  128.08	 99.59
 141.00	 139.76	 7.4832	33.8474	26.4454	 2.68	116.61	0.042	  128.13	 99.60
 142.00	 140.76	 7.4758	33.8478	26.4468	 2.66	115.89	0.041	  128.09	 99.61
 143.00	 141.75	 7.4357	33.8441	26.4495	 2.64	114.85	0.042	  128.08	 99.61
 144.00	 142.74	 7.4219	33.8573	26.4619	 2.61	113.76	0.041	  128.17	 99.62
 145.00	 143.73	 7.4368	33.8732	26.4723	 2.60	112.93	0.041	  128.21	 99.62
 146.00	 144.72	 7.4326	33.8801	26.4783	 2.58	112.31	0.041	  128.07	 99.62
 147.00	 145.71	 7.4355	33.8840	26.4810	 2.57	111.69	0.041	  128.09	 99.62
 148.00	 146.70	 7.4360	33.8860	26.4825	 2.55	111.01	0.042	  128.07	 99.63
 149.00	 147.69	 7.4373	33.8907	26.4860	 2.53	110.20	0.041	  128.10	 99.63
 150.00	 148.68	 7.4353	33.8995	26.4933	 2.52	109.72	0.041	  128.10	 99.63
 151.00	 149.67	 7.4300	33.8992	26.4938	 2.52	109.60	0.041	  128.05	 99.63
 152.00	 150.66	 7.4256	33.8995	26.4946	 2.52	109.54	0.041	  128.10	 99.65
 153.00	 151.65	 7.4233	33.8988	26.4945	 2.52	109.44	0.042	  128.17	 99.65
 154.00	 152.65	 7.4150	33.8987	26.4956	 2.52	109.42	0.041	  128.16	 99.65
 155.00	 153.64	 7.4080	33.8990	26.4968	 2.51	109.31	0.041	  128.08	 99.66
 156.00	 154.63	 7.4037	33.8998	26.4981	 2.51	109.31	0.041	  128.13	 99.66
 157.00	 155.62	 7.4007	33.9005	26.4991	 2.51	109.17	0.041	  128.08	 99.65
 158.00	 156.61	 7.3986	33.9007	26.4995	 2.50	108.96	0.041	  128.10	 99.66
 159.00	 157.60	 7.3968	33.9022	26.5010	 2.50	108.70	0.041	  128.00	 99.66
 160.00	 158.59	 7.3940	33.9025	26.5016	 2.49	108.32	0.041	  128.11	 99.66
 161.00	 159.58	 7.3788	33.9033	26.5044	 2.48	107.84	0.041	  128.06	 99.66
 162.00	 160.57	 7.3460	33.9085	26.5131	 2.47	107.32	0.041	  128.07	 99.66
 163.00	 161.56	 7.3094	33.9120	26.5210	 2.46	106.88	0.041	  128.11	 99.66
 164.00	 162.55	 7.2706	33.9168	26.5302	 2.44	106.35	0.041	  128.10	 99.66
 165.00	 163.54	 7.2568	33.9189	26.5338	 2.43	105.80	0.041	  128.10	 99.66
 166.00	 164.54	 7.2491	33.9196	26.5354	 2.42	105.47	0.041	  128.07	 99.66
 167.00	 165.53	 7.2380	33.9212	26.5382	 2.42	105.12	0.041	  128.06	 99.66
 168.00	 166.52	 7.2272	33.9219	26.5403	 2.41	104.78	0.041	  128.10	 99.67
 169.00	 167.51	 7.2190	33.9219	26.5414	 2.40	104.26	0.041	  128.07	 99.66
 170.00	 168.50	 7.1905	33.9222	26.5457	 2.39	103.83	0.041	  128.18	 99.67
 171.00	 169.49	 7.1880	33.9229	26.5466	 2.38	103.57	0.042	  127.96	 99.68
 172.00	 170.48	 7.1880	33.9230	26.5467	 2.38	103.43	0.041	  128.03	 99.68
 173.00	 171.47	 7.1873	33.9232	26.5469	 2.37	103.28	0.041	  128.08	 99.68
 174.00	 172.46	 7.1864	33.9233	26.5471	 2.37	103.07	0.041	  128.05	 99.68
 175.00	 173.45	 7.1862	33.9233	26.5472	 2.37	102.97	0.041	  128.03	 99.68
 176.00	 174.44	 7.1863	33.9234	26.5473	 2.37	102.93	0.041	  128.07	 99.68
 177.00	 175.43	 7.1858	33.9235	26.5474	 2.36	102.78	0.041	  128.10	 99.68
 178.00	 176.42	 7.1843	33.9236	26.5477	 2.36	102.59	0.041	  127.98	 99.68
 179.00	 177.42	 7.1806	33.9231	26.5479	 2.35	102.24	0.041	  128.04	 99.68
 180.00	 178.41	 7.1549	33.9241	26.5523	 2.34	101.80	0.041	  127.96	 99.68
 181.00	 179.40	 7.1380	33.9249	26.5552	 2.33	101.43	0.041	  127.93	 99.68
 182.00	 180.39	 7.1226	33.9257	26.5579	 2.32	101.08	0.041	  127.97	 99.68
 183.00	 181.38	 7.1114	33.9272	26.5607	 2.32	100.81	0.041	  128.07	 99.68
 184.00	 182.37	 7.1040	33.9278	26.5622	 2.31	100.47	0.041	  128.04	 99.68
 185.00	 183.36	 7.0796	33.9304	26.5677	 2.30	100.19	0.042	  128.02	 99.68
 186.00	 184.35	 7.0650	33.9321	26.5709	 2.29	 99.80	0.041	  128.01	 99.69
 187.00	 185.34	 7.0607	33.9321	26.5716	 2.29	 99.48	0.041	  128.00	 99.70
 188.00	 186.33	 7.0547	33.9318	26.5722	 2.29	 99.46	0.041	  128.03	 99.70
 189.00	 187.32	 7.0508	33.9325	26.5733	 2.28	 99.16	0.041	  128.04	 99.70
 190.00	 188.31	 7.0464	33.9337	26.5749	 2.26	 98.46	0.041	  128.00	 99.70
 191.00	 189.30	 7.0177	33.9321	26.5775	 2.25	 97.88	0.041	  128.03	 99.70
 192.00	 190.29	 6.9894	33.9321	26.5814	 2.24	 97.39	0.041	  127.99	 99.70
 193.00	 191.28	 6.9645	33.9332	26.5857	 2.23	 97.02	0.041	  128.07	 99.71
 194.00	 192.28	 6.9595	33.9361	26.5887	 2.22	 96.55	0.041	  128.12	 99.71
 195.00	 193.27	 6.9420	33.9365	26.5914	 2.20	 95.92	0.041	  128.03	 99.71
 196.00	 194.26	 6.9233	33.9363	26.5937	 2.19	 95.19	0.041	  128.08	 99.71
 197.00	 195.25	 6.8952	33.9367	26.5979	 2.17	 94.49	0.042	  128.00	 99.71
 198.00	 196.24	 6.8853	33.9370	26.5995	 2.16	 93.87	0.042	  128.07	 99.71
 199.00	 197.23	 6.8772	33.9388	26.6020	 2.14	 93.28	0.041	  128.04	 99.71
 200.00	 198.22	 6.8709	33.9389	26.6029	 2.13	 92.62	0.041	  128.07	 99.72
 201.00	 199.21	 6.8652	33.9390	26.6038	 2.11	 92.00	0.041	  127.98	 99.73
 202.00	 200.20	 6.8400	33.9408	26.6086	 2.11	 91.71	0.041	  128.05	 99.73
 203.00	 201.19	 6.8293	33.9408	26.6101	 2.10	 91.53	0.041	  128.06	 99.73
 204.00	 202.18	 6.8136	33.9414	26.6127	 2.10	 91.42	0.041	  128.08	 99.73
 205.00	 203.17	 6.8016	33.9427	26.6153	 2.10	 91.35	0.041	  127.98	 99.73
 206.00	 204.16	 6.7897	33.9456	26.6192	 2.10	 91.20	0.041	  128.03	 99.73
 207.00	 205.15	 6.7886	33.9457	26.6195	 2.09	 90.94	0.041	  128.01	 99.73
 208.00	 206.14	 6.7817	33.9461	26.6207	 2.08	 90.58	0.042	  128.00	 99.73
 209.00	 207.13	 6.7690	33.9492	26.6249	 2.07	 90.08	0.041	  128.06	 99.73
 210.00	 208.13	 6.7593	33.9510	26.6276	 2.06	 89.53	0.042	  128.02	 99.73
 211.00	 209.12	 6.7605	33.9546	26.6303	 2.04	 88.93	0.041	  128.02	 99.73
 212.00	 210.11	 6.7653	33.9598	26.6338	 2.03	 88.34	0.042	  128.06	 99.73
 213.00	 211.10	 6.7660	33.9621	26.6355	 2.02	 88.02	0.042	  128.00	 99.75
 214.00	 212.09	 6.7665	33.9627	26.6359	 2.02	 87.87	0.042	  128.00	 99.74
 215.00	 213.08	 6.7602	33.9627	26.6367	 2.01	 87.57	0.041	  128.04	 71.89
 216.00	 214.07	 6.7302	33.9620	26.6403	 2.00	 87.01	0.041	  128.02	 99.45
 217.00	 215.06	 6.7110	33.9629	26.6435	 1.98	 86.32	0.042	  128.00	 99.75
 218.00	 216.05	 6.6686	33.9641	26.6501	 1.97	 85.70	0.042	  128.00	 99.75
 219.00	 217.04	 6.6458	33.9656	26.6544	 1.96	 85.13	0.041	  128.06	 99.76
 220.00	 218.03	 6.6445	33.9668	26.6555	 1.95	 84.76	0.041	  128.08	 99.76
 221.00	 219.02	 6.6462	33.9676	26.6559	 1.94	 84.46	0.041	  128.04	 99.76
 222.00	 220.01	 6.6474	33.9687	26.6566	 1.94	 84.20	0.041	  128.05	 99.76
 223.00	 221.00	 6.6482	33.9694	26.6570	 1.93	 84.11	0.041	  127.99	 99.76
 224.00	 221.99	 6.6474	33.9700	26.6577	 1.93	 84.00	0.041	  128.02	 99.76
 225.00	 222.98	 6.6471	33.9706	26.6582	 1.93	 83.82	0.041	  128.05	 99.76
 226.00	 223.97	 6.6466	33.9709	26.6585	 1.92	 83.72	0.041	  127.94	 99.77
 227.00	 224.96	 6.6460	33.9715	26.6591	 1.92	 83.51	0.041	  127.99	 99.77
 228.00	 225.95	 6.6435	33.9720	26.6598	 1.91	 83.16	0.041	  128.06	 99.77
 229.00	 226.95	 6.6391	33.9725	26.6608	 1.91	 83.01	0.041	  128.00	 99.77
 230.00	 227.94	 6.6246	33.9723	26.6626	 1.90	 82.83	0.041	  128.05	 99.77
 231.00	 228.93	 6.6008	33.9692	26.6633	 1.90	 82.61	0.041	  128.06	 99.77
 232.00	 229.92	 6.5637	33.9702	26.6689	 1.90	 82.58	0.042	  127.99	 99.77
 233.00	 230.91	 6.5587	33.9722	26.6712	 1.89	 82.38	0.042	  127.97	 99.77
 234.00	 231.90	 6.5583	33.9732	26.6720	 1.89	 82.03	0.041	  127.99	 99.77
 235.00	 232.89	 6.5584	33.9740	26.6727	 1.88	 81.69	0.041	  127.95	 99.78
 236.00	 233.88	 6.5552	33.9751	26.6740	 1.86	 81.07	0.041	  127.97	 99.78
 237.00	 234.87	 6.5443	33.9774	26.6773	 1.85	 80.38	0.041	  128.03	 99.78
 238.00	 235.86	 6.5268	33.9797	26.6814	 1.83	 79.80	0.041	  128.02	 99.78
 239.00	 236.85	 6.5132	33.9822	26.6852	 1.82	 79.38	0.041	  127.99	 99.78
 240.00	 237.84	 6.5101	33.9828	26.6860	 1.82	 79.01	0.041	  128.00	 99.78
 241.00	 238.83	 6.5062	33.9832	26.6869	 1.81	 78.79	0.042	  128.01	 99.78
 242.00	 239.82	 6.5036	33.9835	26.6875	 1.81	 78.55	0.042	  127.96	 99.78
 243.00	 240.81	 6.4980	33.9834	26.6882	 1.80	 78.24	0.041	  128.00	 99.78
 244.00	 241.80	 6.4948	33.9834	26.6886	 1.80	 78.23	0.041	  127.98	 99.78
 245.00	 242.79	 6.4950	33.9836	26.6887	 1.79	 77.96	0.041	  128.02	 99.79
 246.00	 243.78	 6.4927	33.9835	26.6890	 1.79	 77.80	0.041	  128.01	 65.50
 247.00	 244.77	 6.4859	33.9844	26.6906	 1.78	 77.63	0.042	  127.96	 99.67
 248.00	 245.76	 6.4762	33.9851	26.6924	 1.78	 77.37	0.042	  127.96	 99.78
 249.00	 246.75	 6.4642	33.9868	26.6953	 1.77	 77.08	0.041	  127.94	 99.78
 250.00	 247.74	 6.4614	33.9872	26.6960	 1.77	 76.97	0.041	  127.99	 99.79
 251.00	 248.73	 6.4458	33.9862	26.6973	 1.77	 76.91	0.041	  127.95	 99.79
 252.00	 249.72	 6.4271	33.9850	26.6988	 1.76	 76.61	0.042	  128.00	 99.79
 253.00	 250.72	 6.3991	33.9812	26.6994	 1.75	 76.27	0.042	  127.96	 99.80
 254.00	 251.71	 6.3781	33.9788	26.7002	 1.74	 75.65	0.041	  127.98	 99.79
 255.00	 252.70	 6.3538	33.9766	26.7017	 1.73	 75.06	0.041	  127.94	 99.80
 256.00	 253.69	 6.3222	33.9756	26.7050	 1.72	 74.79	0.041	  127.92	 99.80
 257.00	 254.68	 6.3074	33.9772	26.7081	 1.72	 74.63	0.041	  127.99	 99.80
 258.00	 255.67	 6.3056	33.9790	26.7098	 1.72	 74.61	0.042	  127.98	 99.80
 259.00	 256.66	 6.3063	33.9799	26.7104	 1.72	 74.68	0.041	  127.98	 99.80
 260.00	 257.65	 6.3068	33.9807	26.7110	 1.72	 74.67	0.042	  127.97	 99.80
 261.00	 258.64	 6.2988	33.9810	26.7123	 1.70	 74.04	0.041	  128.00	 99.80
 262.00	 259.63	 6.2663	33.9808	26.7163	 1.69	 73.43	0.041	  127.94	 99.80
 263.00	 260.62	 6.2431	33.9817	26.7200	 1.68	 73.04	0.041	  127.97	 99.80
 264.00	 261.61	 6.2382	33.9822	26.7211	 1.67	 72.84	0.041	  127.90	 99.80
 265.00	 262.60	 6.2365	33.9824	26.7214	 1.66	 72.37	0.041	  128.00	 99.80
 266.00	 263.59	 6.2265	33.9828	26.7230	 1.65	 71.84	0.041	  128.00	 99.80
 267.00	 264.58	 6.2196	33.9834	26.7244	 1.64	 71.47	0.041	  128.00	 99.81
 268.00	 265.57	 6.2154	33.9838	26.7253	 1.63	 71.09	0.041	  128.02	 99.81
 269.00	 266.56	 6.2087	33.9849	26.7270	 1.63	 70.78	0.041	  127.94	 99.81
 270.00	 267.55	 6.1994	33.9860	26.7291	 1.62	 70.53	0.041	  127.97	 99.82
 271.00	 268.54	 6.1828	33.9867	26.7317	 1.62	 70.31	0.041	  127.95	 99.82
 272.00	 269.53	 6.1738	33.9881	26.7340	 1.61	 69.96	0.041	  127.96	 77.90
 273.00	 270.52	 6.1711	33.9879	26.7342	 1.60	 69.66	0.041	  127.97	 99.56
 274.00	 271.51	 6.1633	33.9883	26.7355	 1.59	 69.36	0.041	  127.94	 99.83
 275.00	 272.50	 6.1578	33.9888	26.7366	 1.59	 69.23	0.041	  127.93	 99.83
 276.00	 273.49	 6.1547	33.9891	26.7373	 1.59	 69.09	0.042	  127.97	 99.83
 277.00	 274.48	 6.1470	33.9893	26.7384	 1.58	 68.86	0.041	  127.94	 99.83
 278.00	 275.47	 6.1374	33.9901	26.7403	 1.58	 68.74	0.041	  127.92	 99.83
 279.00	 276.46	 6.1323	33.9906	26.7413	 1.58	 68.84	0.041	  127.94	 99.83
 280.00	 277.45	 6.1285	33.9908	26.7420	 1.58	 68.76	0.041	  127.90	 99.83
 281.00	 278.44	 6.1257	33.9912	26.7426	 1.58	 68.90	0.041	  127.97	 99.83
 282.00	 279.43	 6.1237	33.9914	26.7430	 1.59	 68.95	0.041	  127.96	 99.83
 283.00	 280.42	 6.1177	33.9919	26.7442	 1.59	 69.05	0.041	  127.92	 90.07
 284.00	 281.41	 6.1101	33.9923	26.7456	 1.59	 69.19	0.041	  127.92	 87.75
 285.00	 282.40	 6.1054	33.9930	26.7467	 1.59	 69.07	0.041	  127.91	100.01
 286.00	 283.39	 6.0982	33.9934	26.7479	 1.58	 68.73	0.041	  127.90	 99.83
 287.00	 284.38	 6.0824	33.9942	26.7506	 1.57	 68.39	0.041	  127.92	 99.83
 288.00	 285.38	 6.0703	33.9954	26.7531	 1.56	 68.00	0.041	  127.94	 99.83
 289.00	 286.37	 6.0660	33.9954	26.7536	 1.56	 67.71	0.041	  127.97	 99.83
 290.00	 287.36	 6.0615	33.9958	26.7545	 1.55	 67.55	0.041	  127.94	 99.83
 291.00	 288.35	 6.0561	33.9964	26.7557	 1.55	 67.39	0.042	  127.88	 99.83
 292.00	 289.34	 6.0534	33.9966	26.7562	 1.54	 67.19	0.041	  127.92	 99.83
 293.00	 290.33	 6.0505	33.9969	26.7568	 1.54	 67.11	0.041	  127.96	 99.83
 294.00	 291.32	 6.0474	33.9971	26.7574	 1.54	 67.02	0.041	  127.88	 99.83
 295.00	 292.31	 6.0458	33.9974	26.7578	 1.54	 66.86	0.041	  127.91	 99.83
 296.00	 293.30	 6.0434	33.9975	26.7582	 1.53	 66.69	0.041	  127.91	 99.83
 297.00	 294.29	 6.0411	33.9978	26.7587	 1.53	 66.61	0.042	  127.91	 99.83
 298.00	 295.28	 6.0398	33.9979	26.7590	 1.53	 66.54	0.041	  127.89	 99.83
 299.00	 296.27	 6.0371	33.9979	26.7593	 1.52	 66.24	0.041	  127.87	 99.83
 300.00	 297.26	 6.0263	33.9982	26.7609	 1.52	 66.04	0.042	  127.94	 99.83
 301.00	 298.25	 6.0096	33.9994	26.7640	 1.51	 65.88	0.042	  127.96	 99.84
 302.00	 299.24	 6.0035	34.0003	26.7655	 1.51	 65.57	0.041	  127.90	 99.84
 303.00	 300.23	 6.0005	34.0007	26.7662	 1.50	 65.26	0.041	  127.92	 99.84
 304.00	 301.22	 5.9954	34.0014	26.7674	 1.49	 64.92	0.042	  127.86	 99.84
 305.00	 302.21	 5.9888	34.0023	26.7689	 1.49	 64.63	0.041	  127.88	 99.84
 306.00	 303.20	 5.9825	34.0028	26.7701	 1.48	 64.38	0.041	  127.86	 99.84
 307.00	 304.19	 5.9770	34.0033	26.7712	 1.47	 64.02	0.041	  127.89	 99.84
 308.00	 305.18	 5.9658	34.0050	26.7740	 1.46	 63.59	0.041	  127.89	 99.85
 309.00	 306.17	 5.9619	34.0060	26.7753	 1.46	 63.34	0.042	  127.93	 99.85
 310.00	 307.16	 5.9608	34.0061	26.7755	 1.45	 62.94	0.041	  127.88	 99.85
 311.00	 308.15	 5.9570	34.0066	26.7764	 1.44	 62.81	0.041	  127.86	 99.85
 312.00	 309.14	 5.9515	34.0077	26.7780	 1.44	 62.74	0.041	  127.92	 99.85
 313.00	 310.13	 5.9444	34.0077	26.7788	 1.44	 62.43	0.041	  127.84	 99.85
 314.00	 311.12	 5.9338	34.0076	26.7801	 1.43	 62.29	0.041	  127.90	 99.85
 315.00	 312.11	 5.9243	34.0079	26.7815	 1.43	 62.02	0.041	  127.85	 99.85
 316.00	 313.10	 5.9097	34.0090	26.7842	 1.42	 61.78	0.041	  127.88	 99.85
 317.00	 314.09	 5.9073	34.0093	26.7847	 1.42	 61.65	0.042	  127.88	 99.85
 318.00	 315.08	 5.9066	34.0093	26.7849	 1.41	 61.41	0.042	  127.82	 99.85
 319.00	 316.07	 5.9050	34.0095	26.7852	 1.41	 61.16	0.042	  127.82	 99.85
 320.00	 317.06	 5.9008	34.0103	26.7864	 1.40	 61.00	0.041	  127.94	 99.85
 321.00	 318.05	 5.8950	34.0115	26.7881	 1.40	 60.75	0.041	  127.82	 99.85
 322.00	 319.04	 5.8926	34.0124	26.7891	 1.39	 60.31	0.041	  127.82	 99.85
 323.00	 320.03	 5.8907	34.0138	26.7904	 1.38	 60.01	0.041	  127.82	 99.85
 324.00	 321.02	 5.8898	34.0143	26.7909	 1.37	 59.76	0.041	  127.78	 99.86
 325.00	 322.01	 5.8832	34.0150	26.7924	 1.37	 59.62	0.041	  127.95	 99.86
 326.00	 323.00	 5.8765	34.0154	26.7935	 1.37	 59.47	0.041	  127.76	 99.86
 327.00	 323.99	 5.8689	34.0161	26.7950	 1.36	 59.31	0.041	  127.85	 99.85
 328.00	 324.98	 5.8673	34.0163	26.7953	 1.36	 59.17	0.041	  127.76	 99.86
 329.00	 325.97	 5.8664	34.0162	26.7954	 1.36	 59.03	0.041	  127.81	 99.86
 330.00	 326.96	 5.8659	34.0162	26.7955	 1.36	 58.94	0.041	  127.82	 99.85
 331.00	 327.95	 5.8635	34.0162	26.7957	 1.35	 58.73	0.041	  127.77	 99.86
 332.00	 328.94	 5.8572	34.0168	26.7971	 1.34	 58.48	0.041	  127.80	 99.86
 333.00	 329.93	 5.8488	34.0183	26.7993	 1.34	 58.19	0.042	  127.75	 99.87
 334.00	 330.92	 5.8364	34.0201	26.8022	 1.33	 57.80	0.041	  127.82	 99.87
 335.00	 331.91	 5.8250	34.0210	26.8044	 1.32	 57.46	0.041	  127.80	 99.87
 336.00	 332.90	 5.8191	34.0216	26.8056	 1.32	 57.35	0.042	  127.75	 99.88
 337.00	 333.89	 5.8171	34.0219	26.8061	 1.32	 57.22	0.042	  127.82	 99.87
 338.00	 334.88	 5.8173	34.0219	26.8061	 1.31	 57.15	0.041	  127.76	 99.87
 339.00	 335.87	 5.8172	34.0219	26.8061	 1.31	 57.04	0.041	  127.76	 99.88
 340.00	 336.86	 5.8162	34.0220	26.8063	 1.31	 56.82	0.041	  127.78	 99.88
 341.00	 337.85	 5.8104	34.0224	26.8073	 1.30	 56.58	0.042	  127.76	 99.88
 342.00	 338.84	 5.7943	34.0232	26.8100	 1.29	 56.32	0.041	  127.76	 99.88
 343.00	 339.83	 5.7741	34.0244	26.8134	 1.29	 56.08	0.041	  127.82	 99.88
 344.00	 340.82	 5.7632	34.0245	26.8148	 1.29	 55.92	0.042	  127.72	 99.88
 345.00	 341.81	 5.7520	34.0244	26.8161	 1.28	 55.72	0.041	  127.78	 99.88
 346.00	 342.80	 5.7491	34.0245	26.8166	 1.28	 55.60	0.041	  127.80	 99.88
 347.00	 343.79	 5.7464	34.0246	26.8170	 1.28	 55.59	0.041	  127.72	 99.88
 348.00	 344.78	 5.7424	34.0247	26.8175	 1.27	 55.43	0.041	  127.75	 99.88
 349.00	 345.77	 5.7385	34.0248	26.8181	 1.27	 55.32	0.041	  127.75	 99.88
 350.00	 346.76	 5.7280	34.0248	26.8194	 1.27	 55.20	0.041	  127.73	 99.88
 351.00	 347.75	 5.7176	34.0249	26.8208	 1.27	 55.12	0.041	  127.71	 99.88
 352.00	 348.74	 5.7033	34.0260	26.8234	 1.26	 54.98	0.041	  127.76	 99.88
 353.00	 349.73	 5.6847	34.0274	26.8268	 1.26	 54.91	0.041	  127.74	 99.88
 354.00	 350.72	 5.6802	34.0277	26.8275	 1.26	 54.79	0.041	  127.75	 99.88
 355.00	 351.71	 5.6670	34.0270	26.8286	 1.26	 54.65	0.041	  127.73	 99.88
 356.00	 352.70	 5.6539	34.0271	26.8303	 1.25	 54.52	0.041	  127.72	 99.88
 357.00	 353.69	 5.6498	34.0277	26.8313	 1.25	 54.39	0.041	  127.73	 99.88
 358.00	 354.68	 5.6448	34.0288	26.8328	 1.25	 54.18	0.041	  127.75	 99.88
 359.00	 355.67	 5.6381	34.0304	26.8349	 1.24	 53.84	0.041	  127.77	 99.88
 360.00	 356.66	 5.6211	34.0315	26.8378	 1.23	 53.46	0.041	  127.71	 99.88
 361.00	 357.65	 5.6114	34.0329	26.8401	 1.22	 53.08	0.041	  127.75	 99.88
 362.00	 358.64	 5.6086	34.0335	26.8409	 1.22	 52.94	0.041	  127.72	 99.88
 363.00	 359.63	 5.6071	34.0340	26.8415	 1.21	 52.75	0.041	  127.71	 99.88
 364.00	 360.62	 5.6051	34.0348	26.8424	 1.21	 52.48	0.041	  127.73	 99.88
 365.00	 361.61	 5.6050	34.0350	26.8426	 1.20	 52.31	0.041	  127.68	 99.89
 366.00	 362.60	 5.6052	34.0354	26.8428	 1.20	 52.05	0.041	  127.74	 99.89
 367.00	 363.59	 5.6035	34.0361	26.8437	 1.19	 51.86	0.041	  127.70	 99.89
 368.00	 364.58	 5.6022	34.0368	26.8443	 1.19	 51.78	0.041	  127.72	 99.89
 369.00	 365.57	 5.6017	34.0369	26.8445	 1.19	 51.61	0.041	  127.70	 99.89
 370.00	 366.56	 5.6015	34.0374	26.8449	 1.18	 51.46	0.041	  127.73	 99.90
 371.00	 367.54	 5.6017	34.0383	26.8457	 1.18	 51.35	0.041	  127.71	 99.90
 372.00	 368.53	 5.6019	34.0382	26.8456	 1.18	 51.18	0.041	  127.71	 99.90
 373.00	 369.52	 5.6025	34.0387	26.8459	 1.18	 51.15	0.041	  127.68	 99.90
 374.00	 370.51	 5.6029	34.0388	26.8459	 1.17	 51.08	0.041	  127.74	 99.89
 375.00	 371.50	 5.6039	34.0390	26.8460	 1.17	 50.95	0.041	  127.66	 99.90
 376.00	 372.49	 5.6057	34.0393	26.8460	 1.17	 50.87	0.041	  127.74	 99.90
 377.00	 373.48	 5.6061	34.0395	26.8461	 1.17	 50.83	0.041	  127.68	 99.90
 378.00	 374.47	 5.6064	34.0393	26.8460	 1.17	 50.78	0.041	  127.64	 99.90
 379.00	 375.46	 5.6068	34.0398	26.8463	 1.17	 50.68	0.040	  127.74	 99.90
 380.00	 376.45	 5.6049	34.0402	26.8468	 1.16	 50.58	0.041	  127.68	 99.90
 381.00	 377.44	 5.6017	34.0407	26.8476	 1.16	 50.56	0.041	  127.71	 99.90
 382.00	 378.43	 5.6014	34.0407	26.8477	 1.16	 50.52	0.041	  127.69	 99.90
 383.00	 379.42	 5.5997	34.0407	26.8479	 1.16	 50.43	0.041	  127.68	 99.90
 384.00	 380.41	 5.5989	34.0407	26.8480	 1.16	 50.42	0.041	  127.70	 99.90
 385.00	 381.40	 5.5963	34.0408	26.8484	 1.15	 50.23	0.041	  127.64	 99.90
 386.00	 382.39	 5.5968	34.0416	26.8490	 1.15	 50.08	0.042	  127.74	 99.90
 387.00	 383.38	 5.6000	34.0432	26.8498	 1.15	 49.99	0.041	  127.68	 99.90
 388.00	 384.37	 5.5902	34.0433	26.8511	 1.14	 49.74	0.041	  127.62	 99.90
 389.00	 385.36	 5.5845	34.0437	26.8522	 1.14	 49.58	0.041	  127.64	 99.90
 390.00	 386.35	 5.5831	34.0443	26.8528	 1.14	 49.51	0.041	  127.65	 99.90
 391.00	 387.34	 5.5828	34.0444	26.8529	 1.14	 49.41	0.040	  127.65	 99.90
 392.00	 388.33	 5.5815	34.0444	26.8531	 1.14	 49.40	0.041	  127.62	 99.90
 393.00	 389.32	 5.5744	34.0440	26.8536	 1.13	 49.34	0.041	  127.58	 99.90
 394.00	 390.31	 5.5697	34.0443	26.8545	 1.13	 49.23	0.041	  127.60	 99.90
 395.00	 391.30	 5.5678	34.0445	26.8549	 1.13	 49.24	0.041	  127.60	 99.90
 396.00	 392.29	 5.5652	34.0445	26.8552	 1.13	 49.09	0.041	  127.64	 99.90
 397.00	 393.28	 5.5617	34.0448	26.8559	 1.13	 49.12	0.041	  127.66	 99.90
 398.00	 394.27	 5.5616	34.0449	26.8560	 1.13	 49.08	0.041	  127.61	 99.90
 399.00	 395.26	 5.5615	34.0449	26.8560	 1.13	 49.00	0.041	  127.66	 99.90
 400.00	 396.25	 5.5613	34.0451	26.8562	 1.13	 48.98	0.041	  127.62	 99.90
 401.00	 397.24	 5.5608	34.0453	26.8564	 1.12	 48.88	0.041	  127.58	 99.90
 402.00	 398.23	 5.5555	34.0459	26.8576	 1.12	 48.81	0.042	  127.53	 99.90
 403.00	 399.22	 5.5530	34.0463	26.8581	 1.12	 48.79	0.041	  127.58	 99.90
 404.00	 400.21	 5.5518	34.0465	26.8585	 1.12	 48.63	0.041	  127.61	 99.90
 405.00	 401.20	 5.5511	34.0467	26.8588	 1.12	 48.55	0.041	  127.64	 99.90
 406.00	 402.19	 5.5509	34.0467	26.8588	 1.11	 48.49	0.041	  127.55	 99.90
 407.00	 403.17	 5.5495	34.0471	26.8592	 1.11	 48.28	0.041	  127.55	 99.90
 408.00	 404.16	 5.5435	34.0484	26.8610	 1.11	 48.09	0.041	  127.58	 99.90
 409.00	 405.15	 5.5406	34.0486	26.8615	 1.10	 47.94	0.042	  127.59	 99.90
 410.00	 406.14	 5.5373	34.0489	26.8621	 1.10	 47.91	0.041	  127.57	 99.91
 411.00	 407.13	 5.5355	34.0489	26.8624	 1.10	 47.81	0.041	  127.55	 99.90
 412.00	 408.12	 5.5319	34.0491	26.8630	 1.10	 47.65	0.041	  127.58	 99.90
 413.00	 409.11	 5.5280	34.0496	26.8639	 1.09	 47.59	0.041	  127.52	 99.91
 414.00	 410.10	 5.5262	34.0499	26.8643	 1.09	 47.49	0.041	  127.57	 99.91
 415.00	 411.09	 5.5228	34.0501	26.8649	 1.09	 47.41	0.041	  127.56	 99.90
 416.00	 412.08	 5.5202	34.0505	26.8655	 1.09	 47.48	0.041	  127.51	 99.91
 417.00	 413.07	 5.5200	34.0506	26.8657	 1.09	 47.30	0.041	  127.53	 99.90
 418.00	 414.06	 5.5187	34.0507	26.8659	 1.09	 47.32	0.041	  127.61	 99.91
 419.00	 415.05	 5.5174	34.0509	26.8662	 1.09	 47.28	0.041	  127.59	 99.91
 420.00	 416.04	 5.5161	34.0511	26.8665	 1.09	 47.23	0.041	  127.52	 99.91
 421.00	 417.03	 5.5158	34.0511	26.8666	 1.08	 47.17	0.041	  127.55	 99.90
 422.00	 418.02	 5.5150	34.0503	26.8660	 1.09	 47.19	0.041	  127.48	 99.91
 423.00	 419.01	 5.5142	34.0495	26.8655	 1.08	 47.16	0.041	  127.54	 99.91
 424.00	 420.00	 5.5130	34.0515	26.8673	 1.08	 47.16	0.041	  127.51	 99.91
 425.00	 420.99	 5.5115	34.0515	26.8675	 1.08	 46.99	0.041	  127.49	 99.91
 426.00	 421.98	 5.5076	34.0516	26.8680	 1.08	 46.87	0.041	  127.52	 99.91
 427.00	 422.97	 5.4990	34.0524	26.8697	 1.08	 46.77	0.041	  127.59	 99.91
 428.00	 423.96	 5.4911	34.0542	26.8721	 1.07	 46.57	0.040	  127.49	 99.91
 429.00	 424.95	 5.4900	34.0544	26.8724	 1.06	 46.29	0.041	  127.50	 99.91
 430.00	 425.93	 5.4889	34.0557	26.8735	 1.06	 45.89	0.041	  127.47	 99.91
 431.00	 426.92	 5.4857	34.0572	26.8751	 1.05	 45.49	0.041	  127.51	 99.92
 432.00	 427.91	 5.4822	34.0574	26.8757	 1.04	 45.34	0.041	  127.47	 99.92
 433.00	 428.90	 5.4798	34.0579	26.8764	 1.04	 45.13	0.041	  127.52	 99.92
 434.00	 429.89	 5.4780	34.0581	26.8768	 1.03	 44.99	0.041	  127.45	 99.92
 435.00	 430.88	 5.4667	34.0591	26.8790	 1.03	 44.81	0.041	  127.49	 99.92
 436.00	 431.87	 5.4627	34.0595	26.8797	 1.03	 44.66	0.041	  127.51	 99.92
 437.00	 432.86	 5.4591	34.0594	26.8801	 1.03	 44.59	0.040	  127.50	 99.92
 438.00	 433.85	 5.4517	34.0598	26.8813	 1.02	 44.48	0.041	  127.43	 99.93
 439.00	 434.84	 5.4414	34.0603	26.8830	 1.02	 44.29	0.041	  127.45	 99.93
 440.00	 435.83	 5.4362	34.0632	26.8858	 1.01	 43.81	0.041	  127.44	 99.93
 441.00	 436.82	 5.4323	34.0646	26.8874	 1.00	 43.43	0.041	  127.50	 99.93
 442.00	 437.81	 5.4285	34.0648	26.8881	 0.99	 43.17	0.041	  127.47	 99.93
 443.00	 438.80	 5.4191	34.0665	26.8905	 0.99	 43.00	0.040	  127.49	 99.93
 444.00	 439.79	 5.4137	34.0673	26.8918	 0.98	 42.78	0.041	  127.48	 99.93
 445.00	 440.78	 5.4070	34.0682	26.8933	 0.98	 42.63	0.041	  127.52	 99.93
 446.00	 441.77	 5.4033	34.0687	26.8942	 0.98	 42.43	0.041	  127.46	 99.93
 447.00	 442.76	 5.4023	34.0688	26.8944	 0.97	 42.20	0.041	  127.53	 99.93
 448.00	 443.75	 5.3970	34.0689	26.8951	 0.97	 42.04	0.041	  127.45	 99.93
 449.00	 444.73	 5.3862	34.0706	26.8977	 0.96	 41.96	0.040	  127.50	 99.93
 450.00	 445.72	 5.3828	34.0710	26.8984	 0.96	 41.78	0.040	  127.47	 99.93
 451.00	 446.71	 5.3799	34.0712	26.8990	 0.96	 41.72	0.041	  127.47	 99.93
 452.00	 447.70	 5.3775	34.0715	26.8995	 0.96	 41.64	0.041	  127.47	 99.93
 453.00	 448.69	 5.3761	34.0715	26.8997	 0.95	 41.46	0.041	  127.52	 99.93
 454.00	 449.68	 5.3754	34.0717	26.8999	 0.95	 41.38	0.041	  127.48	 99.93
 455.00	 450.67	 5.3708	34.0722	26.9008	 0.95	 41.26	0.041	  127.41	 99.93
 456.00	 451.66	 5.3655	34.0727	26.9019	 0.95	 41.18	0.041	  127.45	 99.93
 457.00	 452.65	 5.3631	34.0730	26.9024	 0.95	 41.15	0.041	  127.46	 99.93
 458.00	 453.64	 5.3628	34.0731	26.9025	 0.94	 41.03	0.041	  127.46	 99.93
 459.00	 454.63	 5.3612	34.0732	26.9028	 0.94	 40.98	0.041	  127.43	 99.93
 460.00	 455.62	 5.3570	34.0738	26.9038	 0.94	 40.87	0.041	  127.45	 99.93
 461.00	 456.61	 5.3537	34.0742	26.9045	 0.93	 40.65	0.042	  127.46	 99.93
 462.00	 457.60	 5.3482	34.0747	26.9056	 0.93	 40.59	0.042	  127.50	 99.93
 463.00	 458.59	 5.3443	34.0755	26.9066	 0.93	 40.51	0.041	  127.46	 99.93
 464.00	 459.58	 5.3393	34.0759	26.9076	 0.93	 40.31	0.041	  127.46	 99.93
 465.00	 460.57	 5.3333	34.0766	26.9089	 0.92	 40.20	0.041	  127.46	 99.93
 466.00	 461.55	 5.3331	34.0769	26.9091	 0.92	 40.05	0.042	  127.46	 99.93
 467.00	 462.54	 5.3335	34.0768	26.9090	 0.92	 40.05	0.040	  127.46	 99.93
 468.00	 463.53	 5.3329	34.0770	26.9092	 0.92	 40.06	0.041	  127.40	 99.93
 469.00	 464.52	 5.3318	34.0772	26.9095	 0.92	 39.98	0.041	  127.37	 99.93
 470.00	 465.51	 5.3318	34.0772	26.9096	 0.92	 40.08	0.041	  127.46	 99.94
 471.00	 466.50	 5.3318	34.0770	26.9094	 0.92	 39.96	0.041	  127.34	 99.94
 472.00	 467.49	 5.3295	34.0776	26.9101	 0.92	 39.87	0.041	  127.32	 99.93
 473.00	 468.48	 5.3292	34.0776	26.9102	 0.92	 39.90	0.041	  127.49	 99.93
 474.00	 469.47	 5.3290	34.0777	26.9103	 0.92	 39.89	0.041	  127.36	 99.94
 475.00	 470.46	 5.3283	34.0779	26.9105	 0.91	 39.78	0.040	  127.44	 99.94
 476.00	 471.45	 5.3272	34.0781	26.9108	 0.91	 39.76	0.041	  127.39	 99.94
 477.00	 472.44	 5.3228	34.0785	26.9117	 0.91	 39.64	0.041	  127.44	 99.93
 478.00	 473.43	 5.3156	34.0795	26.9133	 0.91	 39.51	0.041	  127.34	 99.94
 479.00	 474.42	 5.3102	34.0801	26.9145	 0.91	 39.42	0.041	  127.45	 99.94
 480.00	 475.40	 5.3090	34.0800	26.9146	 0.90	 39.30	0.042	  127.40	 99.93
 481.00	 476.39	 5.3063	34.0802	26.9150	 0.90	 39.25	0.042	  127.43	 99.94
 482.00	 477.38	 5.3052	34.0803	26.9152	 0.90	 39.25	0.041	  127.42	 99.94
 483.00	 478.37	 5.3043	34.0804	26.9154	 0.90	 39.10	0.041	  127.39	 99.94
 484.00	 479.36	 5.3032	34.0805	26.9157	 0.90	 39.07	0.041	  127.45	 99.94
 485.00	 480.35	 5.2977	34.0812	26.9169	 0.90	 38.96	0.041	  127.37	 99.93
 486.00	 481.34	 5.2944	34.0816	26.9176	 0.89	 38.80	0.041	  127.38	 99.94
 487.00	 482.33	 5.2877	34.0826	26.9191	 0.89	 38.72	0.041	  127.36	 99.94
 488.00	 483.32	 5.2845	34.0830	26.9199	 0.89	 38.61	0.041	  127.39	 99.94
 489.00	 484.31	 5.2838	34.0832	26.9201	 0.88	 38.43	0.041	  127.37	 99.93
 490.00	 485.30	 5.2715	34.0844	26.9225	 0.88	 38.26	0.041	  127.38	 99.94
 491.00	 486.29	 5.2651	34.0851	26.9238	 0.88	 38.10	0.041	  127.41	 99.94
 492.00	 487.28	 5.2637	34.0852	26.9241	 0.87	 37.98	0.041	  127.40	 99.94
 493.00	 488.27	 5.2613	34.0853	26.9245	 0.87	 37.84	0.041	  127.39	 99.94
 494.00	 489.25	 5.2565	34.0864	26.9258	 0.87	 37.64	0.041	  127.37	 99.94
 495.00	 490.24	 5.2466	34.0870	26.9275	 0.86	 37.44	0.042	  127.36	 99.95
 496.00	 491.23	 5.2421	34.0877	26.9286	 0.86	 37.25	0.042	  127.45	 99.94
 497.00	 492.22	 5.2299	34.0899	26.9318	 0.85	 37.04	0.041	  127.37	 99.95
 498.00	 493.21	 5.2258	34.0909	26.9331	 0.85	 36.84	0.041	  127.45	 99.95
 499.00	 494.20	 5.2228	34.0915	26.9339	 0.84	 36.69	0.041	  127.43	 99.95
 500.00	 495.19	 5.2216	34.0917	26.9342	 0.84	 36.48	0.042	  127.36	 99.95
 501.00	 496.18	 5.2226	34.0928	26.9350	 0.84	 36.39	0.041	  127.40	 99.95
 502.00	 497.17	 5.2229	34.0933	26.9354	 0.83	 36.25	0.041	  127.36	 99.95
 503.00	 498.16	 5.2188	34.0938	26.9362	 0.83	 36.06	0.041	  127.37	 99.95
 504.00	 499.15	 5.2085	34.0954	26.9387	 0.83	 35.89	0.042	  127.50	 99.95
 505.00	 500.14	 5.1997	34.0965	26.9406	 0.82	 35.73	0.041	  127.40	 99.95
 506.00	 501.12	 5.1932	34.0978	26.9424	 0.82	 35.57	0.041	  127.36	 99.95
 507.00	 502.11	 5.1911	34.0981	26.9429	 0.81	 35.40	0.040	  127.35	 99.95
 508.00	 503.10	 5.1895	34.0983	26.9432	 0.81	 35.30	0.041	  127.36	 99.95
 509.00	 504.09	 5.1884	34.0983	26.9433	 0.81	 35.15	0.041	  127.36	 99.95
 510.00	 505.08	 5.1875	34.0984	26.9435	 0.81	 35.11	0.040	  127.41	 99.95
 511.00	 506.07	 5.1867	34.0983	26.9436	 0.81	 35.05	0.040	  127.36	 99.95
 512.00	 507.06	 5.1842	34.0987	26.9442	 0.80	 35.00	0.041	  127.41	 99.95
 513.00	 508.05	 5.1835	34.0987	26.9443	 0.80	 34.98	0.040	  127.39	 99.95
 514.00	 509.04	 5.1825	34.0987	26.9445	 0.80	 34.96	0.041	  127.33	 99.95
 515.00	 510.03	 5.1820	34.0987	26.9445	 0.80	 34.96	0.041	  127.32	 99.95
 516.00	 511.02	 5.1818	34.0988	26.9446	 0.80	 34.96	0.041	  127.29	 99.95
 517.00	 512.01	 5.1801	34.0989	26.9448	 0.80	 34.89	0.041	  127.33	 99.95
 518.00	 512.99	 5.1763	34.0993	26.9456	 0.80	 34.78	0.041	  127.32	 99.95
 519.00	 513.98	 5.1732	34.0995	26.9462	 0.80	 34.75	0.041	  127.36	 99.95
 520.00	 514.97	 5.1704	34.0999	26.9468	 0.80	 34.64	0.041	  127.33	 99.95
 521.00	 515.96	 5.1603	34.1008	26.9487	 0.79	 34.43	0.041	  127.34	 99.95
 522.00	 516.95	 5.1514	34.1013	26.9501	 0.79	 34.28	0.042	  127.30	 99.95
 523.00	 517.94	 5.1465	34.1015	26.9508	 0.79	 34.16	0.041	  127.33	 99.95
 524.00	 518.93	 5.1420	34.1019	26.9517	 0.78	 34.05	0.040	  127.29	 99.95
 525.00	 519.92	 5.1413	34.1023	26.9521	 0.78	 34.05	0.040	  127.28	 99.95
 526.00	 520.91	 5.1414	34.1024	26.9522	 0.78	 33.96	0.040	  127.37	 99.95
 527.00	 521.90	 5.1407	34.1027	26.9525	 0.78	 33.95	0.040	  127.26	 99.95
 528.00	 522.89	 5.1404	34.1029	26.9527	 0.78	 33.93	0.040	  127.32	 99.95
 529.00	 523.87	 5.1381	34.1034	26.9534	 0.78	 33.75	0.040	  127.32	 99.95
 530.00	 524.86	 5.1354	34.1038	26.9540	 0.77	 33.66	0.041	  127.36	 99.95
 531.00	 525.85	 5.1318	34.1045	26.9550	 0.77	 33.59	0.041	  127.28	 99.96
 532.00	 526.84	 5.1281	34.1047	26.9556	 0.77	 33.43	0.040	  127.34	 99.95
 533.00	 527.83	 5.1196	34.1060	26.9576	 0.76	 33.22	0.040	  127.26	 99.95
 534.00	 528.82	 5.1145	34.1077	26.9595	 0.76	 33.14	0.040	  127.30	 99.95
 535.00	 529.81	 5.1144	34.1081	26.9599	 0.76	 32.99	0.040	  127.35	 99.95
 536.00	 530.80	 5.1143	34.1084	26.9602	 0.76	 32.88	0.040	  127.25	 99.96
 537.00	 531.79	 5.1141	34.1088	26.9605	 0.76	 32.90	0.040	  127.20	 99.96
 538.00	 532.78	 5.1137	34.1093	26.9610	 0.75	 32.82	0.040	  127.27	 99.95
 539.00	 533.76	 5.1137	34.1095	26.9611	 0.75	 32.74	0.041	  127.28	 99.96
 540.00	 534.75	 5.1132	34.1101	26.9617	 0.75	 32.70	0.040	  127.28	 99.96
 541.00	 535.74	 5.1131	34.1102	26.9618	 0.75	 32.55	0.040	  127.32	 99.96
 542.00	 536.73	 5.1127	34.1107	26.9622	 0.75	 32.57	0.042	  127.25	 99.96
 543.00	 537.72	 5.1119	34.1109	26.9625	 0.75	 32.56	0.042	  127.27	 99.95
 544.00	 538.71	 5.1114	34.1111	26.9627	 0.75	 32.52	0.041	  127.24	 99.96
 545.00	 539.70	 5.1102	34.1114	26.9631	 0.75	 32.48	0.041	  127.27	 99.96
 546.00	 540.69	 5.1092	34.1116	26.9634	 0.75	 32.44	0.041	  127.26	 99.96
 547.00	 541.68	 5.1080	34.1117	26.9636	 0.74	 32.28	0.041	  127.26	 99.96
 548.00	 542.67	 5.1030	34.1125	26.9649	 0.74	 32.09	0.040	  127.28	 99.96
 549.00	 543.65	 5.0909	34.1142	26.9676	 0.73	 31.96	0.040	  127.23	 99.96
 550.00	 544.64	 5.0830	34.1154	26.9694	 0.73	 31.71	0.041	  127.31	 99.97
 551.00	 545.63	 5.0789	34.1158	26.9702	 0.73	 31.57	0.041	  127.24	 99.96
 552.00	 546.62	 5.0762	34.1163	26.9709	 0.72	 31.49	0.041	  127.21	 99.97
 553.00	 547.61	 5.0728	34.1170	26.9719	 0.72	 31.36	0.040	  127.27	 99.96
 554.00	 548.60	 5.0715	34.1175	26.9725	 0.72	 31.35	0.040	  127.26	 99.97
 555.00	 549.59	 5.0717	34.1175	26.9724	 0.72	 31.29	0.040	  127.24	 99.97
 556.00	 550.58	 5.0680	34.1179	26.9732	 0.71	 31.08	0.040	  127.22	 99.97
 557.00	 551.57	 5.0587	34.1195	26.9755	 0.71	 30.92	0.041	  127.22	 99.97
 558.00	 552.55	 5.0552	34.1199	26.9763	 0.71	 30.83	0.040	  127.28	 99.97
 559.00	 553.54	 5.0489	34.1208	26.9777	 0.70	 30.60	0.040	  127.23	 99.97
 560.00	 554.53	 5.0295	34.1243	26.9827	 0.70	 30.27	0.041	  127.26	 99.97
 561.00	 555.52	 5.0275	34.1248	26.9834	 0.69	 30.09	0.040	  127.23	 99.98
 562.00	 556.51	 5.0269	34.1248	26.9835	 0.69	 29.95	0.040	  127.23	 99.98
 563.00	 557.50	 5.0265	34.1251	26.9837	 0.69	 29.93	0.040	  127.23	 99.98
 564.00	 558.49	 5.0257	34.1252	26.9839	 0.69	 29.95	0.040	  127.23	 99.98
 565.00	 559.48	 5.0255	34.1254	26.9841	 0.69	 29.92	0.040	  127.21	 99.97
 566.00	 560.47	 5.0251	34.1255	26.9842	 0.68	 29.78	0.040	  127.23	 99.98
 567.00	 561.45	 5.0236	34.1259	26.9847	 0.68	 29.75	0.040	  127.21	 99.98
 568.00	 562.44	 5.0216	34.1260	26.9850	 0.68	 29.62	0.040	  127.20	 99.98
 569.00	 563.43	 5.0182	34.1265	26.9858	 0.68	 29.39	0.040	  127.18	 99.98
 570.00	 564.42	 5.0061	34.1289	26.9891	 0.68	 29.42	0.040	  127.25	 99.98
 571.00	 565.41	 5.0022	34.1297	26.9902	 0.67	 29.33	0.041	  127.24	 99.98
 572.00	 566.40	 4.9994	34.1297	26.9906	 0.67	 29.14	0.041	  127.19	 99.98
 573.00	 567.39	 4.9972	34.1301	26.9911	 0.67	 29.01	0.040	  127.23	 99.98
 574.00	 568.38	 4.9930	34.1307	26.9921	 0.66	 28.90	0.041	  127.23	 99.98
 575.00	 569.37	 4.9917	34.1309	26.9923	 0.66	 28.76	0.040	  127.22	 99.98
 576.00	 570.35	 4.9900	34.1312	26.9928	 0.66	 28.70	0.040	  127.26	 99.98
 577.00	 571.34	 4.9869	34.1322	26.9940	 0.66	 28.57	0.040	  127.22	 99.98
 578.00	 572.33	 4.9803	34.1342	26.9963	 0.65	 28.38	0.041	  127.19	 99.98
 579.00	 573.32	 4.9722	34.1356	26.9983	 0.65	 28.20	0.040	  127.22	 99.98
 580.00	 574.31	 4.9652	34.1369	27.0002	 0.65	 28.17	0.040	  127.21	 99.98
 581.00	 575.30	 4.9640	34.1371	27.0005	 0.64	 28.02	0.040	  127.17	 99.98
 582.00	 576.29	 4.9640	34.1371	27.0005	 0.64	 27.93	0.040	  127.21	 99.98
 583.00	 577.28	 4.9638	34.1371	27.0005	 0.64	 27.88	0.040	  127.20	 99.59
 584.00	 578.26	 4.9598	34.1379	27.0016	 0.64	 27.79	0.040	  127.21	 75.44
 585.00	 579.25	 4.9576	34.1384	27.0023	 0.64	 27.65	0.041	  127.15	100.17
 586.00	 580.24	 4.9555	34.1387	27.0028	 0.64	 27.62	0.040	  127.24	 99.98
 587.00	 581.23	 4.9528	34.1392	27.0035	 0.63	 27.52	0.041	  127.18	 99.98
 588.00	 582.22	 4.9489	34.1400	27.0046	 0.63	 27.43	0.042	  127.17	 99.98
 589.00	 583.21	 4.9444	34.1408	27.0057	 0.63	 27.29	0.042	  127.23	 99.98
 590.00	 584.20	 4.9413	34.1410	27.0062	 0.62	 27.17	0.042	  127.19	 99.98
 591.00	 585.19	 4.9283	34.1434	27.0096	 0.62	 26.88	0.041	  127.14	 99.98
 592.00	 586.17	 4.9210	34.1448	27.0116	 0.62	 26.76	0.040	  127.15	 99.98
 593.00	 587.16	 4.9184	34.1454	27.0123	 0.61	 26.69	0.040	  127.20	 99.98
 594.00	 588.15	 4.9171	34.1456	27.0126	 0.61	 26.57	0.040	  127.15	 99.98
 595.00	 589.14	 4.9144	34.1461	27.0134	 0.61	 26.42	0.040	  127.16	 99.98
 596.00	 590.13	 4.9105	34.1466	27.0142	 0.61	 26.40	0.040	  127.19	 99.98
 597.00	 591.12	 4.9054	34.1476	27.0156	 0.61	 26.35	0.040	  127.18	 99.98
 598.00	 592.11	 4.9045	34.1479	27.0159	 0.60	 26.21	0.041	  127.18	 99.98
 599.00	 593.10	 4.9022	34.1483	27.0165	 0.60	 26.20	0.041	  127.23	 99.98
 600.00	 594.08	 4.9014	34.1486	27.0168	 0.60	 26.19	0.042	  127.18	 99.98
 601.00	 595.07	 4.9005	34.1487	27.0171	 0.60	 26.11	0.041	  127.16	 99.98
 602.00	 596.06	 4.8987	34.1491	27.0175	 0.60	 25.99	0.040	  127.21	 99.98
 603.00	 597.05	 4.8932	34.1498	27.0187	 0.60	 25.93	0.041	  127.24	 99.98
 604.00	 598.04	 4.8886	34.1507	27.0200	 0.60	 25.88	0.041	  127.11	 99.98
 605.00	 599.03	 4.8863	34.1510	27.0204	 0.59	 25.72	0.041	  127.18	 99.98
 606.00	 600.02	 4.8820	34.1517	27.0215	 0.59	 25.62	0.041	  127.23	 99.98
 607.00	 601.01	 4.8687	34.1536	27.0246	 0.59	 25.50	0.040	  127.12	 99.98
 608.00	 601.99	 4.8600	34.1552	27.0268	 0.58	 25.23	0.041	  127.14	 99.98
 609.00	 602.98	 4.8556	34.1560	27.0280	 0.58	 25.19	0.042	  127.18	 99.98
 610.00	 603.97	 4.8533	34.1565	27.0286	 0.58	 25.14	0.042	  127.15	 99.98
 611.00	 604.96	 4.8524	34.1567	27.0289	 0.57	 24.95	0.041	  127.13	 99.98
 612.00	 605.95	 4.8514	34.1569	27.0291	 0.57	 24.82	0.041	  127.10	 99.99
 613.00	 606.94	 4.8446	34.1577	27.0305	 0.57	 24.77	0.041	  127.11	 99.98
 614.00	 607.93	 4.8391	34.1589	27.0321	 0.57	 24.64	0.041	  127.12	 99.99
 615.00	 608.91	 4.8373	34.1592	27.0326	 0.56	 24.53	0.041	  127.15	 99.99
 616.00	 609.90	 4.8362	34.1594	27.0328	 0.56	 24.46	0.040	  127.16	 99.99
 617.00	 610.89	 4.8353	34.1595	27.0331	 0.56	 24.42	0.040	  127.11	 99.98
 618.00	 611.88	 4.8331	34.1600	27.0337	 0.56	 24.28	0.041	  127.12	 99.99
 619.00	 612.87	 4.8308	34.1601	27.0340	 0.55	 24.08	0.041	  127.07	 99.99
 620.00	 613.86	 4.8217	34.1617	27.0363	 0.55	 24.07	0.041	  127.11	 99.99
 621.00	 614.85	 4.8164	34.1627	27.0377	 0.55	 23.91	0.041	  127.13	 99.99
 622.00	 615.84	 4.8154	34.1629	27.0380	 0.55	 23.76	0.040	  127.08	 99.99
 623.00	 616.82	 4.8089	34.1640	27.0396	 0.54	 23.68	0.040	  127.11	 99.99
 624.00	 617.81	 4.7991	34.1657	27.0420	 0.54	 23.55	0.040	  127.13	 99.99
 625.00	 618.80	 4.7952	34.1664	27.0430	 0.54	 23.46	0.041	  127.14	 99.99
 626.00	 619.79	 4.7942	34.1666	27.0434	 0.54	 23.32	0.042	  127.03	 99.99
 627.00	 620.78	 4.7914	34.1671	27.0440	 0.53	 23.23	0.041	  127.11	100.00
 628.00	 621.77	 4.7872	34.1680	27.0452	 0.53	 23.18	0.041	  127.10	 99.99
 629.00	 622.76	 4.7848	34.1684	27.0458	 0.53	 23.07	0.041	  127.08	 99.99
 630.00	 623.74	 4.7835	34.1687	27.0462	 0.53	 23.03	0.040	  127.12	100.00
 631.00	 624.73	 4.7811	34.1690	27.0467	 0.53	 23.00	0.040	  127.11	 99.99
 632.00	 625.72	 4.7739	34.1704	27.0487	 0.53	 22.85	0.041	  127.05	 99.99
 633.00	 626.71	 4.7708	34.1711	27.0495	 0.52	 22.68	0.042	  127.13	100.00
 634.00	 627.70	 4.7692	34.1714	27.0500	 0.52	 22.69	0.042	  127.06	100.00
 635.00	 628.69	 4.7684	34.1716	27.0502	 0.52	 22.70	0.042	  127.11	100.00
 636.00	 629.68	 4.7671	34.1718	27.0506	 0.52	 22.67	0.041	  127.10	100.00
 637.00	 630.66	 4.7658	34.1721	27.0509	 0.52	 22.49	0.041	  127.13	100.00
 638.00	 631.65	 4.7650	34.1723	27.0512	 0.52	 22.51	0.041	  127.05	100.00
 639.00	 632.64	 4.7638	34.1725	27.0515	 0.52	 22.50	0.041	  127.13	 99.99
 640.00	 633.63	 4.7625	34.1729	27.0520	 0.52	 22.41	0.040	  127.21	100.00
 641.00	 634.62	 4.7619	34.1730	27.0522	 0.51	 22.35	0.040	  127.16	100.00
 642.00	 635.61	 4.7608	34.1733	27.0525	 0.51	 22.36	0.040	  127.17	100.00
 643.00	 636.60	 4.7582	34.1737	27.0531	 0.51	 22.36	0.040	  127.15	100.00
 644.00	 637.58	 4.7576	34.1739	27.0534	 0.51	 22.34	0.042	  127.16	100.00
 645.00	 638.57	 4.7575	34.1740	27.0534	 0.51	 22.32	0.040	  127.20	100.00
 646.00	 639.56	 4.7567	34.1741	27.0536	 0.51	 22.30	0.040	  127.12	100.00
 647.00	 640.55	 4.7548	34.1745	27.0542	 0.51	 22.26	0.040	  127.13	100.00
 648.00	 641.54	 4.7546	34.1745	27.0542	 0.51	 22.16	0.040	  127.09	100.00
 649.00	 642.53	 4.7531	34.1749	27.0547	 0.51	 22.16	0.041	  127.12	100.00
 650.00	 643.51	 4.7523	34.1750	27.0549	 0.51	 22.15	0.041	  127.12	100.00
 651.00	 644.50	 4.7506	34.1754	27.0554	 0.51	 22.09	0.040	  127.19	100.00
 652.00	 645.49	 4.7457	34.1762	27.0566	 0.51	 21.98	0.041	  127.11	100.00
 653.00	 646.48	 4.7407	34.1773	27.0580	 0.51	 21.98	0.041	  127.14	100.00
 654.00	 647.47	 4.7384	34.1776	27.0585	 0.50	 21.89	0.041	  127.12	100.00
 655.00	 648.46	 4.7368	34.1780	27.0590	 0.50	 21.85	0.041	  127.10	100.00
 656.00	 649.45	 4.7356	34.1781	27.0593	 0.50	 21.76	0.041	  127.04	100.00
 657.00	 650.43	 4.7314	34.1788	27.0603	 0.50	 21.72	0.041	  127.06	100.00
 658.00	 651.42	 4.7282	34.1795	27.0612	 0.50	 21.66	0.040	  127.10	100.00
 659.00	 652.41	 4.7265	34.1798	27.0616	 0.50	 21.62	0.040	  127.15	100.00
 660.00	 653.40	 4.7256	34.1800	27.0619	 0.49	 21.49	0.040	  127.05	100.00
 661.00	 654.39	 4.7226	34.1804	27.0626	 0.49	 21.48	0.040	  127.08	100.00
 662.00	 655.38	 4.7177	34.1810	27.0636	 0.49	 21.44	0.040	  127.09	100.00
 663.00	 656.36	 4.7142	34.1816	27.0645	 0.49	 21.28	0.041	  127.07	100.00
 664.00	 657.35	 4.7106	34.1823	27.0654	 0.49	 21.18	0.042	  127.01	100.00
 665.00	 658.34	 4.7071	34.1829	27.0662	 0.49	 21.11	0.041	  127.06	100.00
 666.00	 659.33	 4.6974	34.1841	27.0683	 0.48	 21.04	0.041	  127.11	100.00
 667.00	 660.32	 4.6885	34.1858	27.0707	 0.48	 20.88	0.040	  127.11	100.00
 668.00	 661.31	 4.6875	34.1861	27.0710	 0.48	 20.82	0.040	  127.05	100.00
 669.00	 662.29	 4.6868	34.1863	27.0712	 0.48	 20.81	0.040	  127.07	100.00
 670.00	 663.28	 4.6862	34.1865	27.0715	 0.48	 20.81	0.041	  127.09	100.00
 671.00	 664.27	 4.6857	34.1865	27.0716	 0.48	 20.75	0.042	  127.06	100.00
 672.00	 665.26	 4.6854	34.1866	27.0717	 0.47	 20.62	0.040	  127.03	100.00
 673.00	 666.25	 4.6854	34.1867	27.0718	 0.47	 20.60	0.040	  127.03	100.00
 674.00	 667.24	 4.6845	34.1869	27.0720	 0.47	 20.60	0.040	  127.02	100.00
 675.00	 668.23	 4.6837	34.1872	27.0723	 0.47	 20.58	0.042	  127.04	100.00
 676.00	 669.21	 4.6840	34.1871	27.0723	 0.47	 20.50	0.041	  126.97	100.00
 677.00	 670.20	 4.6845	34.1871	27.0722	 0.47	 20.49	0.040	  127.03	100.00
 678.00	 671.19	 4.6849	34.1871	27.0721	 0.47	 20.57	0.040	  127.07	100.00
 679.00	 672.18	 4.6838	34.1873	27.0724	 0.47	 20.49	0.041	  127.01	100.00
 680.00	 673.17	 4.6829	34.1875	27.0727	 0.47	 20.39	0.040	  126.97	100.00
 681.00	 674.16	 4.6816	34.1879	27.0732	 0.47	 20.42	0.040	  126.95	100.00
 682.00	 675.14	 4.6808	34.1880	27.0734	 0.47	 20.43	0.040	  127.00	100.00
 683.00	 676.13	 4.6795	34.1881	27.0736	 0.47	 20.41	0.040	  126.96	100.00
 684.00	 677.12	 4.6749	34.1890	27.0748	 0.47	 20.30	0.041	  127.00	100.00
 685.00	 678.11	 4.6723	34.1894	27.0754	 0.46	 20.22	0.041	  127.04	100.00
 686.00	 679.10	 4.6605	34.1915	27.0784	 0.46	 20.17	0.041	  126.99	100.00
 687.00	 680.09	 4.6565	34.1923	27.0795	 0.46	 20.02	0.040	  127.02	100.00
 688.00	 681.07	 4.6540	34.1928	27.0802	 0.46	 19.96	0.040	  127.01	100.00
 689.00	 682.06	 4.6474	34.1941	27.0819	 0.45	 19.76	0.040	  127.02	100.00
 690.00	 683.05	 4.6403	34.1955	27.0838	 0.45	 19.64	0.040	  126.98	100.00
 691.00	 684.04	 4.6335	34.1970	27.0858	 0.45	 19.55	0.041	  127.03	100.00
 692.00	 685.03	 4.6310	34.1976	27.0865	 0.45	 19.51	0.040	  126.99	100.00
 693.00	 686.01	 4.6296	34.1980	27.0870	 0.45	 19.41	0.040	  127.01	100.00
 694.00	 687.00	 4.6277	34.1985	27.0876	 0.44	 19.33	0.040	  126.96	100.00
 695.00	 687.99	 4.6256	34.1988	27.0881	 0.44	 19.30	0.041	  126.96	100.00
 696.00	 688.98	 4.6236	34.1992	27.0886	 0.44	 19.20	0.042	  127.00	100.00
 697.00	 689.97	 4.6181	34.2002	27.0900	 0.44	 19.09	0.041	  126.96	100.00
 698.00	 690.96	 4.6100	34.2022	27.0925	 0.44	 18.96	0.040	  126.99	100.00
 699.00	 691.94	 4.6053	34.2031	27.0937	 0.44	 18.92	0.040	  126.95	100.00
 700.00	 692.93	 4.6039	34.2033	27.0941	 0.43	 18.86	0.040	  126.97	100.00
 701.00	 693.92	 4.6016	34.2030	27.0941	 0.43	 18.82	0.040	  127.02	100.00
 702.00	 694.91	 4.5929	34.2041	27.0959	 0.43	 18.77	0.041	  126.98	100.00
 703.00	 695.90	 4.5853	34.2049	27.0974	 0.43	 18.67	0.042	  126.98	100.00
 704.00	 696.89	 4.5770	34.2066	27.0996	 0.43	 18.60	0.041	  127.01	100.00
 705.00	 697.87	 4.5737	34.2072	27.1005	 0.43	 18.49	0.040	  126.99	100.00
 706.00	 698.86	 4.5695	34.2080	27.1016	 0.42	 18.42	0.040	  126.98	100.00
 707.00	 699.85	 4.5646	34.2089	27.1029	 0.42	 18.30	0.041	  126.98	100.00
 708.00	 700.84	 4.5610	34.2099	27.1041	 0.42	 18.21	0.040	  126.97	100.00
 709.00	 701.83	 4.5511	34.2118	27.1066	 0.42	 18.15	0.040	  126.95	100.00
 710.00	 702.81	 4.5452	34.2132	27.1084	 0.42	 18.05	0.040	  126.94	100.00
 711.00	 703.80	 4.5413	34.2141	27.1095	 0.41	 18.01	0.041	  126.96	 71.36
 712.00	 704.79	 4.5378	34.2148	27.1105	 0.41	 17.83	0.041	  127.00	 99.82
 713.00	 705.78	 4.5333	34.2159	27.1118	 0.41	 17.70	0.040	  126.95	100.00
 714.00	 706.77	 4.5292	34.2169	27.1131	 0.41	 17.70	0.041	  126.94	100.00
 715.00	 707.76	 4.5262	34.2176	27.1140	 0.41	 17.66	0.041	  126.95	100.00
 716.00	 708.74	 4.5203	34.2188	27.1156	 0.40	 17.45	0.041	  126.98	100.00
 717.00	 709.73	 4.5154	34.2198	27.1169	 0.40	 17.32	0.041	  126.97	100.00
 718.00	 710.72	 4.5117	34.2209	27.1182	 0.40	 17.32	0.040	  126.91	100.00
 719.00	 711.71	 4.5090	34.2212	27.1188	 0.40	 17.30	0.040	  126.90	100.00
 720.00	 712.70	 4.5063	34.2218	27.1195	 0.40	 17.21	0.041	  126.93	100.00
 721.00	 713.68	 4.5050	34.2221	27.1199	 0.39	 17.07	0.040	  126.93	100.00
 722.00	 714.67	 4.5014	34.2224	27.1206	 0.39	 16.93	0.040	  126.93	100.00
 723.00	 715.66	 4.4953	34.2233	27.1219	 0.39	 16.90	0.040	  126.89	100.00
 724.00	 716.65	 4.4856	34.2240	27.1235	 0.39	 16.76	0.040	  126.87	100.00
 725.00	 717.64	 4.4813	34.2248	27.1246	 0.38	 16.72	0.040	  126.93	100.00
 726.00	 718.63	 4.4792	34.2251	27.1251	 0.38	 16.61	0.040	  126.93	100.00
 727.00	 719.61	 4.4730	34.2259	27.1264	 0.38	 16.50	0.042	  126.97	100.00
 728.00	 720.60	 4.4695	34.2266	27.1274	 0.38	 16.44	0.041	  126.92	100.00
 729.00	 721.59	 4.4701	34.2265	27.1272	 0.38	 16.41	0.041	  126.91	100.00
 730.00	 722.58	 4.4685	34.2267	27.1276	 0.38	 16.39	0.041	  126.91	100.00
 731.00	 723.57	 4.4684	34.2268	27.1276	 0.38	 16.35	0.040	  126.89	100.00
 732.00	 724.55	 4.4679	34.2265	27.1275	 0.37	 16.21	0.040	  126.93	100.00
 733.00	 725.54	 4.4675	34.2268	27.1278	 0.37	 16.24	0.040	  126.91	100.00
 734.00	 726.53	 4.4669	34.2269	27.1279	 0.37	 16.24	0.040	  126.85	100.00
 735.00	 727.52	 4.4654	34.2269	27.1281	 0.37	 16.24	0.040	  126.89	100.00
 736.00	 728.51	 4.4639	34.2271	27.1284	 0.37	 16.24	0.042	  126.88	100.00
 737.00	 729.49	 4.4628	34.2272	27.1286	 0.37	 16.21	0.041	  126.84	100.00
 738.00	 730.48	 4.4569	34.2274	27.1294	 0.37	 16.10	0.040	  126.88	100.00
 739.00	 731.47	 4.4354	34.2316	27.1351	 0.37	 16.01	0.041	  126.87	100.00
 740.00	 732.46	 4.4304	34.2326	27.1364	 0.37	 15.94	0.042	  126.87	100.00
 741.00	 733.45	 4.4262	34.2333	27.1374	 0.36	 15.87	0.042	  126.87	100.00
 742.00	 734.43	 4.4194	34.2349	27.1394	 0.36	 15.77	0.041	  126.80	100.00
 743.00	 735.42	 4.4066	34.2389	27.1440	 0.36	 15.54	0.041	  126.84	100.00
 744.00	 736.41	 4.4003	34.2414	27.1466	 0.35	 15.41	0.040	  126.84	100.00
 745.00	 737.40	 4.3988	34.2419	27.1472	 0.35	 15.33	0.040	  126.86	100.00
 746.00	 738.39	 4.3985	34.2422	27.1474	 0.35	 15.32	0.040	  126.91	100.00
 747.00	 739.37	 4.3976	34.2425	27.1478	 0.35	 15.32	0.041	  126.85	100.00
 748.00	 740.36	 4.3959	34.2431	27.1485	 0.35	 15.26	0.042	  126.91	100.00
 749.00	 741.35	 4.3942	34.2438	27.1492	 0.35	 15.10	0.042	  126.93	100.00
 750.00	 742.34	 4.3900	34.2460	27.1515	 0.35	 15.14	0.041	  126.84	100.00
 751.00	 743.33	 4.3883	34.2475	27.1529	 0.35	 15.15	0.041	  126.86	100.00
 752.00	 744.32	 4.3878	34.2479	27.1532	 0.35	 15.13	0.041	  126.85	100.00
 753.00	 745.30	 4.3853	34.2487	27.1541	 0.35	 15.14	0.040	  126.90	100.00
 754.00	 746.29	 4.3826	34.2492	27.1548	 0.35	 15.12	0.040	  126.85	100.00
 755.00	 747.28	 4.3806	34.2497	27.1554	 0.35	 15.02	0.040	  126.80	100.00
 756.00	 748.27	 4.3788	34.2497	27.1557	 0.34	 14.91	0.040	  126.78	100.00
 757.00	 749.25	 4.3763	34.2501	27.1562	 0.34	 14.84	0.040	  126.80	100.00
 758.00	 750.24	 4.3720	34.2508	27.1572	 0.34	 14.78	0.040	  126.84	100.00
 759.00	 751.23	 4.3708	34.2508	27.1574	 0.34	 14.77	0.040	  126.74	100.00
 760.00	 752.22	 4.3676	34.2512	27.1580	 0.34	 14.78	0.040	  126.88	100.00
 761.00	 753.21	 4.3632	34.2522	27.1593	 0.34	 14.75	0.040	  126.75	100.00
 762.00	 754.19	 4.3623	34.2526	27.1597	 0.34	 14.63	0.042	  126.81	100.00
 763.00	 755.18	 4.3623	34.2524	27.1596	 0.34	 14.62	0.042	  126.82	100.00
 764.00	 756.17	 4.3616	34.2527	27.1599	 0.34	 14.61	0.042	  126.85	100.00
 765.00	 757.16	 4.3610	34.2528	27.1600	 0.34	 14.64	0.040	  126.79	100.00
 766.00	 758.15	 4.3600	34.2531	27.1604	 0.34	 14.66	0.041	  126.72	100.00
 767.00	 759.13	 4.3585	34.2535	27.1609	 0.34	 14.65	0.041	  126.77	100.00
 768.00	 760.12	 4.3568	34.2537	27.1612	 0.33	 14.54	0.040	  126.79	100.00
 769.00	 761.11	 4.3472	34.2554	27.1636	 0.33	 14.48	0.040	  126.78	100.00
 770.00	 762.10	 4.3394	34.2574	27.1660	 0.33	 14.46	0.040	  126.78	100.00
 771.00	 763.09	 4.3339	34.2586	27.1676	 0.33	 14.42	0.041	  126.82	100.00
 772.00	 764.07	 4.3320	34.2591	27.1682	 0.33	 14.43	0.041	  126.76	100.00
 773.00	 765.06	 4.3306	34.2596	27.1688	 0.33	 14.44	0.041	  126.77	100.00
 774.00	 766.05	 4.3298	34.2598	27.1690	 0.33	 14.43	0.041	  126.73	100.00
 775.00	 767.04	 4.3285	34.2602	27.1695	 0.33	 14.38	0.040	  126.76	100.00
 776.00	 768.03	 4.3262	34.2606	27.1701	 0.33	 14.29	0.041	  126.73	100.00
 777.00	 769.01	 4.3231	34.2614	27.1710	 0.33	 14.29	0.041	  126.83	100.00
 778.00	 770.00	 4.3214	34.2619	27.1716	 0.33	 14.27	0.040	  126.79	100.00
 779.00	 770.99	 4.3205	34.2621	27.1719	 0.33	 14.27	0.040	  126.76	100.00
 780.00	 771.98	 4.3158	34.2631	27.1732	 0.33	 14.26	0.040	  126.73	100.00
 781.00	 772.97	 4.3122	34.2640	27.1742	 0.33	 14.24	0.040	  126.72	100.00
 782.00	 773.95	 4.3102	34.2643	27.1747	 0.33	 14.15	0.041	  126.73	100.00
 783.00	 774.94	 4.3086	34.2647	27.1752	 0.32	 14.07	0.041	  126.73	100.00
 784.00	 775.93	 4.3062	34.2651	27.1758	 0.32	 14.10	0.041	  126.76	100.00
 785.00	 776.92	 4.3059	34.2653	27.1760	 0.32	 14.08	0.040	  126.73	100.00
 786.00	 777.90	 4.3062	34.2653	27.1759	 0.32	 14.09	0.040	  126.68	100.00
 787.00	 778.89	 4.3066	34.2652	27.1758	 0.32	 14.11	0.040	  126.69	100.00
 788.00	 779.88	 4.3068	34.2653	27.1759	 0.32	 14.10	0.040	  126.71	100.00
 789.00	 780.87	 4.3063	34.2655	27.1762	 0.32	 14.09	0.040	  126.70	100.00
 790.00	 781.86	 4.3059	34.2653	27.1760	 0.32	 14.09	0.041	  126.72	100.00
 791.00	 782.84	 4.3048	34.2654	27.1762	 0.32	 14.06	0.041	  126.74	100.00
 792.00	 783.83	 4.3040	34.2656	27.1765	 0.32	 14.08	0.041	  126.69	100.00
 793.00	 784.82	 4.3004	34.2658	27.1770	 0.32	 14.05	0.040	  126.67	100.00
 794.00	 785.81	 4.2969	34.2668	27.1782	 0.32	 14.06	0.040	  126.64	100.00
 795.00	 786.79	 4.2908	34.2671	27.1791	 0.32	 14.06	0.041	  126.71	100.00
 796.00	 787.78	 4.2890	34.2676	27.1797	 0.32	 14.11	0.041	  126.73	100.00
 797.00	 788.77	 4.2889	34.2677	27.1797	 0.32	 14.10	0.040	  126.71	100.00
 798.00	 789.76	 4.2853	34.2682	27.1806	 0.32	 14.09	0.041	  126.70	100.00
 799.00	 790.75	 4.2879	34.2677	27.1799	 0.32	 14.01	0.041	  126.70	100.00
 800.00	 791.73	 4.2789	34.2688	27.1818	 0.32	 14.01	0.040	  126.67	100.00
 801.00	 792.72	 4.2774	34.2694	27.1824	 0.32	 13.94	0.040	  126.64	100.00
 802.00	 793.71	 4.2746	34.2703	27.1834	 0.32	 13.98	0.040	  126.64	100.00
 803.00	 794.70	 4.2698	34.2718	27.1851	 0.32	 13.96	0.040	  126.63	100.00
 804.00	 795.68	 4.2662	34.2733	27.1867	 0.32	 13.92	0.041	  126.64	100.00
 805.00	 796.67	 4.2640	34.2741	27.1875	 0.32	 13.93	0.042	  126.69	100.00
 806.00	 797.66	 4.2625	34.2745	27.1880	 0.32	 13.91	0.041	  126.72	100.00
 807.00	 798.65	 4.2589	34.2756	27.1893	 0.32	 13.85	0.041	  126.68	100.00
 808.00	 799.64	 4.2516	34.2777	27.1918	 0.32	 13.79	0.040	  126.69	100.00
 809.00	 800.62	 4.2458	34.2790	27.1934	 0.32	 13.76	0.040	  126.72	100.00
 810.00	 801.61	 4.2428	34.2795	27.1941	 0.32	 13.75	0.041	  126.64	100.00
 811.00	 802.60	 4.2387	34.2803	27.1952	 0.32	 13.73	0.040	  126.64	100.00
 812.00	 803.59	 4.2337	34.2808	27.1961	 0.31	 13.69	0.042	  126.63	100.00
 813.00	 804.57	 4.2234	34.2829	27.1989	 0.31	 13.69	0.042	  126.62	100.00
 814.00	 805.56	 4.2224	34.2831	27.1991	 0.31	 13.63	0.041	  126.71	100.00
 815.00	 806.55	 4.2221	34.2831	27.1992	 0.31	 13.63	0.041	  126.68	100.00
 816.00	 807.54	 4.2219	34.2832	27.1993	 0.31	 13.62	0.042	  126.68	100.00
 817.00	 808.52	 4.2145	34.2842	27.2009	 0.31	 13.60	0.040	  126.66	100.00
 818.00	 809.51	 4.2074	34.2860	27.2030	 0.31	 13.60	0.040	  126.67	100.00
 819.00	 810.50	 4.1999	34.2873	27.2048	 0.31	 13.55	0.041	  126.62	100.00
 820.00	 811.49	 4.1923	34.2890	27.2070	 0.31	 13.41	0.042	  126.62	100.00
 821.00	 812.48	 4.1876	34.2902	27.2085	 0.31	 13.40	0.041	  126.62	100.00
 822.00	 813.46	 4.1846	34.2910	27.2094	 0.31	 13.41	0.041	  126.62	100.00
 823.00	 814.45	 4.1837	34.2912	27.2097	 0.31	 13.38	0.042	  126.63	100.00
 824.00	 815.44	 4.1811	34.2918	27.2105	 0.31	 13.31	0.041	  126.59	100.00
 825.00	 816.43	 4.1787	34.2924	27.2112	 0.31	 13.27	0.040	  126.63	100.00
 826.00	 817.41	 4.1755	34.2933	27.2122	 0.30	 13.23	0.040	  126.60	100.00
 827.00	 818.40	 4.1746	34.2935	27.2125	 0.30	 13.23	0.041	  126.59	100.00
 828.00	 819.39	 4.1720	34.2941	27.2132	 0.30	 13.23	0.042	  126.55	100.00
 829.00	 820.38	 4.1683	34.2951	27.2144	 0.30	 13.22	0.042	  126.64	100.00
 830.00	 821.36	 4.1611	34.2969	27.2166	 0.30	 13.22	0.040	  126.53	100.00
 831.00	 822.35	 4.1575	34.2977	27.2176	 0.30	 13.20	0.040	  126.55	100.00
 832.00	 823.34	 4.1565	34.2980	27.2180	 0.30	 13.14	0.040	  126.59	100.00
 833.00	 824.33	 4.1534	34.2987	27.2189	 0.30	 13.05	0.040	  126.59	100.00
 834.00	 825.32	 4.1488	34.3000	27.2204	 0.30	 13.03	0.040	  126.60	100.00
 835.00	 826.30	 4.1474	34.3003	27.2208	 0.30	 13.01	0.040	  126.60	100.00
 836.00	 827.29	 4.1472	34.3004	27.2209	 0.30	 13.03	0.040	  126.59	100.00
 837.00	 828.28	 4.1459	34.3008	27.2213	 0.30	 13.03	0.040	  126.48	100.00
 838.00	 829.27	 4.1406	34.3018	27.2227	 0.30	 13.03	0.040	  126.63	100.00
 839.00	 830.25	 4.1341	34.3035	27.2247	 0.30	 13.02	0.041	  126.56	100.00
 840.00	 831.24	 4.1315	34.3041	27.2255	 0.30	 13.02	0.041	  126.57	100.00
 841.00	 832.23	 4.1304	34.3045	27.2259	 0.30	 12.98	0.040	  126.48	100.00
 842.00	 833.22	 4.1295	34.3048	27.2263	 0.30	 12.94	0.040	  126.53	100.00
 843.00	 834.20	 4.1269	34.3052	27.2269	 0.30	 12.96	0.040	  126.50	100.00
 844.00	 835.19	 4.1238	34.3058	27.2277	 0.30	 12.98	0.040	  126.49	100.00
 845.00	 836.18	 4.1235	34.3059	27.2278	 0.30	 12.92	0.040	  126.52	100.00
 846.00	 837.17	 4.1236	34.3060	27.2279	 0.30	 12.95	0.041	  126.47	100.00
 847.00	 838.15	 4.1235	34.3059	27.2278	 0.30	 12.89	0.042	  126.49	100.00
 848.00	 839.14	 4.1228	34.3061	27.2280	 0.30	 12.91	0.040	  126.54	100.00
 849.00	 840.13	 4.1234	34.3060	27.2279	 0.30	 12.87	0.042	  126.55	100.00
 850.00	 841.12	 4.1238	34.3059	27.2278	 0.30	 12.83	0.041	  126.52	100.00
 851.00	 842.10	 4.1225	34.3062	27.2282	 0.29	 12.82	0.040	  126.51	100.00
 852.00	 843.09	 4.1213	34.3064	27.2285	 0.30	 12.85	0.040	  126.47	100.00
 853.00	 844.08	 4.1194	34.3069	27.2291	 0.30	 12.88	0.042	  126.43	100.00
 854.00	 845.07	 4.1163	34.3074	27.2298	 0.30	 12.86	0.041	  126.51	100.00
 855.00	 846.05	 4.1072	34.3100	27.2328	 0.30	 12.88	0.040	  126.46	100.00
 856.00	 847.04	 4.1038	34.3112	27.2341	 0.30	 12.85	0.041	  126.49	100.00
 857.00	 848.03	 4.1040	34.3112	27.2341	 0.30	 12.85	0.041	  126.55	100.00
 858.00	 849.02	 4.1043	34.3111	27.2340	 0.30	 12.83	0.041	  126.45	100.00
 859.00	 850.00	 4.1042	34.3111	27.2341	 0.29	 12.77	0.041	  126.50	100.00
 860.00	 850.99	 4.1028	34.3116	27.2346	 0.29	 12.81	0.041	  126.47	100.00
 861.00	 851.98	 4.1018	34.3119	27.2349	 0.29	 12.78	0.042	  126.53	100.00
 862.00	 852.97	 4.1005	34.3122	27.2354	 0.29	 12.77	0.041	  126.50	100.00
 863.00	 853.95	 4.1002	34.3124	27.2355	 0.29	 12.81	0.040	  126.51	100.00
 864.00	 854.94	 4.1003	34.3125	27.2356	 0.30	 12.86	0.040	  126.51	100.00
 865.00	 855.93	 4.0999	34.3126	27.2357	 0.29	 12.72	0.040	  126.50	100.00
 866.00	 856.92	 4.0988	34.3130	27.2361	 0.29	 12.74	0.041	  126.44	100.00
 867.00	 857.90	 4.0981	34.3131	27.2364	 0.29	 12.75	0.042	  126.43	100.00
 868.00	 858.89	 4.0963	34.3137	27.2370	 0.29	 12.76	0.041	  126.45	100.00
 869.00	 859.88	 4.0963	34.3137	27.2370	 0.29	 12.79	0.040	  126.43	100.00
 870.00	 860.87	 4.0944	34.3140	27.2375	 0.29	 12.79	0.042	  126.44	100.00
 871.00	 861.85	 4.0917	34.3148	27.2384	 0.30	 12.83	0.042	  126.41	100.00
 872.00	 862.84	 4.0901	34.3152	27.2389	 0.29	 12.80	0.042	  126.43	100.00
 873.00	 863.83	 4.0895	34.3153	27.2390	 0.29	 12.79	0.042	  126.45	100.00
 874.00	 864.82	 4.0892	34.3154	27.2391	 0.29	 12.79	0.041	  126.43	100.00
 875.00	 865.80	 4.0883	34.3155	27.2393	 0.29	 12.78	0.040	  126.42	100.00
 876.00	 866.79	 4.0886	34.3156	27.2393	 0.29	 12.75	0.041	  126.39	100.00
 877.00	 867.78	 4.0876	34.3157	27.2396	 0.29	 12.77	0.040	  126.37	100.00
 878.00	 868.77	 4.0849	34.3163	27.2403	 0.29	 12.77	0.040	  126.39	100.00
 879.00	 869.75	 4.0843	34.3164	27.2404	 0.29	 12.76	0.040	  126.38	100.00
 880.00	 870.74	 4.0835	34.3165	27.2407	 0.29	 12.76	0.040	  126.39	100.00
 881.00	 871.73	 4.0829	34.3168	27.2409	 0.29	 12.74	0.040	  126.37	100.00
 882.00	 872.72	 4.0824	34.3167	27.2409	 0.29	 12.75	0.040	  126.38	100.00
 883.00	 873.70	 4.0807	34.3171	27.2415	 0.29	 12.74	0.041	  126.39	100.00
 884.00	 874.69	 4.0805	34.3172	27.2415	 0.29	 12.77	0.042	  126.37	100.00
 885.00	 875.68	 4.0804	34.3172	27.2416	 0.29	 12.74	0.042	  126.46	100.00
 886.00	 876.66	 4.0804	34.3172	27.2415	 0.29	 12.72	0.041	  126.45	100.00
 887.00	 877.65	 4.0796	34.3173	27.2417	 0.29	 12.72	0.041	  126.48	100.00
 888.00	 878.64	 4.0790	34.3175	27.2419	 0.29	 12.66	0.041	  126.45	100.00
 889.00	 879.63	 4.0773	34.3178	27.2423	 0.29	 12.65	0.040	  126.40	100.00
 890.00	 880.61	 4.0768	34.3180	27.2426	 0.29	 12.68	0.040	  126.37	100.00
 891.00	 881.60	 4.0763	34.3180	27.2427	 0.29	 12.73	0.040	  126.39	100.00
 892.00	 882.59	 4.0737	34.3185	27.2434	 0.29	 12.71	0.040	  126.41	100.00
 893.00	 883.58	 4.0714	34.3189	27.2439	 0.29	 12.68	0.042	  126.39	100.00
 894.00	 884.56	 4.0689	34.3195	27.2447	 0.29	 12.66	0.041	  126.31	100.00
 895.00	 885.55	 4.0655	34.3201	27.2454	 0.29	 12.62	0.041	  126.38	100.00
 896.00	 886.54	 4.0602	34.3208	27.2466	 0.29	 12.60	0.042	  126.41	100.00
 897.00	 887.53	 4.0584	34.3210	27.2469	 0.29	 12.62	0.041	  126.34	100.00
 898.00	 888.51	 4.0556	34.3214	27.2476	 0.29	 12.60	0.040	  126.36	100.00
 899.00	 889.50	 4.0514	34.3219	27.2484	 0.29	 12.59	0.040	  126.40	100.00
 900.00	 890.49	 4.0474	34.3225	27.2493	 0.29	 12.58	0.040	  126.41	100.00
 901.00	 891.47	 4.0455	34.3230	27.2499	 0.29	 12.61	0.040	  126.30	100.00
 902.00	 892.46	 4.0430	34.3234	27.2505	 0.29	 12.63	0.040	  126.49	100.00
 903.00	 893.45	 4.0413	34.3237	27.2509	 0.29	 12.57	0.040	  126.39	100.00
 904.00	 894.44	 4.0375	34.3244	27.2518	 0.29	 12.60	0.040	  126.36	100.00
 905.00	 895.42	 4.0355	34.3246	27.2522	 0.29	 12.64	0.041	  126.36	100.00
 906.00	 896.41	 4.0337	34.3249	27.2527	 0.29	 12.63	0.041	  126.33	100.00
 907.00	 897.40	 4.0314	34.3252	27.2532	 0.29	 12.61	0.040	  126.32	100.00
 908.00	 898.39	 4.0272	34.3259	27.2541	 0.29	 12.56	0.040	  126.37	100.00
 909.00	 899.37	 4.0218	34.3262	27.2549	 0.29	 12.57	0.040	  126.36	100.00
 910.00	 900.36	 4.0154	34.3271	27.2562	 0.29	 12.54	0.040	  126.36	100.00
 911.00	 901.35	 4.0132	34.3273	27.2567	 0.29	 12.49	0.041	  126.32	100.00
 912.00	 902.33	 4.0117	34.3277	27.2571	 0.29	 12.51	0.042	  126.34	100.00
 913.00	 903.32	 4.0099	34.3281	27.2577	 0.29	 12.49	0.040	  126.35	100.00
 914.00	 904.31	 4.0083	34.3287	27.2583	 0.29	 12.51	0.040	  126.31	100.00
 915.00	 905.30	 4.0053	34.3295	27.2592	 0.29	 12.45	0.040	  126.32	100.00
 916.00	 906.28	 3.9914	34.3316	27.2623	 0.29	 12.48	0.041	  126.31	100.00
 917.00	 907.27	 3.9806	34.3323	27.2640	 0.29	 12.45	0.041	  126.28	100.00
 918.00	 908.26	 3.9707	34.3332	27.2658	 0.29	 12.46	0.041	  126.25	100.00
 919.00	 909.25	 3.9682	34.3333	27.2661	 0.29	 12.45	0.042	  126.25	100.00
 920.00	 910.23	 3.9665	34.3333	27.2663	 0.29	 12.43	0.042	  126.28	100.00
 921.00	 911.22	 3.9634	34.3339	27.2670	 0.29	 12.41	0.040	  126.30	100.00
 922.00	 912.21	 3.9623	34.3340	27.2673	 0.28	 12.37	0.040	  126.28	100.00
 923.00	 913.19	 3.9620	34.3341	27.2674	 0.28	 12.32	0.041	  126.28	100.00
 924.00	 914.18	 3.9620	34.3341	27.2674	 0.28	 12.30	0.041	  126.24	100.00
 925.00	 915.17	 3.9609	34.3344	27.2677	 0.28	 12.26	0.040	  126.26	100.00
 926.00	 916.16	 3.9607	34.3344	27.2678	 0.28	 12.30	0.041	  126.26	100.00
 927.00	 917.14	 3.9606	34.3345	27.2679	 0.28	 12.29	0.042	  126.26	100.00
 928.00	 918.13	 3.9598	34.3347	27.2681	 0.28	 12.28	0.041	  126.26	100.00
 929.00	 919.12	 3.9594	34.3348	27.2683	 0.28	 12.28	0.041	  126.24	100.00
 930.00	 920.10	 3.9566	34.3353	27.2690	 0.28	 12.28	0.041	  126.25	100.00
 931.00	 921.09	 3.9537	34.3358	27.2696	 0.28	 12.27	0.041	  126.26	100.00
 932.00	 922.08	 3.9463	34.3370	27.2714	 0.28	 12.29	0.041	  126.27	100.00
 933.00	 923.07	 3.9409	34.3380	27.2727	 0.29	 12.39	0.041	  126.30	100.00
 934.00	 924.05	 3.9386	34.3387	27.2735	 0.28	 12.34	0.042	  126.22	100.00
 935.00	 925.04	 3.9383	34.3388	27.2736	 0.28	 12.35	0.041	  126.22	100.00
 936.00	 926.03	 3.9372	34.3396	27.2744	 0.28	 12.29	0.040	  126.22	100.00
 937.00	 927.01	 3.9370	34.3396	27.2744	 0.28	 12.32	0.040	  126.29	100.00
 938.00	 928.00	 3.9365	34.3397	27.2745	 0.28	 12.30	0.040	  126.26	100.00
 939.00	 928.99	 3.9362	34.3397	27.2746	 0.28	 12.29	0.041	  126.22	100.00
 940.00	 929.98	 3.9356	34.3400	27.2749	 0.28	 12.27	0.042	  126.24	100.00
 941.00	 930.96	 3.9351	34.3404	27.2753	 0.28	 12.28	0.042	  126.22	100.00
 942.00	 931.95	 3.9346	34.3403	27.2753	 0.28	 12.29	0.041	  126.23	100.00
 943.00	 932.94	 3.9339	34.3407	27.2756	 0.28	 12.23	0.041	  126.28	100.00
 944.00	 933.92	 3.9314	34.3413	27.2764	 0.28	 12.22	0.041	  126.27	100.00
 945.00	 934.91	 3.9288	34.3418	27.2771	 0.28	 12.17	0.040	  126.21	100.00
 946.00	 935.90	 3.9276	34.3421	27.2774	 0.28	 12.16	0.040	  126.24	100.00
 947.00	 936.89	 3.9226	34.3428	27.2785	 0.28	 12.19	0.040	  126.23	100.00
 948.00	 937.87	 3.9187	34.3438	27.2797	 0.28	 12.25	0.040	  126.21	100.00
 949.00	 938.86	 3.9176	34.3443	27.2802	 0.28	 12.38	0.040	  126.25	100.00
 950.00	 939.85	 3.9151	34.3450	27.2810	 0.29	 12.40	0.040	  126.22	100.00
 951.00	 940.83	 3.9111	34.3463	27.2825	 0.28	 12.39	0.040	  126.26	100.00
 952.00	 941.82	 3.9094	34.3469	27.2831	 0.29	 12.39	0.040	  126.25	100.00
 953.00	 942.81	 3.9072	34.3476	27.2839	 0.29	 12.42	0.041	  126.22	100.00
 954.00	 943.79	 3.9050	34.3482	27.2846	 0.29	 12.47	0.040	  126.15	100.00
 955.00	 944.78	 3.9023	34.3489	27.2855	 0.29	 12.50	0.040	  126.25	100.00
 956.00	 945.77	 3.9002	34.3494	27.2860	 0.29	 12.50	0.040	  126.14	100.00
 957.00	 946.76	 3.8975	34.3500	27.2868	 0.29	 12.51	0.040	  126.16	100.00
 958.00	 947.74	 3.8956	34.3504	27.2873	 0.29	 12.55	0.040	  126.17	100.00
 959.00	 948.73	 3.8887	34.3513	27.2887	 0.29	 12.56	0.041	  126.21	100.00
 960.00	 949.72	 3.8876	34.3519	27.2894	 0.29	 12.56	0.042	  126.21	100.00
 961.00	 950.70	 3.8855	34.3525	27.2900	 0.29	 12.57	0.042	  126.19	100.00
 962.00	 951.69	 3.8846	34.3529	27.2905	 0.29	 12.60	0.041	  126.19	100.00
 963.00	 952.68	 3.8842	34.3530	27.2906	 0.29	 12.60	0.041	  126.17	100.00
 964.00	 953.66	 3.8813	34.3529	27.2908	 0.29	 12.58	0.041	  126.20	100.00
 965.00	 954.65	 3.8798	34.3530	27.2911	 0.29	 12.57	0.040	  126.10	100.00
 966.00	 955.64	 3.8790	34.3532	27.2913	 0.29	 12.57	0.040	  126.13	100.00
 967.00	 956.63	 3.8791	34.3530	27.2911	 0.29	 12.58	0.042	  126.14	100.00
 968.00	 957.61	 3.8777	34.3535	27.2917	 0.29	 12.58	0.041	  126.14	100.00
 969.00	 958.60	 3.8757	34.3542	27.2924	 0.29	 12.58	0.041	  126.12	100.00
 970.00	 959.59	 3.8733	34.3550	27.2933	 0.29	 12.58	0.042	  126.15	100.00
 971.00	 960.57	 3.8708	34.3555	27.2940	 0.29	 12.60	0.042	  126.13	100.00
 972.00	 961.56	 3.8698	34.3557	27.2943	 0.29	 12.68	0.041	  126.12	100.00
 973.00	 962.55	 3.8676	34.3562	27.2949	 0.29	 12.81	0.040	  126.13	100.00
 974.00	 963.53	 3.8661	34.3564	27.2952	 0.29	 12.77	0.040	  126.12	100.00
 975.00	 964.52	 3.8646	34.3567	27.2956	 0.29	 12.76	0.041	  126.08	100.00
 976.00	 965.51	 3.8622	34.3571	27.2961	 0.29	 12.78	0.041	  126.20	100.00
 977.00	 966.50	 3.8608	34.3573	27.2964	 0.29	 12.76	0.040	  126.12	100.00
 978.00	 967.48	 3.8603	34.3572	27.2964	 0.29	 12.74	0.040	  126.11	100.00
 979.00	 968.47	 3.8577	34.3577	27.2971	 0.29	 12.78	0.041	  126.11	100.00
 980.00	 969.46	 3.8559	34.3579	27.2974	 0.29	 12.81	0.040	  126.11	100.00
 981.00	 970.44	 3.8528	34.3585	27.2982	 0.30	 12.84	0.040	  126.09	100.00
 982.00	 971.43	 3.8492	34.3591	27.2991	 0.30	 12.97	0.041	  126.16	100.00
 983.00	 972.42	 3.8455	34.3596	27.2999	 0.30	 13.00	0.041	  126.05	100.00
 984.00	 973.40	 3.8386	34.3606	27.3014	 0.30	 13.01	0.040	  126.00	100.00
 985.00	 974.39	 3.8336	34.3616	27.3027	 0.30	 13.03	0.040	  126.09	100.00
 986.00	 975.38	 3.8313	34.3622	27.3034	 0.30	 13.03	0.041	  126.09	100.00
 987.00	 976.36	 3.8292	34.3626	27.3040	 0.30	 13.02	0.042	  126.10	100.00
 988.00	 977.35	 3.8286	34.3627	27.3041	 0.30	 13.01	0.042	  126.06	100.00
 989.00	 978.34	 3.8279	34.3628	27.3042	 0.30	 13.04	0.040	  126.04	100.00
 990.00	 979.33	 3.8270	34.3631	27.3046	 0.30	 13.06	0.040	  126.01	100.00
 991.00	 980.31	 3.8263	34.3633	27.3048	 0.30	 13.05	0.041	  126.09	100.00
 992.00	 981.30	 3.8260	34.3633	27.3049	 0.30	 13.05	0.042	  126.06	100.00
 993.00	 982.29	 3.8186	34.3642	27.3063	 0.30	 13.04	0.041	  125.98	100.00
 994.00	 983.27	 3.8145	34.3649	27.3073	 0.30	 13.06	0.041	  126.08	100.00
 995.00	 984.26	 3.8096	34.3656	27.3083	 0.30	 13.05	0.041	  126.04	100.00
 996.00	 985.25	 3.8062	34.3660	27.3090	 0.30	 13.07	0.041	  126.04	100.00
 997.00	 986.23	 3.8045	34.3662	27.3094	 0.30	 13.09	0.042	  126.00	100.00
 998.00	 987.22	 3.8024	34.3664	27.3097	 0.30	 13.17	0.041	  126.05	100.00
 999.00	 988.21	 3.7988	34.3667	27.3103	 0.30	 13.22	0.040	  126.04	100.00
1000.00	 989.19	 3.7935	34.3673	27.3113	 0.31	 13.28	0.040	  125.99	100.00
1001.00	 990.18	 3.7907	34.3677	27.3119	 0.31	 13.29	0.040	  126.02	100.00
1002.00	 991.17	 3.7889	34.3680	27.3123	 0.31	 13.28	0.040	  126.06	100.00
1003.00	 992.15	 3.7880	34.3682	27.3126	 0.30	 13.25	0.040	  126.00	100.00
1004.00	 993.14	 3.7879	34.3681	27.3126	 0.31	 13.28	0.040	  126.03	100.00
1005.00	 994.13	 3.7873	34.3683	27.3128	 0.31	 13.27	0.040	  126.00	100.00
1006.00	 995.12	 3.7854	34.3686	27.3132	 0.31	 13.33	0.041	  126.04	100.00
1007.00	 996.10	 3.7823	34.3691	27.3139	 0.31	 13.30	0.041	  126.01	100.00
1008.00	 997.09	 3.7780	34.3698	27.3149	 0.31	 13.32	0.042	  125.97	100.00
1009.00	 998.08	 3.7775	34.3699	27.3151	 0.31	 13.31	0.042	  125.99	100.00
1010.00	 999.06	 3.7769	34.3698	27.3150	 0.31	 13.34	0.041	  126.02	100.00
1011.00	1000.05	 3.7734	34.3701	27.3156	 0.31	 13.41	0.040	  125.98	100.00
1012.00	1001.04	 3.7642	34.3712	27.3174	 0.31	 13.54	0.040	  126.01	100.00
1013.00	1002.02	 3.7506	34.3732	27.3204	 0.31	 13.51	0.040	  125.97	100.00
1014.00	1003.01	 3.7480	34.3737	27.3210	 0.31	 13.53	0.041	  125.98	100.00
1015.00	1004.00	 3.7479	34.3737	27.3211	 0.31	 13.53	0.041	  125.96	100.00
1016.00	1004.98	 3.7480	34.3738	27.3211	 0.31	 13.53	0.041	  125.94	100.00
1017.00	1005.97	 3.7482	34.3738	27.3211	 0.31	 13.54	0.042	  126.01	100.00
1018.00	1006.96	 3.7484	34.3737	27.3210	 0.31	 13.57	0.042	  125.94	100.00
1019.00	1007.94	 3.7485	34.3738	27.3211	 0.31	 13.53	0.041	  125.97	100.00
1020.00	1008.93	 3.7484	34.3739	27.3212	 0.31	 13.54	0.040	  125.99	100.00
1021.00	1009.92	 3.7486	34.3737	27.3210	 0.31	 13.54	0.040	  125.98	100.00
1022.00	1010.90	 3.7489	34.3738	27.3211	 0.31	 13.54	0.040	  125.92	100.00
1023.00	1011.89	 3.7490	34.3739	27.3211	 0.31	 13.54	0.040	  125.94	100.00
1024.00	1012.88	 3.7489	34.3739	27.3212	 0.31	 13.53	0.041	  125.98	100.00
1025.00	1013.86	 3.7483	34.3740	27.3213	 0.31	 13.55	0.041	  125.98	100.00
1026.00	1014.85	 3.7487	34.3739	27.3212	 0.31	 13.55	0.041	  125.95	100.00
1027.00	1015.84	 3.7492	34.3738	27.3211	 0.31	 13.55	0.042	  125.89	100.00
1028.00	1016.82	 3.7445	34.3746	27.3222	 0.31	 13.56	0.042	  125.92	100.00
1029.00	1017.81	 3.7409	34.3749	27.3228	 0.31	 13.61	0.042	  125.94	100.00
1030.00	1018.80	 3.7380	34.3755	27.3236	 0.31	 13.61	0.040	  125.89	100.00
1031.00	1019.78	 3.7327	34.3758	27.3243	 0.31	 13.59	0.040	  126.00	100.00
1032.00	1020.77	 3.7284	34.3768	27.3255	 0.31	 13.59	0.041	  125.92	100.00
1033.00	1021.76	 3.7254	34.3772	27.3262	 0.31	 13.61	0.042	  125.93	100.00
1034.00	1022.74	 3.7240	34.3773	27.3264	 0.31	 13.63	0.041	  125.90	100.00
1035.00	1023.73	 3.7210	34.3779	27.3272	 0.32	 13.79	0.040	  125.96	100.00
1036.00	1024.72	 3.7201	34.3780	27.3274	 0.32	 13.74	0.040	  125.99	100.00
1037.00	1025.70	 3.7191	34.3781	27.3276	 0.32	 13.77	0.040	  125.93	100.00
1038.00	1026.69	 3.7174	34.3784	27.3279	 0.31	 13.65	0.040	  125.86	100.00
1039.00	1027.68	 3.7136	34.3788	27.3287	 0.31	 13.68	0.040	  125.92	100.00
1040.00	1028.66	 3.7117	34.3792	27.3292	 0.31	 13.69	0.040	  125.90	100.00
1041.00	1029.65	 3.7106	34.3792	27.3293	 0.32	 13.77	0.041	  125.92	100.00
1042.00	1030.64	 3.7096	34.3795	27.3297	 0.32	 13.77	0.041	  125.89	100.00
1043.00	1031.62	 3.7036	34.3801	27.3307	 0.32	 13.79	0.041	  125.86	100.00
1044.00	1032.61	 3.6951	34.3815	27.3327	 0.32	 13.81	0.041	  125.89	100.00
1045.00	1033.60	 3.6950	34.3815	27.3327	 0.32	 13.87	0.040	  125.93	100.00
1046.00	1034.58	 3.6920	34.3817	27.3332	 0.32	 13.85	0.041	  125.91	100.00
1047.00	1035.57	 3.6904	34.3820	27.3336	 0.32	 13.91	0.042	  125.86	100.00
1048.00	1036.56	 3.6900	34.3819	27.3336	 0.32	 13.86	0.041	  125.95	100.00
1049.00	1037.54	 3.6872	34.3824	27.3342	 0.32	 13.84	0.040	  125.85	100.00
1050.00	1038.53	 3.6851	34.3825	27.3345	 0.32	 13.92	0.041	  125.84	100.00
1051.00	1039.52	 3.6828	34.3829	27.3351	 0.32	 13.96	0.042	  125.88	100.00
1052.00	1040.50	 3.6809	34.3833	27.3355	 0.32	 13.87	0.040	  125.87	100.00
1053.00	1041.49	 3.6795	34.3833	27.3357	 0.32	 13.92	0.040	  125.86	100.00
1054.00	1042.48	 3.6791	34.3833	27.3358	 0.32	 14.05	0.040	  125.85	100.00
1055.00	1043.46	 3.6781	34.3828	27.3354	 0.32	 14.09	0.040	  125.85	100.00
1056.00	1044.45	 3.6476	34.3861	27.3411	 0.33	 14.22	0.040	  125.97	100.00
1057.00	1045.44	 3.6374	34.3877	27.3434	 0.33	 14.25	0.040	  125.93	100.00
1058.00	1046.42	 3.6309	34.3888	27.3449	 0.33	 14.27	0.040	  125.90	100.00
1059.00	1047.41	 3.6284	34.3891	27.3454	 0.33	 14.40	0.040	  125.87	100.00
1060.00	1048.40	 3.6242	34.3896	27.3461	 0.33	 14.51	0.040	  125.83	100.00
1061.00	1049.38	 3.6192	34.3905	27.3474	 0.33	 14.49	0.041	  125.79	100.00
1062.00	1050.37	 3.6193	34.3905	27.3474	 0.33	 14.50	0.040	  125.81	100.00
1063.00	1051.36	 3.6187	34.3904	27.3474	 0.33	 14.53	0.042	  125.83	100.00
1064.00	1052.34	 3.6179	34.3907	27.3476	 0.34	 14.59	0.041	  125.83	100.00
1065.00	1053.33	 3.6084	34.3917	27.3494	 0.34	 14.68	0.041	  125.85	100.00
1066.00	1054.32	 3.6009	34.3931	27.3513	 0.34	 14.64	0.041	  125.81	100.00
1067.00	1055.30	 3.5981	34.3937	27.3520	 0.34	 14.65	0.041	  125.74	100.00
1068.00	1056.29	 3.5956	34.3940	27.3525	 0.34	 14.78	0.042	  125.84	100.00
1069.00	1057.27	 3.5891	34.3948	27.3537	 0.34	 14.82	0.041	  125.79	100.00
1070.00	1058.26	 3.5785	34.3959	27.3557	 0.34	 14.91	0.040	  125.79	100.00
1071.00	1059.25	 3.5638	34.3983	27.3591	 0.35	 15.00	0.041	  125.84	100.00
1072.00	1060.23	 3.5611	34.3986	27.3595	 0.35	 15.16	0.041	  125.82	100.00
1073.00	1061.22	 3.5592	34.3989	27.3600	 0.35	 15.18	0.040	  125.79	100.00
1074.00	1062.21	 3.5589	34.3989	27.3600	 0.35	 15.17	0.041	  125.76	100.00
1075.00	1063.19	 3.5567	34.3992	27.3604	 0.35	 15.16	0.042	  125.79	100.00
1076.00	1064.18	 3.5543	34.3996	27.3610	 0.35	 15.21	0.041	  125.78	100.00
1077.00	1065.17	 3.5523	34.4001	27.3616	 0.35	 15.26	0.042	  125.78	100.00
1078.00	1066.15	 3.5511	34.4003	27.3619	 0.35	 15.18	0.041	  125.70	100.00
1079.00	1067.14	 3.5507	34.4003	27.3620	 0.35	 15.21	0.040	  125.82	100.00
1080.00	1068.13	 3.5507	34.4004	27.3621	 0.35	 15.26	0.042	  125.73	100.00
1081.00	1069.11	 3.5501	34.4005	27.3622	 0.35	 15.32	0.042	  125.76	100.00
1082.00	1070.10	 3.5495	34.4006	27.3623	 0.35	 15.28	0.040	  125.75	100.00
1083.00	1071.09	 3.5465	34.4012	27.3631	 0.35	 15.23	0.041	  125.79	100.00
1084.00	1072.07	 3.5459	34.4013	27.3632	 0.35	 15.31	0.041	  125.76	100.00
1085.00	1073.06	 3.5447	34.4014	27.3634	 0.35	 15.39	0.042	  125.75	100.00
1086.00	1074.04	 3.5433	34.4016	27.3638	 0.35	 15.36	0.041	  125.76	100.00
1087.00	1075.03	 3.5428	34.4017	27.3639	 0.35	 15.31	0.040	  125.73	100.00
1088.00	1076.02	 3.5409	34.4020	27.3643	 0.35	 15.42	0.041	  125.74	100.00
1089.00	1077.00	 3.5394	34.4022	27.3646	 0.35	 15.40	0.042	  125.74	100.00
1090.00	1077.99	 3.5386	34.4023	27.3648	 0.35	 15.40	0.042	  125.76	100.00
1091.00	1078.98	 3.5383	34.4024	27.3649	 0.35	 15.40	0.040	  125.76	100.00
1092.00	1079.96	 3.5380	34.4026	27.3651	 0.35	 15.41	0.040	  125.76	100.00
1093.00	1080.95	 3.5378	34.4024	27.3650	 0.35	 15.43	0.041	  125.72	100.00
1094.00	1081.94	 3.5377	34.4026	27.3651	 0.35	 15.41	0.041	  125.74	100.00
1095.00	1082.92	 3.5369	34.4026	27.3652	 0.35	 15.40	0.042	  125.73	100.00
1096.00	1083.91	 3.5366	34.4029	27.3655	 0.36	 15.44	0.040	  125.74	100.00
1097.00	1084.90	 3.5356	34.4029	27.3656	 0.36	 15.44	0.040	  125.77	100.00
1098.00	1085.88	 3.5338	34.4032	27.3660	 0.36	 15.44	0.040	  125.78	100.00
1099.00	1086.87	 3.5331	34.4035	27.3663	 0.36	 15.47	0.041	  125.69	100.00
1100.00	1087.85	 3.5332	34.4034	27.3662	 0.36	 15.47	0.041	  125.68	100.00
1101.00	1088.84	 3.5327	34.4035	27.3664	 0.36	 15.44	0.041	  125.70	100.00
1102.00	1089.83	 3.5332	34.4035	27.3664	 0.36	 15.47	0.042	  125.70	100.00
1103.00	1090.81	 3.5301	34.4036	27.3667	 0.36	 15.57	0.042	  125.69	100.00
1104.00	1091.80	 3.5157	34.4056	27.3697	 0.36	 15.66	0.040	  125.72	100.00
1105.00	1092.79	 3.5049	34.4074	27.3722	 0.36	 15.70	0.041	  125.75	100.00
1106.00	1093.77	 3.4950	34.4086	27.3741	 0.37	 15.88	0.040	  125.66	100.00
1107.00	1094.76	 3.4922	34.4089	27.3746	 0.37	 15.89	0.041	  125.77	100.00
1108.00	1095.75	 3.4897	34.4092	27.3751	 0.37	 15.89	0.042	  125.62	100.00
1109.00	1096.73	 3.4840	34.4097	27.3761	 0.37	 15.95	0.041	  125.63	100.00
1110.00	1097.72	 3.4797	34.4105	27.3771	 0.37	 16.06	0.041	  125.70	100.00
1111.00	1098.70	 3.4778	34.4108	27.3775	 0.37	 16.04	0.041	  125.67	100.00
1112.00	1099.69	 3.4751	34.4113	27.3782	 0.37	 16.04	0.042	  125.72	100.00
1113.00	1100.68	 3.4725	34.4116	27.3787	 0.37	 16.17	0.041	  125.67	100.00
1114.00	1101.66	 3.4706	34.4119	27.3791	 0.37	 16.13	0.040	  125.65	100.00
1115.00	1102.65	 3.4649	34.4122	27.3799	 0.37	 16.14	0.040	  125.68	100.00
1116.00	1103.64	 3.4579	34.4133	27.3815	 0.37	 16.20	0.041	  125.64	100.00
1117.00	1104.62	 3.4524	34.4141	27.3826	 0.38	 16.33	0.042	  125.62	100.00
1118.00	1105.61	 3.4516	34.4142	27.3828	 0.37	 16.29	0.041	  125.60	100.00
1119.00	1106.59	 3.4505	34.4144	27.3830	 0.38	 16.32	0.040	  125.59	100.00
1120.00	1107.58	 3.4447	34.4151	27.3842	 0.38	 16.38	0.040	  125.61	100.00
1121.00	1108.57	 3.4418	34.4156	27.3849	 0.38	 16.37	0.040	  125.62	100.00
1122.00	1109.55	 3.4401	34.4159	27.3853	 0.38	 16.38	0.040	  125.54	100.00
1123.00	1110.54	 3.4388	34.4162	27.3856	 0.38	 16.41	0.040	  125.59	100.00
1124.00	1111.53	 3.4377	34.4164	27.3859	 0.38	 16.37	0.040	  125.58	100.00
1125.00	1112.51	 3.4353	34.4166	27.3863	 0.38	 16.41	0.040	  125.60	100.00
1126.00	1113.50	 3.4302	34.4174	27.3875	 0.38	 16.56	0.041	  125.60	100.00
1127.00	1114.48	 3.4234	34.4185	27.3889	 0.38	 16.61	0.041	  125.56	100.00
1128.00	1115.47	 3.4202	34.4189	27.3896	 0.38	 16.63	0.041	  125.56	100.00
1129.00	1116.46	 3.4202	34.4188	27.3895	 0.39	 16.75	0.041	  125.59	100.00
1130.00	1117.44	 3.4188	34.4192	27.3900	 0.39	 16.76	0.040	  125.63	100.00
1131.00	1118.43	 3.4183	34.4193	27.3901	 0.38	 16.72	0.040	  125.53	100.00
1132.00	1119.42	 3.4176	34.4195	27.3903	 0.39	 16.75	0.041	  125.58	100.00
1133.00	1120.40	 3.4171	34.4196	27.3905	 0.39	 16.82	0.041	  125.57	100.00
1134.00	1121.39	 3.4163	34.4198	27.3907	 0.39	 16.81	0.041	  125.54	100.00
1135.00	1122.37	 3.4149	34.4199	27.3910	 0.39	 16.83	0.041	  125.50	100.00
1136.00	1123.36	 3.4123	34.4204	27.3916	 0.39	 16.83	0.041	  125.54	100.00
1137.00	1124.35	 3.4104	34.4206	27.3920	 0.39	 16.84	0.040	  125.52	100.00
1138.00	1125.33	 3.4101	34.4209	27.3922	 0.39	 16.87	0.040	  125.53	100.00
1139.00	1126.32	 3.4099	34.4207	27.3921	 0.39	 16.85	0.040	  125.61	100.00
1140.00	1127.31	 3.4086	34.4210	27.3924	 0.39	 16.85	0.040	  125.57	100.00
1141.00	1128.29	 3.4063	34.4212	27.3929	 0.39	 16.95	0.041	  125.54	100.00
1142.00	1129.28	 3.4051	34.4213	27.3931	 0.39	 16.95	0.041	  125.54	100.00
1143.00	1130.26	 3.4045	34.4215	27.3932	 0.39	 16.97	0.040	  125.53	100.00
1144.00	1131.25	 3.4034	34.4217	27.3935	 0.39	 17.11	0.040	  125.48	100.00
1145.00	1132.24	 3.4030	34.4216	27.3935	 0.39	 17.05	0.040	  125.55	100.00
1146.00	1133.22	 3.4018	34.4217	27.3937	 0.39	 17.02	0.040	  125.54	100.00
1147.00	1134.21	 3.3985	34.4222	27.3944	 0.39	 17.05	0.040	  125.49	100.00
1148.00	1135.19	 3.3963	34.4226	27.3949	 0.39	 17.11	0.041	  125.50	100.00
1149.00	1136.18	 3.3950	34.4227	27.3952	 0.39	 17.08	0.042	  125.53	100.00
1150.00	1137.17	 3.3947	34.4228	27.3953	 0.39	 17.14	0.041	  125.50	100.00
1151.00	1138.15	 3.3937	34.4229	27.3955	 0.39	 17.13	0.040	  125.50	100.00
1152.00	1139.14	 3.3930	34.4229	27.3956	 0.39	 17.11	0.041	  125.51	100.00
1153.00	1140.13	 3.3928	34.4230	27.3957	 0.40	 17.17	0.040	  125.52	100.00
1154.00	1141.11	 3.3926	34.4231	27.3957	 0.39	 17.10	0.041	  125.46	100.00
1155.00	1142.10	 3.3925	34.4231	27.3958	 0.39	 17.17	0.042	  125.53	100.00
1156.00	1143.08	 3.3913	34.4233	27.3960	 0.40	 17.18	0.042	  125.53	100.00
1157.00	1144.07	 3.3901	34.4233	27.3961	 0.39	 17.14	0.041	  125.54	100.00
1158.00	1145.06	 3.3891	34.4235	27.3964	 0.40	 17.23	0.041	  125.48	100.00
1159.00	1146.04	 3.3872	34.4239	27.3970	 0.40	 17.25	0.042	  125.45	100.00
1160.00	1147.03	 3.3865	34.4239	27.3970	 0.40	 17.26	0.041	  125.50	100.00
1161.00	1148.01	 3.3863	34.4240	27.3971	 0.40	 17.31	0.041	  125.43	100.00
1162.00	1149.00	 3.3859	34.4241	27.3972	 0.40	 17.25	0.042	  125.48	100.00
1163.00	1149.99	 3.3860	34.4241	27.3972	 0.40	 17.25	0.042	  125.52	100.00
1164.00	1150.97	 3.3850	34.4241	27.3973	 0.40	 17.27	0.041	  125.47	100.00
1165.00	1151.96	 3.3814	34.4247	27.3981	 0.40	 17.34	0.040	  125.43	100.00
1166.00	1152.94	 3.3825	34.4246	27.3980	 0.40	 17.34	0.040	  125.48	100.00
1167.00	1153.93	 3.3832	34.4245	27.3978	 0.40	 17.34	0.040	  125.41	100.00
1168.00	1154.92	 3.3798	34.4249	27.3985	 0.40	 17.29	0.040	  125.41	100.00
1169.00	1155.90	 3.3787	34.4250	27.3987	 0.40	 17.32	0.040	  125.47	100.00
1170.00	1156.89	 3.3750	34.4256	27.3995	 0.40	 17.38	0.040	  125.45	100.00
1171.00	1157.87	 3.3709	34.4259	27.4001	 0.40	 17.40	0.042	  125.48	100.00
1172.00	1158.86	 3.3674	34.4265	27.4009	 0.40	 17.37	0.042	  125.40	100.00
1173.00	1159.85	 3.3670	34.4266	27.4011	 0.40	 17.41	0.042	  125.45	100.00
1174.00	1160.83	 3.3666	34.4268	27.4013	 0.40	 17.45	0.041	  125.48	100.00
1175.00	1161.82	 3.3626	34.4271	27.4019	 0.40	 17.47	0.040	  125.42	100.00
1176.00	1162.80	 3.3579	34.4279	27.4030	 0.40	 17.48	0.040	  125.40	100.00
1177.00	1163.79	 3.3498	34.4289	27.4045	 0.40	 17.59	0.040	  125.42	100.00
1178.00	1164.78	 3.3479	34.4293	27.4051	 0.41	 17.62	0.040	  125.35	100.00
1179.00	1165.76	 3.3440	34.4299	27.4059	 0.41	 17.67	0.040	  125.45	100.00
1180.00	1166.75	 3.3461	34.4295	27.4054	 0.41	 17.65	0.040	  125.40	100.00
1181.00	1167.73	 3.3431	34.4300	27.4061	 0.41	 17.70	0.041	  125.40	100.00
1182.00	1168.72	 3.3425	34.4299	27.4061	 0.41	 17.80	0.042	  125.40	100.00
1183.00	1169.71	 3.3394	34.4303	27.4067	 0.41	 17.73	0.042	  125.40	100.00
1184.00	1170.69	 3.3355	34.4310	27.4077	 0.41	 17.83	0.041	  125.36	100.00
1185.00	1171.68	 3.3350	34.4311	27.4078	 0.41	 17.85	0.041	  125.33	100.00
1186.00	1172.66	 3.3346	34.4312	27.4079	 0.41	 17.84	0.041	  125.37	100.00
1187.00	1173.65	 3.3326	34.4312	27.4081	 0.41	 17.85	0.040	  125.37	100.00
1188.00	1174.64	 3.3218	34.4326	27.4102	 0.41	 17.90	0.042	  125.35	100.00
1189.00	1175.62	 3.3131	34.4339	27.4120	 0.41	 18.02	0.041	  125.28	100.00
1190.00	1176.61	 3.3085	34.4347	27.4131	 0.41	 18.00	0.040	  125.35	100.00
1191.00	1177.59	 3.3077	34.4349	27.4133	 0.41	 17.99	0.041	  125.37	100.00
1192.00	1178.58	 3.3015	34.4354	27.4144	 0.42	 18.12	0.041	  125.35	100.00
1193.00	1179.57	 3.2876	34.4373	27.4172	 0.42	 18.23	0.040	  125.36	100.00
1194.00	1180.55	 3.2780	34.4384	27.4190	 0.42	 18.35	0.041	  125.36	100.00
1195.00	1181.54	 3.2671	34.4400	27.4213	 0.42	 18.40	0.042	  125.31	100.00
1196.00	1182.52	 3.2668	34.4401	27.4213	 0.43	 18.60	0.042	  125.30	100.00
1197.00	1183.51	 3.2664	34.4401	27.4214	 0.43	 18.54	0.041	  125.32	100.00
1198.00	1184.50	 3.2661	34.4402	27.4215	 0.43	 18.61	0.040	  125.34	100.00
1199.00	1185.48	 3.2657	34.4401	27.4215	 0.43	 18.72	0.042	  125.35	100.00
1200.00	1186.47	 3.2644	34.4403	27.4218	 0.43	 18.60	0.041	  125.40	100.00
1201.00	1187.45	 3.2616	34.4408	27.4225	 0.43	 18.61	0.041	  125.32	100.00
1202.00	1188.44	 3.2552	34.4414	27.4235	 0.43	 18.75	0.041	  125.28	100.00
1203.00	1189.43	 3.2496	34.4425	27.4249	 0.43	 18.79	0.041	  125.33	 99.57
1204.00	1190.41	 3.2484	34.4425	27.4251	 0.43	 18.85	0.041	  125.29	 99.53
1205.00	1191.40	 3.2457	34.4430	27.4257	 0.43	 18.88	0.041	  125.30	 96.32
1206.00	1192.38	 3.2445	34.4431	27.4259	 0.44	 18.95	0.040	  125.29	 95.85
1207.00	1193.37	 3.2440	34.4432	27.4260	 0.43	 18.87	0.040	  125.33	 95.50
1208.00	1194.36	 3.2413	34.4433	27.4263	 0.44	 18.97	0.041	  125.28	 92.38
1209.00	1195.34	 3.2367	34.4441	27.4275	 0.44	 19.02	0.042	  125.28	 91.37
1210.00	1196.33	 3.2358	34.4442	27.4276	 0.44	 19.02	0.042	  125.23	 90.25
1211.00	1197.31	 3.2349	34.4444	27.4278	 0.44	 19.06	0.040	  125.15	 89.35
1212.00	1198.30	 3.2342	34.4447	27.4282	 0.44	 19.19	0.040	  125.19	 88.45
1213.00	1199.28	 3.2324	34.4448	27.4284	 0.44	 19.08	0.040	  125.13	 87.45
1214.00	1200.27	 3.2311	34.4451	27.4288	 0.44	 19.19	0.041	  125.15	 86.56
1215.00	1201.26	 3.2305	34.4450	27.4288	 0.44	 19.24	0.042	  125.10	 85.61
1216.00	1202.24	 3.2276	34.4454	27.4294	 0.44	 19.21	0.042	  125.14	 84.42
1217.00	1203.23	 3.2261	34.4457	27.4298	 0.44	 19.18	0.040	  125.13	 83.44
1218.00	1204.21	 3.2254	34.4457	27.4298	 0.44	 19.27	0.040	  125.13	 82.44
1219.00	1205.20	 3.2254	34.4458	27.4300	 0.44	 19.25	0.040	  125.10	 81.43
1220.00	1206.19	 3.2213	34.4463	27.4307	 0.44	 19.27	0.040	  125.07	 80.50
1221.00	1207.17	 3.2207	34.4464	27.4309	 0.44	 19.30	0.040	  125.11	 79.44
1222.00	1208.16	 3.2209	34.4464	27.4309	 0.44	 19.28	0.040	  125.05	 78.48
1223.00	1209.14	 3.2205	34.4465	27.4309	 0.44	 19.29	0.040	  125.13	 77.49
1224.00	1210.13	 3.2203	34.4465	27.4310	 0.44	 19.28	0.041	  125.13	 76.60
1225.00	1211.11	 3.2203	34.4465	27.4310	 0.44	 19.30	0.041	  125.13	 75.47
1226.00	1212.10	 3.2193	34.4467	27.4312	 0.45	 19.39	0.040	  125.16	 74.52
1227.00	1213.09	 3.2177	34.4469	27.4315	 0.44	 19.32	0.041	  125.11	 73.50
1228.00	1214.07	 3.2162	34.4471	27.4319	 0.45	 19.42	0.042	  125.12	 72.49
1229.00	1215.06	 3.2145	34.4473	27.4322	 0.45	 19.38	0.041	  125.17	 71.51
1230.00	1216.04	 3.2146	34.4473	27.4322	 0.45	 19.45	0.040	  125.11	 70.55
1231.00	1217.03	 3.2150	34.4472	27.4321	 0.45	 19.43	0.040	  125.13	 69.58
1232.00	1218.01	 3.2143	34.4473	27.4322	 0.45	 19.41	0.041	  125.14	 68.61
1233.00	1219.00	 3.2140	34.4475	27.4325	 0.45	 19.49	0.041	  125.08	 67.52
1234.00	1219.99	 3.2134	34.4476	27.4326	 0.45	 19.51	0.040	  125.14	 66.69
1235.00	1220.97	 3.2123	34.4478	27.4328	 0.45	 19.52	0.040	  125.15	 65.70
1236.00	1221.96	 3.2092	34.4481	27.4334	 0.45	 19.51	0.040	  125.07	 64.72
1237.00	1222.94	 3.2062	34.4486	27.4341	 0.45	 19.55	0.040	  125.09	 63.67
1238.00	1223.93	 3.2064	34.4485	27.4339	 0.45	 19.53	0.040	  125.10	 62.51
1239.00	1224.91	 3.2060	34.4485	27.4340	 0.45	 19.54	0.041	  125.09	 61.54
1240.00	1225.90	 3.2053	34.4486	27.4342	 0.45	 19.55	0.042	  125.07	 60.67
1241.00	1226.89	 3.2039	34.4488	27.4344	 0.45	 19.55	0.041	  125.08	 59.67
1242.00	1227.87	 3.2028	34.4490	27.4347	 0.45	 19.61	0.040	  125.07	 58.64
1243.00	1228.86	 3.2023	34.4489	27.4347	 0.45	 19.64	0.041	  125.08	 57.59
1244.00	1229.84	 3.2006	34.4493	27.4352	 0.45	 19.75	0.042	  125.12	 56.75
1245.00	1230.83	 3.1994	34.4492	27.4352	 0.45	 19.77	0.042	  125.02	 55.79
1246.00	1231.81	 3.1963	34.4497	27.4359	 0.45	 19.70	0.041	  125.03	 54.76
1247.00	1232.80	 3.1956	34.4499	27.4361	 0.45	 19.70	0.041	  125.02	 53.91
1248.00	1233.79	 3.1951	34.4498	27.4361	 0.46	 19.81	0.040	  125.02	 52.81
1249.00	1234.77	 3.1949	34.4497	27.4361	 0.45	 19.76	0.041	  125.06	 51.64
1250.00	1235.76	 3.1947	34.4499	27.4362	 0.46	 19.79	0.042	  125.01	 50.49
1251.00	1236.74	 3.1926	34.4501	27.4366	 0.46	 19.84	0.040	  125.02	 49.76
1252.00	1237.73	 3.1904	34.4505	27.4371	 0.46	 19.88	0.042	  124.99	 48.79
1253.00	1238.71	 3.1888	34.4506	27.4373	 0.46	 19.89	0.041	  124.99	 47.85
1254.00	1239.70	 3.1863	34.4508	27.4377	 0.46	 19.86	0.041	  124.98	 46.86
1255.00	1240.69	 3.1824	34.4513	27.4385	 0.46	 20.02	0.041	  125.02	 45.79
1256.00	1241.67	 3.1805	34.4515	27.4389	 0.46	 19.92	0.042	  124.97	 44.84
1257.00	1242.66	 3.1798	34.4517	27.4391	 0.46	 19.96	0.042	  124.97	 43.70
1258.00	1243.64	 3.1842	34.4511	27.4382	 0.45	 19.73	0.041	  125.01	 42.47
1259.00	1244.63	 3.1886	34.4505	27.4373	 0.46	 19.79	0.041	  124.94	 41.51
1260.00	1245.61	 3.1761	34.4519	27.4396	 0.46	 19.89	0.042	  124.93	 40.59
1261.00	1246.60	 3.1706	34.4529	27.4409	 0.46	 20.00	0.041	  124.99	 39.54
1262.00	1247.59	 3.1664	34.4534	27.4417	 0.46	 20.14	0.041	  124.94	 38.48
1263.00	1248.57	 3.1440	34.4557	27.4456	 0.47	 20.40	0.040	  124.93	 37.53
1264.00	1249.56	 3.1346	34.4570	27.4475	 0.47	 20.53	0.041	  124.88	 36.63
1265.00	1250.54	 3.1360	34.4569	27.4473	 0.47	 20.59	0.042	  124.92	 35.53
1266.00	1251.53	 3.1304	34.4576	27.4484	 0.48	 20.77	0.042	  124.90	 34.54
1267.00	1252.51	 3.1190	34.4590	27.4505	 0.48	 20.91	0.042	  124.92	 33.64
1268.00	1253.50	 3.1161	34.4593	27.4510	 0.48	 20.98	0.041	  124.91	 32.58
1269.00	1254.48	 3.1176	34.4591	27.4507	 0.48	 21.08	0.041	  124.86	 31.55
1270.00	1255.47	 3.1036	34.4608	27.4534	 0.49	 21.22	0.041	  124.88	 30.57
1271.00	1256.46	 3.1026	34.4608	27.4535	 0.49	 21.30	0.040	  124.84	 29.50
1272.00	1257.44	 3.0980	34.4615	27.4545	 0.49	 21.36	0.041	  124.83	 28.47
1273.00	1258.43	 3.0948	34.4620	27.4551	 0.49	 21.45	0.041	  124.82	 27.43
1274.00	1259.41	 3.0866	34.4629	27.4566	 0.50	 21.55	0.041	  124.81	 26.51
1275.00	1260.40	 3.0845	34.4633	27.4571	 0.50	 21.65	0.040	  124.82	 25.43
1276.00	1261.38	 3.0812	34.4636	27.4577	 0.50	 21.69	0.041	  124.80	 24.41
1277.00	1262.37	 3.0790	34.4638	27.4581	 0.50	 21.74	0.041	  124.77	 23.49
1278.00	1263.35	 3.0688	34.4651	27.4600	 0.50	 21.89	0.040	  124.80	 22.52
1279.00	1264.34	 3.0703	34.4648	27.4597	 0.51	 22.04	0.040	  124.80	 21.45
1280.00	1265.33	 3.0570	34.4660	27.4618	 0.51	 22.21	0.042	  124.81	 20.41
1281.00	1266.31	 3.0273	34.4695	27.4673	 0.52	 22.63	0.041	  124.82	 19.39
1282.00	1267.30	 3.0071	34.4717	27.4709	 0.53	 23.00	0.042	  124.79	 18.42
1283.00	1268.28	 3.0119	34.4713	27.4702	 0.53	 23.05	0.041	  124.75	 17.39
1284.00	1269.27	 3.0127	34.4713	27.4701	 0.53	 23.06	0.041	  124.77	 16.37
1285.00	1270.25	 3.0143	34.4711	27.4698	 0.53	 23.04	0.041	  124.78	 15.33
1286.00	1271.24	 3.0148	34.4712	27.4698	 0.53	 23.03	0.041	  124.70	 14.36
1287.00	1272.22	 3.0148	34.4714	27.4699	 0.53	 23.05	0.041	  124.74	 13.51
1288.00	1273.21	 3.0138	34.4715	27.4701	 0.53	 23.04	0.041	  124.78	 12.49
1289.00	1274.19	 3.0157	34.4712	27.4698	 0.53	 23.04	0.040	  124.79	 11.47
1290.00	1275.18	 3.0157	34.4707	27.4694	 0.52	 22.77	0.041	  124.62	 10.15
1291.00	1276.17	 3.0157	34.4702	27.4690	 0.51	 22.33	0.041	  124.42	  8.73
