Sample	lat	long	replicates	sites	controls	group1	group2	group3	group4	group5	group6	group7	group8	Depth	Altitude	rough_mi_offshore	hr_afterLD	CTDTEMP	CTDSAL	CTDOXY	DIC	TA	pH	Carbonate	Silicate	Phosphate	Nitrate	Nitrite	Ammonium	Methane	aragonite_sat	degLat	Chl_a	SYNECHOCOCCUS	EUK_PHYTOPLANKTON	LARGE_DIATOM	CRYPTOPHYTE	BACTERIA	BACTERIA_HNA	BACTERIA_LNA	mL_filt
E370	51.711	-130.642	E370	QC74	NA	Line1	day	undersat_arg	benthic	deep	wayNorth	offshore	slope	876.7	10.3	74	1.6	4.062	34.242	21.4	2350.7	2340.3	7.278	NA	115	3.13	41.2	0.01	0.03	2.946	0.490142082	51.711	NA	NA	NA	NA	NA	NA	NA	NA	1000
E373	51.716	-130.644	E373	QC74	NA	Line1	day	oversat_arg	surface	upper100	wayNorth	offshore	slope	3.6	883.4	74	2.6	9.973	32.032	261.6	2015.9	2161.4	7.7318	NA	17.1	1.11	8.9	0.2	0.11	4.532	1.656370647	51.716	1.8	NA	NA	NA	NA	NA	NA	NA	1000
E378	52.399	-129.051	E378	QC2	NA	Line1	day	oversat_arg	benthic	upper100	wayNorth	near	shelf	35	10	2	10.7	9.569	31.86	258	2007.5	2148.7	7.7716	NA	16	1.06	8.1	0.21	1.27	4.251	1.603220473	52.399	NA	47200	3560	176	67.1	3030000	1920000	1420000	1000
E380	52.398	-129.052	E380	QC2	NA	Line1	day	oversat_arg	surface	upper100	wayNorth	near	shelf	3.6	41.4	2	10.8	12.933	30.422	306.3	1867.6	2060.7	7.9227	NA	12	0.53	1.6	0.08	0.05	4.909	2.12667211	52.398	4.5	308000	53800	2390	87.7	5040000	2940000	3040000	1000
E384.3B	52.018	-129.971	E384	QC43	NA	Line1	day	undersat_arg	benthic	deep	wayNorth	offshore	shelf	119.8	10.2	43	15.9	6.648	33.286	140.1	2191.8	2234.2	7.4485	NA	47	2.21	28.7	0.07	0.07	3.224	0.832924522	52.018	NA	554	339	0	0	1050000	856000	105000	1000
E386.1B	52.017	-129.971	E386	QC43	NA	Line1	day	oversat_arg	surface	upper100	wayNorth	offshore	shelf	4.1	125.9	43	16.3	13.278	31.648	289.3	1944.3	2142.8	7.9115	NA	8.4	0.51	0.8	0.04	0.01	4.444	2.177101847	52.017	0.8	341500	59300	424	9.85	6010000	3050000	5620000	1000
E388.1B	48.185	-126.596	E388	BS64	NA	Line2	day	undersat_arg	benthic	deep	northBound	offshore	plain	2467.9	10.1	64	0.4	1.777	34.636	75.1	2395.9	2436.6	7.4395	65.87606053	192.7	2.94	38.3	0.02	0.01	1.41	0.514300037	48.185	NA	NA	NA	NA	NA	NA	NA	NA	1000
E392	48.356	-126.307	E392	BS48	NA	Line2	day	undersat_arg	benthic	deep	northBound	offshore	slope	1275.1	9.9	48	4.2	3.044	34.468	22.3	2382.2	2385.6	7.3145	48.70169965	147.2	3.17	42.2	0.02	0.02	2.357	0.503521392	48.356	NA	NA	NA	NA	NA	NA	NA	NA	1000
E394	48.356	-126.307	E394	BS48	NA	Line2	day	undersat_arg	pelagic	upper100	northBound	offshore	slope	99.4	1185.6	48	5	7.54	33.207	189.8	2146.5	2219.9	7.5448	72.65470642	27.8	1.78	20.7	0.03	0.02	4.445	1.044297529	48.356	NA	NA	NA	NA	NA	NA	NA	NA	1000
E395	48.356	-126.307	E395	BS48	NA	Line2	day	oversat_arg	surface	upper100	northBound	offshore	slope	4.2	1280.8	48	5.2	14.842	31.71	275.6	1932.6	2144.8	7.9263	141.6098268	3.7	0.36	0	0.03	0.02	4.651	2.325934125	48.356	0.3	NA	NA	NA	NA	NA	NA	NA	1000
E396	48.433	-126.227	E396	BS43	NA	Line2	day	undersat_arg	benthic	deep	northBound	offshore	slope	586.1	10.9	43	6.9	4.782	34.168	22.6	2332.3	2323.1	7.2795	43.34529079	95.8	3.07	40.8	0.03	0.01	18.851	0.525773217	48.433	NA	NA	NA	NA	NA	NA	NA	NA	1000
E404	48.537	-125.996	E404	BS32	NA	Line2	day	undersat_arg	benthic	deep	northBound	offshore	shelf	114	10	32	9.2	7.131	33.641	73.2	2247.8	2251.3	7.3183	46.5864774	52.8	2.62	33	0.2	0.67	67.326	0.629579869	48.537	NA	NA	NA	NA	NA	NA	NA	NA	1000
E405	48.537	-125.996	E405	BS32	NA	Line2	day	undersat_arg	pelagic	upper100	northBound	offshore	shelf	59.3	64.7	32	9.3	7.874	32.899	126	2186.6	2213.6	7.3995	53.13741077	41.8	2.33	28.8	0.17	0.33	16.706	0.752493754	48.537	NA	NA	NA	NA	NA	NA	NA	NA	1000
E406	48.536	-125.996	E406	BS32	NA	Line2	day	oversat_arg	surface	upper100	northBound	offshore	shelf	3.4	120.6	32	9.5	16.756	31.726	290.5	1922.2	2154.9	7.9703	155.2343153	4.2	0.32	0	0.03	0.04	5.917	2.553305791	48.536	1.3	NA	NA	NA	NA	NA	NA	NA	1000
E408	48.658	-125.782	E408	BS20	NA	Line2	day	undersat_arg	benthic	upper100	northBound	offshore	shelf	56.7	10.3	20	11	8.334	32.905	127.9	2186.1	2220.2	7.4321	56.65955223	46.9	2.34	27.5	0.26	1.33	32.477	0.799742935	48.658	NA	NA	NA	NA	NA	NA	NA	NA	1000
E411.1T	48.719	-125.677	E411	BS14	NA	Line2	day	undersat_arg	benthic	deep	northBound	near	shelf	156.6	10.4	14	13.2	7.709	33.309	100.2	2219.4	2237.4	7.3744	51.4469261	51.3	2.55	29.5	0.23	1.87	38.073	0.69536937	48.719	NA	1135	813	52.4	0	1120000	876000	224000	1000
E412.1B	48.719	-125.677	E412	BS14	NA	Line2	day	undersat_arg	pelagic	upper100	northBound	near	shelf	79	88	14	13.3	8.236	33.033	125.3	2188.1	2226.5	7.4412	58.08017187	44.1	2.29	27.1	0.22	1.46	23.455	0.823368692	48.719	NA	NA	NA	NA	NA	NA	NA	NA	1000
E412.2T	48.719	-125.677	E412	BS14	NA	Line2	day	undersat_arg	pelagic	upper100	northBound	near	shelf	79	88	14	13.3	8.235	33.034	124.9	2188.1	2226.5	7.4412	58.08017187	44.1	2.29	27.1	0.22	1.46	23.455	0.823368692	48.719	NA	809	536	64.7	9.25	1260000	796000	573000	1000
E412.3T	48.719	-125.677	E412	BS14	NA	Line2	day	undersat_arg	pelagic	upper100	northBound	near	shelf	79	88	14	13.3	8.235	33.034	124.9	2188.1	2226.5	7.4412	58.08017187	44.1	2.29	27.1	0.22	1.46	23.455	0.823368692	48.719	NA	809	536	64.7	9.25	1260000	796000	573000	1000
E413.1B	48.718	-125.677	E413	BS14	NA	Line2	day	oversat_arg	surface	upper100	northBound	near	shelf	3.1	163.9	14	13.6	17.599	31.496	346.1	1880.1	2163.5	8.0813	194.361735	0.4	0.18	0	0.02	0.08	7.902	3.051104986	48.718	1	10850	2220	328	0	5020000	2740000	2580000	1000
E413.2B	48.718	-125.677	E413	BS14	NA	Line2	day	oversat_arg	surface	upper100	northBound	near	shelf	3.1	163.9	14	13.6	17.716	31.488	346.2	1880.1	2163.5	8.0813	194.361735	0.4	0.18	0	0.02	0.08	7.902	3.051104986	48.718	1	10850	2220	328	0	5020000	2740000	2580000	1000
E413.3B	48.718	-125.677	E413	BS14	NA	Line2	day	oversat_arg	surface	upper100	northBound	near	shelf	3.1	163.9	14	13.6	17.751	31.487	346.2	1880.1	2163.5	8.0813	194.361735	0.4	0.18	0	0.02	0.08	7.902	3.051104986	48.718	1	10850	2220	328	0	5020000	2740000	2580000	1000
E418.1B	48.81	-125.517	E418	BS6	NA	Line2	night	undersat_arg	pelagic	upper100	northBound	near	shelf	50.3	61.7	6	5.4	8.423	32.745	136.5	2172.4	2215.8	7.4424	57.40251867	47	2.29	27.9	0.25	0.63	23.021	0.857537617	48.81	NA	NA	NA	NA	NA	NA	NA	NA	1000
E418.2T	48.81	-125.517	E418	BS6	NA	Line2	night	undersat_arg	pelagic	upper100	northBound	near	shelf	50.7	61.3	6	5.4	8.404	32.756	136.5	2172.4	2215.8	7.4424	57.40251867	47	2.29	27.9	0.25	0.63	23.021	0.857537617	48.81	NA	494.5	960	118	0	1980000	1280000	682000	1000
E418.3T	48.81	-125.517	E418	BS6	NA	Line2	night	undersat_arg	pelagic	upper100	northBound	near	shelf	50.7	61.3	6	5.4	8.404	32.756	136.5	2172.4	2215.8	7.4424	57.40251867	47	2.29	27.9	0.25	0.63	23.021	0.857537617	48.81	NA	494.5	960	118	0	1980000	1280000	682000	1000
E419.1B	48.811	-125.517	E419	BS6	NA	Line2	night	oversat_arg	surface	upper100	northBound	near	shelf	3.5	108.5	6	5.7	16.063	31.021	380.7	1827.5	2125.6	8.1103	188.3367524	0.6	0.16	0	0.02	0.06	10.514	3.195890731	48.811	5.5	NA	NA	NA	NA	NA	NA	NA	1000
E419.2B	48.811	-125.517	E419	BS6	NA	Line2	night	oversat_arg	surface	upper100	northBound	near	shelf	3.4	108.6	6	5.7	16.123	31.015	380.8	1827.5	2125.6	8.1103	188.3367524	0.6	0.16	0	0.02	0.06	10.514	3.195890731	48.811	5.5	24700	11400	1340	0	9290000	5540000	2720000	1000
E419.3B	48.811	-125.517	E419	BS6	NA	Line2	night	oversat_arg	surface	upper100	northBound	near	shelf	3.2	108.8	6	5.7	16.126	31.015	380.8	1827.5	2125.6	8.1103	188.3367524	0.6	0.16	0	0.02	0.06	10.514	3.195890731	48.811	5.5	NA	NA	NA	NA	NA	NA	NA	1000
E423	48.865	-125.425	E423	BS2	NA	Line2	day	undersat_arg	benthic	upper100	northBound	near	shelf	43.5	10.5	2	0.7	9.224	32.359	148.2	2148	2205.5	7.5011	64.76379116	42.9	2.23	19.2	0.34	4.52	30.182	0.954676231	48.865	NA	432	921	247	0	1730000	1040000	583000	1000
E424	48.865	-125.425	E424	BS2	NA	Line2	day	undersat_arg	pelagic	upper100	northBound	near	shelf	20.5	33.5	2	0.8	9.83	32.195	187.7	2117.1	2198.8	7.5684	72.31976412	38.9	1.98	19.2	0.33	2.59	31.285	1.137430828	48.865	NA	NA	NA	NA	NA	NA	NA	NA	1000
E425	48.865	-125.425	E425	BS2	NA	Line2	day	oversat_arg	surface	upper100	northBound	near	shelf	3.3	50.7	2	0.8	16.577	29.785	346.3	1828.2	2072	8.0419	150.5299182	1.9	0.17	0	0.06	0.11	10.258	2.669807654	48.865	6.1	22000	7830	2330	0	10000000	6100000	2770000	1000
E427	48.361	-125.22	E427	JF20	NA	Line3	day	undersat_arg	benthic	deep	OCNMS	offshore	shelf	170.4	10.6	20	4.1	6.278	33.958	51.6	2282.2	2279.7	7.2941	45.22458568	64.8	2.81	35.8	0.2	0.21	35.885	0.59889189	48.361	NA	NA	NA	NA	NA	NA	NA	NA	1000
E428	48.361	-125.22	E428	JF20	NA	Line3	day	oversat_arg	pelagic	deep	OCNMS	offshore	shelf	149.1	31.9	20	4.1	6.468	33.922	50.7	2279.8	NA	7.2855	43.95979118	63.7	2.79	35.8	0.14	0.04	24.042	NA	48.361	NA	NA	NA	NA	NA	NA	NA	NA	1000
E429	48.361	-125.22	E429	JF20	NA	Line3	day	oversat_arg	pelagic	upper100	OCNMS	offshore	shelf	99.1	81.9	20	4.2	6.521	33.91	41	2288	NA	7.2576	40.74043879	66.3	2.9	36.3	0.08	0.04	22.653	NA	48.361	NA	NA	NA	NA	NA	NA	NA	NA	1000
E430	48.362	-125.22	E430	JF20	NA	Line3	day	oversat_arg	surface	upper100	OCNMS	offshore	shelf	3.3	177.7	20	4.5	12.821	32.111	379	1950.6	2210.1	8.0096	175.0592586	8.4	0.45	2.3	0.13	0.55	15.36	2.777531664	48.362	NA	NA	NA	NA	NA	NA	NA	NA	1000
E431	48.37	-124.949	E431	JF9	NA	Line3	day	undersat_arg	benthic	deep	OCNMS	near	shelf	108	10	9	6.5	6.61	33.868	55.5	2275.7	2269.8	7.2924	44.34218744	61	2.75	35.7	0.08	0.03	25.432	0.590296179	48.37	NA	NA	NA	NA	NA	NA	NA	NA	1000
E432	48.37	-124.949	E432	JF9	NA	Line3	day	oversat_arg	pelagic	upper100	OCNMS	near	shelf	99.2	18.8	9	6.5	6.622	33.863	56.4	2273.5	NA	7.2934	43.34501402	60.9	2.75	35.7	0.08	0.03	25.329	NA	48.37	NA	NA	NA	NA	NA	NA	NA	NA	1000
E433	48.37	-124.95	E433	JF9	NA	Line3	day	oversat_arg	pelagic	upper100	OCNMS	near	shelf	49.8	68.2	9	6.7	7.738	33.012	132	2179.2	NA	7.4228	55.60924892	38.5	2.2	27.3	0.05	0.03	14.227	NA	48.37	NA	NA	NA	NA	NA	NA	NA	NA	1000
E434	48.37	-124.95	E434	JF9	NA	Line3	day	oversat_arg	surface	upper100	OCNMS	near	shelf	3.4	114.6	9	6.9	13.103	31.715	335.5	1957.2	2186.2	7.9635	NA	15.5	0.72	5.3	0.21	0.54	16	2.48324475	48.37	4.3	NA	NA	NA	NA	NA	NA	NA	1000
E435	48.37	-124.791	E435	JF2_5	NA	Line3	day	undersat_arg	benthic	upper100	OCNMS	near	shelf	67.3	9.7	2.5	8.3	6.951	33.878	82.8	2246	2265.4	7.3547	50.60788907	51.9	2.52	32.7	0.22	0.43	29.234	0.720115683	48.37	NA	NA	NA	NA	NA	NA	NA	NA	1000
E436	48.37	-124.791	E436	JF2_5	NA	Line3	day	oversat_arg	pelagic	upper100	OCNMS	near	shelf	39.5	37.5	2.5	8.4	6.957	33.83	82.5	2246.9	NA	7.354	50.10349949	52.6	2.54	32.8	0.22	0.41	26.8	NA	48.37	NA	NA	NA	NA	NA	NA	NA	NA	1000
E437	48.37	-124.791	E437	JF2_5	NA	Line3	day	undersat_arg	surface	upper100	OCNMS	near	shelf	3.1	73.9	2.5	8.5	8.236	33.307	124.5	2203.9	2242	7.4176	56.03865282	49.5	2.36	29.8	0.26	0.4	26.992	0.839055538	48.37	1.8	NA	NA	NA	NA	NA	NA	NA	1000
E438	48.131	-125.175	E438	JF23	NA	Line3	day	undersat_arg	benthic	deep	OCNMS	offshore	shelf	249.4	10.6	23	11	6.426	33.985	69.3	2263.5	2277.9	7.3433	49.28940129	60.3	2.63	35.2	0.08	0.03	12.952	0.66859543	48.131	NA	NA	NA	NA	NA	NA	NA	NA	1000
E440	48.131	-125.175	E440	JF23	NA	Line3	day	undersat_arg	pelagic	upper100	OCNMS	offshore	shelf	99.8	160.2	23	11.2	6.994	33.9	92.3	2236.7	2265.5	7.3886	51.940556	49.3	2.4	31.9	0.11	0.1	19.312	0.767403034	48.131	NA	NA	NA	NA	NA	NA	NA	NA	1000
E441	48.131	-125.174	E441	JF23	NA	Line3	day	oversat_arg	surface	upper100	OCNMS	offshore	shelf	3	257	23	11.5	14.959	32.078	473.3	1790.2	2209.4	8.2812	285.5527211	0.8	0.25	0	0.05	0.03	14.952	4.413479415	48.131	16.2	NA	NA	NA	NA	NA	NA	NA	1000
E442	47.959	-125.333	E442	JF35	NA	Line3	day	undersat_arg	benthic	deep	OCNMS	offshore	shelf	492	11	35	14.4	5.433	34.07	42.6	2299.3	2299.6	7.3023	46.24393872	78.9	2.93	39	0.05	0.02	24.458	0.572432695	47.959	NA	NA	NA	NA	NA	NA	NA	NA	1000
E444	47.96	-125.334	E444	JF35	NA	Line3	day	undersat_arg	pelagic	upper100	OCNMS	offshore	shelf	99.8	403.2	35	14.8	7.547	33.744	133.3	2200.1	2247	7.4583	63.01018075	37.3	2.1	27.7	0.05	0.02	3.508	0.873407647	47.96	NA	NA	NA	NA	NA	NA	NA	NA	1000
E445	47.961	-125.333	E445	JF35	NA	Line3	day	oversat_arg	surface	upper100	OCNMS	offshore	shelf	3.4	499.6	35	15.2	14.443	31.533	374.5	1872.7	2175.9	8.0984	209.8019076	0.6	0.2	0	0.06	0.03	14.589	3.232193882	47.961	8.7	NA	NA	NA	NA	NA	NA	NA	1000
E446.1B.PCR1	47.954	-124.907	E446	ChaBa	NA	Line0	night	undersat_arg	benthic	upper100	OCNMS	near	shelf	77.1	9.9	12	5	7.326	33.725	75.7	2246.1	2255.2	7.3319	47.36849361	53.7	2.56	31.7	0.26	0.96	263.747	0.664148655	47.954	1.3	NA	NA	NA	NA	NA	NA	NA	1000
E446.2B.PCR1	47.954	-124.907	E446	ChaBa	NA	Line0	night	undersat_arg	benthic	upper100	OCNMS	near	shelf	76.2	10.8	12	5	7.347	33.719	75.7	2246.1	2255.2	7.3319	47.36849361	53.7	2.56	31.7	0.26	0.96	263.747	0.664148655	47.954	1.3	1730	3270	321	0	1570000	1080000	317000	1000
E446.3B.PCR1	47.954	-124.907	E446	ChaBa	NA	Line0	night	undersat_arg	benthic	upper100	OCNMS	near	shelf	76.5	10.5	12	5	7.338	33.722	75.7	2246.1	2255.2	7.3319	47.36849361	53.7	2.56	31.7	0.26	0.96	263.747	0.664148655	47.954	1.3	NA	NA	NA	NA	NA	NA	NA	1000
E447.1B.PCR1	47.954	-124.907	E447	ChaBa	NA	Line0	night	oversat_arg	pelagic	upper100	OCNMS	near	shelf	10.8	76.2	12	5.3	15.44	31.775	278.5	1940.5	2165.3	7.952	153.2660669	6.7	0.4	0.3	0.05	0.19	32.6	2.459277985	47.954	NA	NA	NA	NA	NA	NA	NA	NA	1000
E447.2B.PCR1	47.954	-124.907	E447	ChaBa	NA	Line0	night	oversat_arg	pelagic	upper100	OCNMS	near	shelf	10.8	76.2	12	5.3	15.477	31.772	278.5	1940.5	2165.3	7.952	153.2660669	6.7	0.4	0.3	0.05	0.19	32.6	2.459277985	47.954	NA	NA	NA	NA	NA	NA	NA	NA	1000
E447.3B.PCR1	47.954	-124.907	E447	ChaBa	NA	Line0	night	oversat_arg	pelagic	upper100	OCNMS	near	shelf	10.8	76.2	12	5.3	15.449	31.775	278.5	1946.7	2164.6	7.952	153.2660669	6.7	0.4	0.3	0.05	0.19	32.597	2.392537378	47.954	NA	NA	NA	NA	NA	NA	NA	NA	1000
E448.1B.PCR1	47.954	-124.907	E448	ChaBa	NA	Line0	night	oversat_arg	surface	upper100	OCNMS	near	shelf	3.3	83.7	12	5.3	15.506	31.77	278.2	1930.9	2162.2	7.9703	159.2875546	5.7	0.33	0	0.03	0.13	32.216	2.524847999	47.954	0.8	281500	16700	459	39.1	6080000	2870000	4840000	1000
E448.2B.PCR1	47.954	-124.907	E448	ChaBa	NA	Line0	night	oversat_arg	surface	upper100	OCNMS	near	shelf	2.9	84.1	12	5.3	15.502	31.77	278.2	1930.9	2162.2	7.9703	159.2875546	5.7	0.33	0	0.03	0.13	32.216	2.524847999	47.954	0.8	NA	NA	NA	NA	NA	NA	NA	1000
E448.3B.PCR1	47.954	-124.907	E448	ChaBa	NA	Line0	night	oversat_arg	surface	upper100	OCNMS	near	shelf	3.1	83.9	12	5.3	15.496	31.771	278.2	1930.9	2162.2	7.9703	159.2875546	5.7	0.33	0	0.03	0.13	32.216	2.524847999	47.954	0.8	NA	NA	NA	NA	NA	NA	NA	1000
E449.1B.PCR1	47.946	-124.746	E449	Sokul	NA	Line0	night	undersat_arg	benthic	upper100	OCNMS	near	shelf	25.7	10.3	3	7.4	8.269	33.447	50.3	2265.1	2251.8	7.2534	39.79331726	51.3	2.71	25.6	0.5	5.15	65.973	0.57135021	47.946	NA	NA	NA	NA	NA	NA	NA	NA	1000
E449.2B.PCR1	47.946	-124.746	E449	Sokul	NA	Line0	night	undersat_arg	benthic	upper100	OCNMS	near	shelf	25.3	10.7	3	7.4	8.274	33.443	50.3	2265.1	2251.8	7.2534	39.79331726	51.3	2.71	25.6	0.5	5.15	65.973	0.57135021	47.946	NA	13200	8360	796	0	3900000	2270000	1390000	1000
E449.3B.PCR1	47.946	-124.746	E449	Sokul	NA	Line0	night	undersat_arg	benthic	upper100	OCNMS	near	shelf	26	10	3	7.4	8.265	33.452	48.5	2265.1	2251.8	7.2534	39.79331726	51.3	2.71	25.6	0.5	5.15	65.973	0.57135021	47.946	NA	NA	NA	NA	NA	NA	NA	NA	1000
E450.1B.PCR1	47.946	-124.746	E450	Sokul	NA	Line0	night	oversat_arg	surface	upper100	OCNMS	near	shelf	3.1	32.9	3	7.6	16.378	32.069	418.5	1738.4	2200.8	8.3426	210.0089953	0.4	0.1	0	0.04	0.06	12.261	4.876946617	47.946	NA	82450	7020	2000	0	8060000	4740000	2520000	1000
E450.2B.PCR1	47.946	-124.746	E450	Sokul	NA	Line0	night	oversat_arg	surface	upper100	OCNMS	near	shelf	3.6	32.4	3	7.6	16.375	32.069	418.5	1738.4	2200.8	8.3426	210.0089953	0.4	0.1	0	0.04	0.06	12.261	4.876946617	47.946	6.7	NA	NA	NA	NA	NA	NA	NA	1000
E450.3B.PCR1	47.946	-124.746	E450	Sokul	NA	Line0	night	oversat_arg	surface	upper100	OCNMS	near	shelf	3.6	32.4	3	7.6	16.371	32.071	418.5	1738.4	2200.8	8.3426	210.0089953	0.4	0.1	0	0.04	0.06	12.261	4.876946617	47.946	NA	NA	NA	NA	NA	NA	NA	NA	1000
E451	47.68	-125.579	E451	JF54	NA	Line3	day	undersat_arg	benthic	deep	offshoreW	offshore	slope	1232.8	10.2	54	4	3.268	34.452	19.4	2380	2379.4	7.312	48.17089626	140.2	3.23	43.5	0.02	0.04	3.856	0.493220398	47.68	NA	NA	NA	NA	NA	NA	NA	NA	1000
E453	47.68	-125.577	E453	JF54	NA	Line3	day	undersat_arg	pelagic	upper100	offshoreW	offshore	slope	99.4	1143.6	54	4.6	7.623	33.051	200.1	2133.8	2213.1	7.5658	74.61412762	24.5	1.71	20.7	0.03	0.05	4.837	1.085900788	47.68	NA	NA	NA	NA	NA	NA	NA	NA	1000
E454	47.68	-125.576	E454	JF54	NA	Line3	day	oversat_arg	surface	upper100	offshoreW	offshore	slope	3.8	1239.2	54	5	16.546	31.893	259.9	1959.6	2158.2	7.9	140.2447236	2.1	0.42	0	0.01	0.05	4.242	2.219907107	47.68	0.2	NA	NA	NA	NA	NA	NA	NA	1000
E455	47.638	-124.487	E455	Kalaloch	NA	Line0	day	oversat_arg	benthic	upper100	OCNMS	near	shelf	14	10	5	9.3	12.333	32.278	410.1	1849.6	2209.6	8.1863	238.7920743	0.3	0.08	0	0.03	0.1	12.879	3.761332959	47.638	5.1	16950	5240	1390	0	6110000	4150000	1520000	1000
E458.1B	46.13	-124.909	E458	CR40	NA	Line5	night	undersat_arg	benthic	deep	southBound	offshore	slope	1288.1	9.9	40	6	3.04	34.481	25.4	2380.7	2386.7	7.3224	49.87872962	146.6	3.23	43.3	0.15	0.04	12.332	0.512115668	46.13	NA	NA	NA	NA	NA	NA	NA	NA	1000
E463	46.129	-124.906	E463	CR40	NA	Line5	night	undersat_arg	pelagic	deep	southBound	offshore	slope	100.7	1197.3	40	6.7	8.057	33.067	201	2124	2208.8	7.5852	78.35115638	21.5	1.64	18.9	0.16	0.02	5.171	1.127569073	46.129	NA	NA	NA	NA	NA	NA	NA	NA	1000
E464	46.129	-124.906	E464	CR40	NA	Line5	night	oversat_arg	pelagic	upper100	southBound	offshore	slope	45	1253	40	6.8	9.553	32.295	304.4	2005.9	2169.7	7.8155	121.5014746	3.8	0.73	2	0.24	0.1	NA	1.80165414	46.129	0.2	NA	NA	NA	NA	NA	NA	NA	1000
E465	46.129	-124.906	E465	CR40	NA	Line5	night	oversat_arg	pelagic	upper100	southBound	offshore	slope	10.4	1287.6	40	7	16.268	31.961	255.4	1966.9	NA	7.8888	127.1442859	0.9	0.44	0	0.14	0.16	3.288	NA	46.129	NA	NA	NA	NA	NA	NA	NA	NA	1000
E466.1B	46.129	-124.906	E466	CR40	NA	Line5	night	oversat_arg	surface	upper100	southBound	offshore	slope	3.1	1294.9	40	7	16.271	31.96	255.1	1968.5	2161	7.8906	138.8078707	0.9	0.45	0	0.14	0.2	3.368	2.158111793	46.129	0.9	NA	NA	NA	NA	NA	NA	NA	1000
E466.2B	46.129	-124.906	E466	CR40	NA	Line5	night	oversat_arg	surface	upper100	southBound	offshore	slope	3.3	1294.7	40	7	16.272	31.96	255.1	1968.5	2161	7.8906	138.8078707	0.9	0.45	0	0.14	0.2	3.368	2.158111793	46.129	0.9	NA	NA	NA	NA	NA	NA	NA	1000
E466.3B	46.129	-124.906	E466	CR40	NA	Line5	night	oversat_arg	surface	upper100	southBound	offshore	slope	3.8	1294.2	40	7	16.273	31.959	255.1	1968.5	2161	7.8906	138.8078707	0.9	0.45	0	0.14	0.2	3.368	2.158111793	46.129	0.9	NA	NA	NA	NA	NA	NA	NA	1000
E467	46.243	-124.118	E467	CR0	NA	Line5	day	oversat_arg	benthic	upper100	southBound	near	river	12.8	10.2	0	6	15.78	29.081	296.6	1816.5	2038.3	8.04	136.4775248	11.5	0.21	0	0.16	0.08	18.44	2.436463131	46.243	6.9	NA	NA	NA	NA	NA	NA	NA	1000
E469	46.245	-124.119	E469	CR0	NA	Line5	day	oversat_arg	surface	upper100	southBound	near	river	3.6	19.4	0	6.2	17.179	17.463	276.2	1473.7	1604.8	NA	NA	NA	NA	NA	NA	NA	98.407	1.385035111	46.245	10.3	NA	NA	NA	NA	NA	NA	NA	1000
E470	46.252	-124.003	E470	CR1	NA	Line5	day	oversat_arg	surface	upper100	southBound	near	river	2.9	21.1	1	7.4	20.006	4.572	257.6	1106.1	NA	7.7342	NA	121.7	0.67	5.3	0.29	2.01	96.661	NA	46.252	4.5	16850	23300	1980	57.4	4100000	1700000	1430000	750
E471	46.251	-124.003	E471	CR1	NA	Line5	day	undersat_arg	benthic	upper100	southBound	near	river	14.1	9.9	1	7.3	18.775	9.736	269.9	1272.5	1198	7.8126	NA	143.1	0.6	5.6	0.29	1.6	101.507	0.127096896	46.251	4.9	NA	NA	NA	NA	NA	NA	NA	750
E472	46.193	-123.914	E472	CR2	NA	Line5	day	oversat_arg	benthic	upper100	southBound	near	river	10.6	10.4	2	9.8	20.082	5.311	272.2	1069	NA	7.6363	NA	149.1	0.53	4.9	0.3	1.24	193.64	NA	46.193	NA	NA	NA	NA	NA	NA	NA	NA	1000
E474	46.193	-123.913	E474	CR2	NA	Line5	day	oversat_arg	surface	upper100	southBound	near	river	2.8	18.2	2	10	20.877	2.752	273.7	1054.7	NA	7.6471	NA	152.5	0.53	4.8	0.32	1.13	232.657	NA	46.193	NA	17450	32400	3590	35.4	4190000	1600000	1500000	1000
E475.PCR1	46.131	-124.031	E475	CR3	NA	Line5	day	oversat_arg	benthic	upper100	southBound	near	shelf	19.7	10.3	3	12.3	14.011	31.508	323.9	1904.1	2168.5	8.0395	172.1616372	0.7	0.29	0	0.16	0.15	18.547	2.829170975	46.131	10.2	30600	2930	1170	23.2	1800000	790000	764000	1000
E476	46.131	-124.031	E476	CR3	NA	Line5	day	oversat_arg	pelagic	upper100	southBound	near	shelf	14	16	3	12.3	15.264	30.511	336.8	1842.7	2122.6	8.0928	186.90687	0.5	0.17	0	0.16	0.04	12.055	3.009886258	46.131	NA	NA	NA	NA	NA	NA	NA	NA	1000
E477	46.131	-124.031	E477	CR3	NA	Line5	day	oversat_arg	pelagic	upper100	southBound	near	shelf	9.7	20.3	3	12.4	16.483	29.239	302.9	1820.3	2067.3	8.0695	152.5776045	9.4	0.11	0	0.16	0.03	9.658	2.709382793	46.131	NA	227500	11100	799	9.41	5010000	1880000	4110000	1000
E478	46.131	-124.031	E478	CR3	NA	Line5	day	oversat_arg	surface	upper100	southBound	near	shelf	4.8	25.2	3	12.4	16.562	28.529	289.3	1819.2	2053	8.0412	144.3792916	14.4	0.1	0	0.16	0.03	10.065	2.591866044	46.131	NA	NA	NA	NA	NA	NA	NA	NA	1000
E479	46.131	-124.031	E479	CR3	NA	Line5	day	oversat_arg	surface	upper100	southBound	near	shelf	4.1	25.9	3	12.4	16.564	28.52	289.2	1818.3	2051.6	8.0382	115.1100008	14.9	0.1	0	0.15	0.03	10.154	2.587383797	46.131	2.2	269000	11100	693	0	7780000	2980000	6260000	1000
E486.PCR1	46.129	-124.269	E486	CR13	NA	Line5	day	undersat_arg	benthic	upper100	southBound	near	shelf	87.7	10.3	13	14.9	7.339	33.924	60.7	2266.1	2264.4	7.3073	44.58670897	59.2	2.65	32.9	0.14	0.01	7.367	0.614098098	46.129	NA	NA	NA	NA	NA	NA	NA	NA	1000
E487	46.129	-124.269	E487	CR13	NA	Line5	day	oversat_arg	benthic	upper100	southBound	near	shelf	78.2	19.8	13	14.9	7.337	33.924	60.8	2263.5	NA	7.309	44.01245588	58.4	2.63	33	0.11	0.01	8.174	NA	46.129	NA	NA	NA	NA	NA	NA	NA	NA	1000
E488	46.129	-124.27	E488	CR13	NA	Line5	day	oversat_arg	pelagic	upper100	southBound	near	shelf	51	47	13	15	7.618	33.662	88.1	2230	NA	7.3491	48.39882735	41.3	2.38	31	0.09	0.01	11.059	NA	46.129	NA	NA	NA	NA	NA	NA	NA	NA	1000
E489	46.129	-124.27	E489	CR13	NA	Line5	day	undersat_arg	pelagic	upper100	southBound	near	shelf	32.6	65.4	13	15.1	7.861	33.18	132.2	2188.2	2218.7	7.4179	55.63290812	33.6	2.17	27.2	0.15	0.01	11.327	0.778396955	46.129	NA	NA	NA	NA	NA	NA	NA	NA	1000
E490	46.129	-124.27	E490	CR13	NA	Line5	day	oversat_arg	pelagic	upper100	southBound	near	shelf	10.8	87.2	13	15.2	13.095	31.814	263.4	1951.1	2173.2	7.9527	154.937961	6.4	0.36	0.2	0.1	0.02	7.618	2.404802224	46.129	1.9	NA	NA	NA	NA	NA	NA	NA	1000
E491	46.129	-124.27	E491	CR13	NA	Line5	day	oversat_arg	surface	upper100	southBound	near	shelf	3.3	94.7	13	15.2	15.448	30.059	288.8	1877.9	2110.9	8.0076	142.9735713	9.2	0.18	0	0.09	0.01	11.39	2.556654099	46.129	2.5	NA	NA	NA	NA	NA	NA	NA	1000
E492.1B.PCR1	46.129	-124.526	E492	CR24	NA	Line5	night	undersat_arg	benthic	deep	southBound	offshore	shelf	131	10	24	1	6.743	33.992	37	2288.7	2275.9	7.2632	42.05407508	66.7	2.89	35.7	0.34	0.01	10.881	0.560668111	46.129	NA	NA	NA	NA	NA	NA	NA	NA	1000
E494.PCR1	46.128	-124.526	E494	CR24	NA	Line5	night	undersat_arg	pelagic	upper100	southBound	offshore	shelf	79.7	61.3	24	1.2	7.542	33.753	74.2	2251	2249.6	7.3108	45.28888069	45.9	2.55	32.7	0.15	0.14	7.508	0.612787792	46.128	NA	NA	NA	NA	NA	NA	NA	NA	1000
E495.PCR1	46.128	-124.526	E495	CR24	NA	Line5	night	undersat_arg	pelagic	upper100	southBound	offshore	shelf	60.4	80.6	24	1.2	7.729	33.262	162.5	2167.5	2221.7	7.4879	64.44123382	29.8	1.96	24.4	0.1	0.01	4.778	0.921586894	46.128	NA	566	131	61	17.4	1020000	733000	176000	1000
E496.1T.PCR1	46.128	-124.526	E496	CR24	NA	Line5	night	oversat_arg	pelagic	upper100	southBound	offshore	shelf	20.5	120.5	24	1.4	13.362	31.8	309.3	NA	2177.1	NA	NA	NA	NA	NA	NA	NA	NA	NA	46.128	2.3	NA	NA	NA	NA	NA	NA	NA	1000
E496.2T.PCR1	46.128	-124.526	E496	CR24	NA	Line5	night	oversat_arg	pelagic	upper100	southBound	offshore	shelf	20.5	120.5	24	1.4	13.362	31.8	309.3	NA	2177.1	NA	NA	NA	NA	NA	NA	NA	NA	NA	46.128	2.3	NA	NA	NA	NA	NA	NA	NA	1000
E496.3B.PCR1	46.128	-124.526	E496	CR24	NA	Line5	night	oversat_arg	pelagic	upper100	southBound	offshore	shelf	20.3	120.7	24	1.4	13.555	31.779	309.5	NA	2177.1	NA	NA	NA	NA	NA	NA	NA	NA	NA	46.128	NA	NA	NA	NA	NA	NA	NA	NA	1000
E497.PCR1	46.128	-124.526	E497	CR24	NA	Line5	night	oversat_arg	pelagic	upper100	southBound	offshore	shelf	10.7	130.3	24	1.4	16.525	31.589	264.4	1923.7	2162.6	7.9885	157.9194702	1.1	0.26	0	0.07	0.01	3.193	2.615791928	46.128	NA	NA	NA	NA	NA	NA	NA	NA	1000
E498.1B.PCR1	46.128	-124.527	E498	CR24	NA	Line5	night	oversat_arg	surface	upper100	southBound	offshore	shelf	3.2	137.8	24	1.5	16.532	31.587	264.1	1926.4	2159.7	7.9825	159.1329421	1	0.3	0	0.07	0.01	3.563	2.562827442	46.128	0.5	851.5	191	91.1	0	943000	605000	206000	350
E498.2B.PCR1	46.128	-124.527	E498	CR24	NA	Line5	night	oversat_arg	surface	upper100	southBound	offshore	shelf	3.2	137.8	24	1.5	16.531	31.588	264.1	1926.4	2159.7	7.9825	159.1329421	1	0.3	0	0.07	0.01	3.563	2.562827442	46.128	0.5	NA	NA	NA	NA	NA	NA	NA	1000
E498.3B.PCR1	46.128	-124.527	E498	CR24	NA	Line5	night	oversat_arg	surface	upper100	southBound	offshore	shelf	3.2	137.8	24	1.5	16.532	31.587	264.1	1926.4	2159.7	7.9825	159.1329421	1	0.3	0	0.07	0.01	3.563	2.562827442	46.128	0.5	NA	NA	NA	NA	NA	NA	NA	1000
E499	46.128	-124.669	E499	CR30	NA	Line5	night	undersat_arg	benthic	deep	southBound	offshore	shelf	345.2	9.8	30	6.3	6.461	34.014	40.3	2291.1	2280.9	7.2815	43.24387721	67.9	2.91	36.3	0.48	0.07	30.996	0.546329388	46.128	NA	NA	NA	NA	NA	NA	NA	NA	1000
E501	46.127	-124.67	E501	CR30	NA	Line5	night	undersat_arg	pelagic	deep	southBound	offshore	shelf	199.4	155.6	30	6.4	6.609	33.998	39.1	2289.5	2279.1	7.2701	42.24564829	65.7	2.9	36.5	0.38	0.01	26.73	0.562826392	46.127	NA	NA	NA	NA	NA	NA	NA	NA	1000
E502	46.127	-124.671	E502	CR30	NA	Line5	night	undersat_arg	pelagic	upper100	southBound	offshore	shelf	99.7	255.3	30	6.6	7.681	33.708	83.6	2236.2	2246	7.3467	47.78504219	44.2	2.42	30.9	0.09	0.01	11.987	0.663602322	46.127	NA	NA	NA	NA	NA	NA	NA	NA	1000
E503	46.126	-124.672	E503	CR30	NA	Line5	night	oversat_arg	pelagic	upper100	southBound	offshore	shelf	25.7	329.3	30	6.8	10.651	31.991	270.1	2007.7	2162.1	7.8099	118.2045854	9.1	0.86	4.4	0.37	0.39	5.508	1.736280136	46.126	NA	NA	NA	NA	NA	NA	NA	NA	1000
E504	46.126	-124.673	E504	CR30	NA	Line5	night	oversat_arg	pelagic	upper100	southBound	offshore	shelf	10.9	344.1	30	6.9	16.138	31.344	271.7	1941.8	2145.1	7.9264	140.826885	1.9	0.35	0	0.08	0.02	3.776	2.262168716	46.126	NA	NA	NA	NA	NA	NA	NA	NA	1000
E505	46.126	-124.673	E505	CR30	NA	Line5	night	oversat_arg	surface	upper100	southBound	offshore	shelf	3.5	351.5	30	6.9	17.03	31.126	254.1	1932.4	2139.4	7.9383	145.3521876	1.2	0.29	0	0.08	0.01	3.291	2.315034945	46.126	0.2	NA	NA	NA	NA	NA	NA	NA	1000
E506	46.128	-125.189	E506	CR50	NA	Line5	day	undersat_arg	benthic	deep	southBound	offshore	slope	1350.6	10.4	50	1.6	2.923	34.488	27.1	2384	2391.9	7.3244	50.79059462	149.3	3.22	43.5	0.04	0.05	3.778	0.513058281	46.128	NA	NA	NA	NA	NA	NA	NA	NA	1000
E516	47.118	-126.087	E516	C77	NA	Line4	day	undersat_arg	benthic	deep	offshoreW	offshore	plain	2471.9	10.1	77	10.8	1.762	34.637	76.6	2391.6	2437.5	7.4456	NA	192.2	3	39.6	0.04	0.04	1.671	0.533394261	47.118	NA	NA	NA	NA	NA	NA	NA	NA	1000
E520.1B	47.116	-125.197	E520	C41	NA	Line4	night	undersat_arg	benthic	deep	offshoreW	offshore	slope	1548	10	41	1.3	2.559	34.53	37.8	2389.6	2401.5	7.3506	NA	158.8	3.16	43	0	0.05	3.165	0.50611351	47.116	NA	NA	NA	NA	NA	NA	NA	NA	1000
E522.1B	47.116	-125.197	E522	C41	NA	Line4	night	undersat_arg	pelagic	upper100	offshoreW	offshore	slope	99.4	1458.6	41	2.1	7.645	33.582	149.2	2184.2	2239.3	7.4889	NA	33.4	2.01	26.2	0.01	0.05	1.042	0.924690657	47.116	NA	NA	NA	NA	NA	NA	NA	NA	1000
E522.2T	47.116	-125.197	E522	C41	NA	Line4	night	undersat_arg	pelagic	upper100	offshoreW	offshore	slope	99.8	1458.2	41	2.1	7.655	33.577	149.7	2184.2	2239.3	7.4889	NA	33.4	2.01	26.2	0.01	0.05	1.042	0.924690657	47.116	NA	NA	NA	NA	NA	NA	NA	NA	1000
E522.3T	47.116	-125.197	E522	C41	NA	Line4	night	undersat_arg	pelagic	upper100	offshoreW	offshore	slope	99.8	1458.2	41	2.1	7.655	33.577	149.7	2184.2	2239.3	7.4889	NA	33.4	2.01	26.2	0.01	0.05	1.042	0.924690657	47.116	NA	NA	NA	NA	NA	NA	NA	NA	1000
E523.1B	47.116	-125.198	E523	C41	NA	Line4	night	oversat_arg	surface	upper100	offshoreW	offshore	slope	3.8	1554.2	41	2.4	15.921	31.808	273.4	1935.1	2152.8	7.9548	NA	2.5	0.35	0	0	0.03	3.733	2.393392978	47.116	0.4	NA	NA	NA	NA	NA	NA	NA	1000
E523.2B	47.116	-125.198	E523	C41	NA	Line4	night	oversat_arg	surface	upper100	offshoreW	offshore	slope	4	1554	41	2.4	15.924	31.807	272	1935.1	2152.8	7.9548	NA	2.5	0.35	0	0	0.03	3.733	2.393392978	47.116	0.4	NA	NA	NA	NA	NA	NA	NA	1000
E523.3B	47.115	-125.198	E523	C41	NA	Line4	night	oversat_arg	surface	upper100	offshoreW	offshore	slope	3.9	1554.1	41	2.4	15.924	31.807	272	1935.1	2152.8	7.9548	NA	2.5	0.35	0	0	0.03	3.733	2.393392978	47.115	0.4	NA	NA	NA	NA	NA	NA	NA	1000
E524	47.116	-125.054	E524	C35	NA	Line4	night	undersat_arg	benthic	deep	offshoreW	offshore	slope	1077	12	35	6.8	3.558	34.408	18	2371.7	2370.6	7.3099	NA	131.1	3.25	43.6	0	0.02	6.49	0.507499741	47.116	NA	NA	NA	NA	NA	NA	NA	NA	1000
E528	47.115	-124.982	E528	C32	NA	Line4	day	undersat_arg	benthic	deep	OCNMS	offshore	slope	391.6	11.4	32	1	6.161	34.028	58.8	2279.1	2285.7	7.3322	NA	66	2.73	36.5	0.09	0.07	9.247	0.613153462	47.115	NA	NA	NA	NA	NA	NA	NA	NA	1000
E529	47.115	-124.982	E529	C32	NA	Line4	day	undersat_arg	pelagic	deep	OCNMS	offshore	slope	298.4	104.6	32	1.1	6.594	33.992	65.9	2266.6	2277.2	7.3389	NA	60.4	2.64	34.8	0.1	0.08	12.396	0.644068078	47.115	NA	NA	NA	NA	NA	NA	NA	NA	1000
E531	47.115	-124.982	E531	C32	NA	Line4	day	oversat_arg	surface	upper100	OCNMS	offshore	slope	3.6	399.4	32	1.7	16.213	31.557	279.8	1905.7	2157.2	8.0253	NA	3.1	0.21	0	0.11	0.11	4.684	2.736121205	47.115	0.9	NA	NA	NA	NA	NA	NA	NA	1000
E532	47.113	-124.824	E532	C26	NA	Line4	day	undersat_arg	benthic	deep	OCNMS	offshore	shelf	130.1	9.9	26	3	6.734	33.972	44.3	2282.6	2277	7.2801	NA	67.2	2.81	34.9	0.37	0.07	55.814	0.591898632	47.113	NA	926	808	61.4	0	1210000	875000	174000	1000
E533	47.113	-124.824	E533	C26	NA	Line4	day	undersat_arg	pelagic	upper100	OCNMS	offshore	shelf	99.1	40.9	26	3.1	7.109	33.923	50.9	2271.6	2263.5	7.2749	NA	56.9	2.69	34.9	0.09	0.07	19.98	0.582509279	47.113	NA	NA	NA	NA	NA	NA	NA	NA	1000
E534	47.113	-124.824	E534	C26	NA	Line4	day	undersat_arg	pelagic	upper100	OCNMS	offshore	shelf	59.7	80.3	26	3.2	7.592	33.539	124.9	2199.4	2235.7	7.4301	NA	36.4	2.15	27.8	0.25	0.24	7.117	0.811794847	47.113	NA	NA	NA	NA	NA	NA	NA	NA	1000
E535	47.113	-124.824	E535	C26	NA	Line4	day	oversat_arg	surface	upper100	OCNMS	offshore	shelf	3.6	136.4	26	3.4	15.754	31.845	291	1926.8	2166.6	7.9943	NA	3.8	0.28	0	0.12	0.14	4.863	2.611227417	47.113	0.8	NA	NA	NA	NA	NA	NA	NA	1000
E536	47.116	-124.645	E536	C19	NA	Line4	day	undersat_arg	benthic	upper100	OCNMS	offshore	shelf	82.8	10.2	19	5	7.141	33.923	47.5	2278	2266.8	7.273	NA	64	2.74	33.7	0.15	0.08	46.176	0.572341879	47.116	NA	5420	695	145	0	1240000	872000	203000	1000
E537	47.116	-124.645	E537	C19	NA	Line4	day	undersat_arg	pelagic	upper100	OCNMS	offshore	shelf	59.1	33.9	19	5	7.409	33.844	82.3	2245.6	2258.2	7.3485	NA	47.5	2.44	32.3	0.11	0.07	34.276	0.68583171	47.116	NA	NA	NA	NA	NA	NA	NA	NA	1000
E538	47.116	-124.645	E538	C19	NA	Line4	day	undersat_arg	pelagic	upper100	OCNMS	offshore	shelf	40.8	52.2	19	5.1	7.636	33.497	99.1	2219.2	2234.1	7.3539	NA	36.2	2.33	29.8	0.46	0.09	20.884	0.69387186	47.116	NA	NA	NA	NA	NA	NA	NA	NA	1000
E539	47.116	-124.645	E539	C19	NA	Line4	day	oversat_arg	surface	upper100	OCNMS	offshore	shelf	3.2	89.8	19	5.3	16.834	31.591	282.5	1888.8	2180.1	8.0916	NA	1	0.1	0	0.11	0.08	5.172	3.154363089	47.116	0.6	NA	NA	NA	NA	NA	NA	NA	1000
E540	47.118	-124.382	E540	C8	NA	Line4	day	undersat_arg	benthic	upper100	OCNMS	near	shelf	40.5	9.5	8	7.1	7.456	33.718	45.2	2269.6	2250.5	7.2372	NA	60.1	2.73	32.2	0.3	0.08	35.233	0.541233979	47.118	3.3	13150	2150	458	0	2470000	1730000	475000	1000
E541	47.118	-124.382	E541	C8	NA	Line4	day	oversat_arg	pelagic	upper100	OCNMS	near	shelf	20	30	8	7.2	11.838	32.276	230.5	2067.2	2196.2	7.7166	NA	8.7	0.82	3.8	0.32	1.81	35.72	1.538326168	47.118	NA	175500	6340	561	105	7630000	4480000	2250000	1000
E542	47.118	-124.381	E542	C8	NA	Line4	day	oversat_arg	surface	upper100	OCNMS	near	shelf	4.2	45.8	8	7.3	16.831	27.149	330.1	1705.7	1986.8	8.172	NA	0.7	0.1	0	0.13	0.09	15.687	3.093971417	47.118	NA	35300	7190	3010	0	2780000	1340000	891000	1000
E543	47.115	-124.247	E543	C2_5	NA	Line4	day	oversat_arg	benthic	upper100	OCNMS	near	shelf	17.4	9.6	2.5	8.4	14.855	31.377	283	1928.5	2139.7	7.9747	NA	1.6	0.23	0	0.14	0.44	15.441	2.310980466	47.115	3.1	39700	2680	665	0	3980000	2100000	1080000	1000
E544	47.114	-124.247	E544	C2_5	NA	Line4	day	oversat_arg	pelagic	upper100	OCNMS	near	shelf	10.3	16.7	2.5	8.4	16.847	28.428	337	1777.6	2049.8	8.1202	NA	0.6	0.06	0	0.13	0.09	14.668	2.975764296	47.114	NA	28550	3000	1790	11.3	2770000	1580000	826000	1000
E545	47.114	-124.247	E545	C2_5	NA	Line4	day	oversat_arg	surface	upper100	OCNMS	near	shelf	3.8	23.2	2.5	8.5	17.025	27.743	311.8	1707.5	2013.4	8.1993	NA	0.4	0.08	0	0.13	0.1	16.781	3.340159488	47.114	8.8	21800	4970	3410	0	2060000	1010000	759000	1000
E552	44.651	-125.365	E552	NH55	NA	Line6	day	undersat_arg	benthic	deep	waySouth	offshore	plain	2848.8	11.2	55	3.5	1.723	34.645	85.4	2385	2437.2	7.4587	68.62542898	192.1	2.98	39.3	0.03	0.06	1.824	0.514287316	44.651	NA	NA	NA	NA	NA	NA	NA	NA	1000
E555	44.653	-125.12	E555	NH45	NA	Line6	day	undersat_arg	benthic	deep	waySouth	offshore	slope	710.2	9.8	45	7.1	4.427	34.283	16.3	2348.9	2337.7	7.2839	45.06701001	108.4	3.25	42.9	0.03	0.05	4.828	0.506587885	44.653	NA	NA	NA	NA	NA	NA	NA	NA	1000
E557	44.652	-125.123	E557	NH45	NA	Line6	day	oversat_arg	surface	upper100	waySouth	offshore	slope	3.4	716.6	45	7.8	15.897	31.342	265	1932.9	2142.3	7.9407	145.2941952	4.2	0.31	0	0.03	0.06	3.756	2.318977215	44.652	0.5	NA	NA	NA	NA	NA	NA	NA	1000
E560	44.652	-124.883	E560	NH35	NA	Line6	day	undersat_arg	benthic	deep	waySouth	offshore	slope	425.5	10.5	35	9.7	6.289	34.081	50	2280.7	2285.7	7.3274	44.35390099	67.5	2.81	37.1	0.09	0.05	24.892	0.602446376	44.652	NA	NA	NA	NA	NA	NA	NA	NA	1000
E561	44.652	-124.883	E561	NH35	NA	Line6	day	undersat_arg	pelagic	deep	waySouth	offshore	slope	297	139	35	9.8	6.827	34.033	64.9	2266	2278.6	7.3463	48.93332748	59.2	2.67	35.1	0.08	0.05	19.68	0.655775678	44.652	NA	NA	NA	NA	NA	NA	NA	NA	1000
E562	44.652	-124.883	E562	NH35	NA	Line6	day	undersat_arg	pelagic	deep	waySouth	offshore	slope	197.9	238.1	35	9.8	7.114	33.993	74.6	2253	2267	7.355	45.03600072	54.6	2.56	33.9	0.1	0.04	18.634	0.674459155	44.652	NA	NA	NA	NA	NA	NA	NA	NA	1000
E563	44.652	-124.883	E563	NH35	NA	Line6	day	undersat_arg	pelagic	upper100	waySouth	offshore	slope	100	336	35	10	7.959	33.727	122.3	2201.1	2243.4	7.4412	58.97264749	37	2.14	28.5	0.07	0.05	7.25	0.846122642	44.652	NA	NA	NA	NA	NA	NA	NA	NA	1000
E564	44.652	-124.884	E564	NH35	NA	Line6	day	oversat_arg	surface	upper100	waySouth	offshore	slope	3.4	432.6	35	10.3	15.9	31.223	271.6	1925.2	2137.8	7.9461	147.8851539	3.9	0.29	0	0.07	0.06	3.992	2.350471957	44.652	0.7	NA	NA	NA	NA	NA	NA	NA	1000
E565	44.651	-124.777	E565	NH30	NA	Line6	day	undersat_arg	benthic	deep	waySouth	offshore	slope	245.4	11.6	30	12.8	6.94	34.014	67.3	2263.9	2272.2	7.3463	49.87541314	57.8	2.63	34.7	0.12	0.04	27.766	0.640396117	44.651	NA	NA	NA	NA	NA	NA	NA	NA	1000
E566	44.651	-124.777	E566	NH30	NA	Line6	day	undersat_arg	pelagic	deep	waySouth	offshore	slope	197.9	59.1	30	12.9	7.012	34.004	69.9	2260.5	2269.5	7.3525	50.15321108	56.4	2.6	34.3	0.1	0.05	28.473	0.64988785	44.651	NA	NA	NA	NA	NA	NA	NA	NA	1000
E567	44.651	-124.777	E567	NH30	NA	Line6	day	undersat_arg	pelagic	upper100	waySouth	offshore	slope	99.5	157.5	30	13	7.615	33.832	93.3	2234.5	2252.1	7.3801	53.0255954	45	2.37	31.5	0.07	0.04	10.057	0.70534971	44.651	NA	NA	NA	NA	NA	NA	NA	NA	1000
E568	44.651	-124.777	E568	NH30	NA	Line6	day	oversat_arg	surface	upper100	waySouth	offshore	slope	4.1	252.9	30	13.4	15.775	30.973	279.2	1910.9	2134	7.9814	164.7301342	4.9	0.22	0	0.07	0.05	4.745	2.454626795	44.651	0.9	NA	NA	NA	NA	NA	NA	NA	1000
E569	44.653	-124.653	E569	NH25	NA	Line6	day	undersat_arg	benthic	deep	waySouth	offshore	slope	283.1	9.9	25	15	6.888	34.017	67.6	2261.6	2273.9	7.3511	50.51941763	57.8	2.63	34.8	0.12	0.04	24.251	0.655147991	44.653	NA	NA	NA	NA	NA	NA	NA	NA	1000
E570	44.653	-124.654	E570	NH25	NA	Line6	day	undersat_arg	pelagic	deep	waySouth	offshore	slope	199.4	93.6	25	15.1	7.036	34.002	74.2	2254.1	2269.2	7.3613	51.73674861	54.7	2.56	34.1	0.09	0.04	15.035	0.680063217	44.653	NA	NA	NA	NA	NA	NA	NA	NA	1000
E571	44.653	-124.654	E571	NH25	NA	Line6	day	undersat_arg	pelagic	upper100	waySouth	offshore	slope	99.7	193.3	25	15.2	7.481	33.89	85.4	2238.7	2255.4	7.3673	51.72980622	47.9	2.44	32.4	0.08	0.04	11.059	0.700768053	44.653	NA	NA	NA	NA	NA	NA	NA	NA	1000
E572	44.653	-124.655	E572	NH25	NA	Line6	night	oversat_arg	surface	upper100	waySouth	offshore	slope	3.4	289.6	25	0.1	15.483	31.286	290.7	1902	2150.7	8.0194	162.9320652	1.6	0.19	0	0.08	0.05	3.533	2.701539272	44.653	1.2	NA	NA	NA	NA	NA	NA	NA	1000
E573.1B.PCR1	44.652	-124.297	E573	NH10	NA	Line6	night	undersat_arg	benthic	upper100	waySouth	near	shelf	70.4	10.6	10	5.7	7.345	33.91	40.3	2280.7	2267.1	7.2555	40.5630478	64.9	2.84	34.1	0.08	0.05	12.114	0.564935014	44.652	NA	NA	NA	NA	NA	NA	NA	NA	1000
E573.2B.PCR1	44.652	-124.297	E573	NH10	NA	Line6	night	undersat_arg	benthic	upper100	waySouth	near	shelf	71.1	9.9	10	5.7	7.343	33.914	39.2	2280.7	2267.1	7.2555	40.5630478	64.9	2.84	34.1	0.08	0.05	12.114	0.564935014	44.652	NA	657	870	60.9	0	1520000	1010000	311000	1000
E573.3B.PCR1	44.652	-124.297	E573	NH10	NA	Line6	night	undersat_arg	benthic	upper100	waySouth	near	shelf	70.5	10.5	10	5.7	7.343	33.914	39.2	2280.7	2267.1	7.2555	40.5630478	64.9	2.84	34.1	0.08	0.05	12.114	0.564935014	44.652	NA	NA	NA	NA	NA	NA	NA	NA	1000
E574.1B.PCR1	44.652	-124.298	E574	NH10	NA	Line6	night	undersat_arg	pelagic	upper100	waySouth	near	shelf	40.6	40.4	10	5.8	7.595	33.738	80.9	2241.5	2249.3	7.3326	47.43880807	46.1	2.46	32.4	0.09	0.07	10.822	0.662277854	44.652	NA	NA	NA	NA	NA	NA	NA	NA	1000
E574.2B.PCR1	44.652	-124.298	E574	NH10	NA	Line6	night	undersat_arg	pelagic	upper100	waySouth	near	shelf	39.6	41.4	10	5.8	7.597	33.735	80.9	2241.5	2249.3	7.3326	47.43880807	46.1	2.46	32.4	0.09	0.07	10.822	0.662277854	44.652	NA	1014	1450	180	0	1390000	1050000	200000	1000
E574.3B.PCR1	44.652	-124.298	E574	NH10	NA	Line6	night	undersat_arg	pelagic	upper100	waySouth	near	shelf	40.4	40.6	10	5.8	7.596	33.737	80.9	2241.5	2249.3	7.3326	47.43880807	46.1	2.46	32.4	0.09	0.07	10.822	0.662277854	44.652	NA	NA	NA	NA	NA	NA	NA	NA	1000
E575.1B.PCR1	44.652	-124.298	E575	NH10	NA	Line6	night	oversat_arg	surface	upper100	waySouth	near	shelf	4	77	10	6	13.644	32.721	323.6	1971.6	2217.5	7.9876	168.4537342	2.7	0.32	0	0.04	0.12	5.343	2.64329956	44.652	NA	NA	NA	NA	NA	NA	NA	NA	1000
E575.2B.PCR1	44.652	-124.298	E575	NH10	NA	Line6	night	oversat_arg	surface	upper100	waySouth	near	shelf	4.4	76.6	10	6	13.646	32.721	323.6	1971.6	2217.5	7.9876	168.4537342	2.7	0.32	0	0.04	0.12	5.343	2.64329956	44.652	NA	26700	3010	602	9.27	2840000	1880000	739000	1000
E575.3B.PCR1	44.652	-124.298	E575	NH10	NA	Line6	night	oversat_arg	surface	upper100	waySouth	near	shelf	4	77	10	6	13.644	32.721	323.6	1971.6	2217.5	7.9876	168.4537342	2.7	0.32	0	0.04	0.12	5.343	2.64329956	44.652	7.2	NA	NA	NA	NA	NA	NA	NA	1000
E579	44.652	-124.101	E579	NH1	NA	Line6	day	undersat_arg	benthic	upper100	waySouth	near	shelf	25.1	9.9	1	1.1	8.996	33.615	117.9	2217.8	2252	7.42	56.62306475	39.8	2.32	24	0.54	3.01	12.044	0.819654854	44.652	4.9	3130	7200	294	7.94	3620000	2220000	883000	1000
E580	44.652	-124.101	E580	NH1	NA	Line6	day	oversat_arg	pelagic	upper100	waySouth	near	shelf	10.8	24.2	1	1.2	11.035	33.331	221.4	2144	2244.9	7.6237	85.58350834	23	1.62	14.8	0.42	2.23	9.69	1.308032449	44.652	NA	NA	NA	NA	NA	NA	NA	NA	1000
E581	44.652	-124.101	E581	NH1	NA	Line6	day	oversat_arg	surface	upper100	waySouth	near	shelf	3.7	31.3	1	1.2	11.227	33.293	227.8	2131.1	2242.8	7.6579	92.78002841	20.6	1.48	12.9	0.39	1.98	8.992	1.398460637	44.652	12.4	NA	NA	NA	NA	NA	NA	NA	1000
E583	43.999	-125.105	E583	HH42	NA	Line7	day	undersat_arg	benthic	deep	waySouth	offshore	slope	1418	10	42	8.6	2.62	34.524	36.7	2389.3	2400.9	7.3472	NA	158	3.14	43.1	0.05	0.05	8.437	0.519768464	43.999	NA	NA	NA	NA	NA	NA	NA	NA	1000
E588	44	-125.001	E588	HH37	NA	Line7	day	undersat_arg	benthic	deep	waySouth	offshore	slope	923.5	10.5	37	12.3	4.039	34.356	14.7	2363.1	2357.8	7.2927	NA	120.2	3.28	43.6	0.03	0.02	3.776	0.508362565	44	NA	NA	NA	NA	NA	NA	NA	NA	1000
E590	44	-125.002	E590	HH37	NA	Line7	day	undersat_arg	pelagic	deep	waySouth	offshore	slope	496.3	437.7	37	12.6	6.291	34.15	35.4	2295.9	2299.7	7.3123	NA	71.9	2.96	38	0.07	0.01	16.223	0.592157977	44	NA	NA	NA	NA	NA	NA	NA	NA	1000
E592	44	-125.002	E592	HH37	NA	Line7	day	undersat_arg	pelagic	upper100	waySouth	offshore	slope	99.3	834.7	37	12.9	7.886	33.807	107.8	2223.1	2253.2	7.4101	NA	40.8	2.29	30.2	0.06	0.01	10.224	0.77641944	44	NA	NA	NA	NA	NA	NA	NA	NA	1000
E593	44	-125.002	E593	HH37	NA	Line7	day	oversat_arg	surface	upper100	waySouth	offshore	slope	4.3	929.7	37	13.2	14.813	31.619	297	1921.2	2167	8.0078	NA	1.1	0.28	0	0.03	0.01	4.427	2.662349527	44	5.2	NA	NA	NA	NA	NA	NA	NA	1000
E594	44.001	-124.801	E594	HH29	NA	Line7	day	undersat_arg	benthic	deep	waySouth	offshore	shelf	100.5	10.5	29	14.9	7.459	33.87	70.9	2250.5	2260.2	7.3371	NA	52.1	2.56	33.3	0.05	0.01	28.312	0.666362002	44.001	NA	NA	NA	NA	NA	NA	NA	NA	1000
E595	44.001	-124.801	E595	HH29	NA	Line7	day	undersat_arg	pelagic	upper100	waySouth	offshore	shelf	80.2	30.8	29	14.9	7.552	33.812	81.5	2243.2	2256.4	7.3543	NA	50	2.5	32.5	0.05	0.02	39.727	0.686195965	44.001	NA	NA	NA	NA	NA	NA	NA	NA	1000
E596	44.001	-124.801	E596	HH29	NA	Line7	day	undersat_arg	pelagic	upper100	waySouth	offshore	shelf	50.5	60.5	29	15	8.065	33.234	158.5	2163.5	2219.3	7.4947	NA	29.2	1.94	24.4	0.11	0.02	12.997	0.935536611	44.001	NA	NA	NA	NA	NA	NA	NA	NA	1000
E597	44.001	-124.801	E597	HH29	NA	Line7	day	oversat_arg	surface	upper100	waySouth	offshore	shelf	3.4	107.6	29	15.2	13.199	32.076	310	1948.2	2189.2	7.9936	NA	0.7	0.38	0.3	0.04	0.03	6.373	2.592712913	44.001	14.9	NA	NA	NA	NA	NA	NA	NA	1000
E598.1B.PCR1	44.001	-124.6	E598	HH20	NA	Line7	night	undersat_arg	benthic	deep	waySouth	offshore	shelf	144.2	9.8	20	1.6	7.44	34.011	70.2	2265.1	2274.1	7.3365	NA	54	2.7	33.7	0.45	1.16	30.931	0.661192215	44.001	NA	NA	NA	NA	NA	NA	NA	NA	1000
E598.2B.PCR1	44.001	-124.6	E598	HH20	NA	Line7	night	undersat_arg	benthic	deep	waySouth	offshore	shelf	143.3	10.7	20	1.6	7.444	34.011	70.6	2265.1	2274.1	7.3365	NA	54	2.7	33.7	0.45	1.16	30.931	0.661192215	44.001	NA	NA	NA	NA	NA	NA	NA	NA	1000
E598.3B.PCR1	44.001	-124.6	E598	HH20	NA	Line7	night	undersat_arg	benthic	deep	waySouth	offshore	shelf	143.5	10.5	20	1.6	7.443	34.011	70.4	2265.1	2274.1	7.3365	NA	54	2.7	33.7	0.45	1.16	30.931	0.661192215	44.001	NA	NA	NA	NA	NA	NA	NA	NA	1000
E599.PCR1	44.001	-124.601	E599	HH20	NA	Line7	night	undersat_arg	pelagic	upper100	waySouth	offshore	shelf	59.6	94.4	20	1.9	7.596	33.847	76.8	2245.5	2257.8	7.3474	NA	47.2	2.49	32.9	0.1	0.06	15.48	0.685178243	44.001	NA	NA	NA	NA	NA	NA	NA	NA	1000
E600.1B.PCR1	44.001	-124.601	E600	HH20	NA	Line7	night	oversat_arg	surface	upper100	waySouth	offshore	shelf	3.7	150.3	20	2.1	14.158	32.16	299.6	1934.3	2198.5	8.0205	NA	0.5	0.19	0.1	0.13	0.17	5.127	2.83446371	44.001	NA	NA	NA	NA	NA	NA	NA	NA	1000
E600.2B.PCR1	44.001	-124.601	E600	HH20	NA	Line7	night	oversat_arg	surface	upper100	waySouth	offshore	shelf	3.8	150.2	20	2.1	14.158	32.159	299.7	1934.3	2198.5	8.0205	NA	0.5	0.19	0.1	0.13	0.17	5.127	2.83446371	44.001	NA	NA	NA	NA	NA	NA	NA	NA	1000
E600.3B.PCR1	44.001	-124.601	E600	HH20	NA	Line7	night	oversat_arg	surface	upper100	waySouth	offshore	shelf	3.7	150.3	20	2.1	14.158	32.16	299.6	1934.3	2198.5	8.0205	NA	0.5	0.19	0.1	0.13	0.17	5.127	2.83446371	44.001	NA	NA	NA	NA	NA	NA	NA	NA	1000
E601	44	-124.393	E601	HH10	NA	Line7	night	undersat_arg	benthic	deep	waySouth	near	shelf	108.1	9.9	10	7.5	7.394	33.992	54.8	2273.3	2270.2	7.3008	NA	56.4	2.78	33.7	0.53	1.33	24.758	0.607219686	44	NA	273	182	24.8	0	1300000	966000	199000	1000
E602	43.999	-124.394	E602	HH10	NA	Line7	night	undersat_arg	pelagic	upper100	waySouth	near	shelf	50	68	10	7.7	7.601	33.833	78.2	2243.9	2255.2	7.3482	NA	46.8	2.49	32.8	0.12	0.06	14.173	0.680574316	43.999	NA	247.5	117	8.38	0	1070000	780000	172000	1000
E603	43.999	-124.394	E603	HH10	NA	Line7	night	oversat_arg	surface	upper100	waySouth	near	shelf	4.1	113.9	10	8	12.379	32.572	280.5	2009.7	2203.8	7.9446	NA	5.6	0.63	3.5	0.19	0.37	5.822	2.132413875	43.999	7.4	NA	NA	NA	NA	NA	NA	NA	1000
E604	44	-124.202	E604	HH3	NA	Line7	day	undersat_arg	benthic	upper100	waySouth	near	shelf	44.9	10.1	3	0.8	7.605	33.868	54.6	2266.2	2258.1	7.2972	NA	56.3	2.72	32.4	0.57	0.77	15.904	0.590128411	44	NA	1155	1030	169	0	1700000	980000	441000	1000
E605	44	-124.203	E605	HH3	NA	Line7	day	undersat_arg	pelagic	upper100	waySouth	near	shelf	20.3	34.7	3	0.9	7.901	33.629	97.4	2227.2	2239.5	7.3622	NA	40.2	2.38	31	0.26	0.04	20.548	0.686480704	44	NA	1780	602	98.9	16.5	1650000	1030000	483000	1000
E606	44	-124.203	E606	HH3	NA	Line7	day	undersat_arg	surface	upper100	waySouth	near	shelf	3.6	51.4	3	1	10.54	32.953	212.8	2133.8	2209.8	7.5644	NA	34.7	1.86	20.1	0.45	1.35	16.783	1.103037547	44	6.9	NA	NA	NA	NA	NA	NA	NA	1000
E607	43.301	-124.502	E607	CB06	NA	Line0	day	undersat_arg	benthic	upper100	waySouth	near	shelf	80.1	9.9	5	4.9	8.006	33.932	106.7	2248.6	2267.4	7.368	NA	48.9	2.57	30.5	0.48	2.67	25.577	0.721895873	43.301	NA	721	448	99.5	0	1760000	1020000	425000	1000
E609	43.301	-124.503	E609	CB06	NA	Line0	day	oversat_arg	surface	upper100	waySouth	near	shelf	3.6	86.4	5	5.2	12.224	33.196	250.7	2098.8	2232.7	7.7262	NA	24	1.32	13.9	0.34	0.11	8.503	1.591469624	43.301	NA	NA	NA	NA	NA	NA	NA	NA	1000
E622	41.899	-124.795	E622	B26	NA	Line8	day	undersat_arg	pelagic	upper100	waySouth	offshore	shelf	99.4	597.6	26	4.4	8.27	33.787	159	2190.5	2248.8	7.5048	68.65169747	32.5	1.98	26.4	0.18	0.04	6.649	0.952775899	41.899	NA	NA	NA	NA	NA	NA	NA	NA	1000
E623	41.898	-124.796	E623	B26	NA	Line8	day	oversat_arg	surface	upper100	waySouth	offshore	shelf	4.2	692.8	26	4.7	11.796	33.132	263.9	2069.1	2220.8	7.7744	114.093709	11.7	1.09	10.5	0.36	0.24	5.254	1.736926719	41.898	NA	NA	NA	NA	NA	NA	NA	NA	1000
E626	41.941	-124.602	E626	B17	NA	Line8	day	undersat_arg	pelagic	upper100	waySouth	offshore	shelf	99.2	337.8	17	6.7	8.196	33.946	114.3	2218	2261	7.4464	60.94214489	39.6	2.24	29.3	0.31	0.04	11.093	0.857622996	41.941	NA	NA	NA	NA	NA	NA	NA	NA	1000
E627	41.942	-124.602	E627	B17	NA	Line8	day	oversat_arg	surface	upper100	waySouth	offshore	shelf	3.6	433.4	17	7	11.561	33.298	254	2055.5	2236.1	7.8329	130.3730327	9.4	0.98	8.9	0.44	0.2	5.797	2.000973697	41.942	3	NA	NA	NA	NA	NA	NA	NA	1000
E632	41.975	-124.416	E632	B9	NA	Line8	day	undersat_arg	benthic	upper100	waySouth	near	shelf	78.4	9.6	9	10.2	8.331	33.885	117.5	2212.7	2252.6	7.4475	61.59365865	40.5	2.19	27.5	0.36	0.54	29.787	0.840277997	41.975	NA	468.5	216	149	0	733000	508000	120000	1000
E633	41.975	-124.416	E633	B9	NA	Line8	day	oversat_arg	pelagic	upper100	waySouth	near	shelf	39.4	48.6	9	10.3	8.577	33.75	152	2188.1	NA	7.4986	67.72051678	31	1.98	25.8	0.29	0.15	13.231	NA	41.975	NA	778	366	68	0	641000	505000	73000	1000
E634	41.975	-124.416	E634	B9	NA	Line8	day	oversat_arg	surface	upper100	waySouth	near	shelf	3.8	84.2	9	10.5	10.849	33.465	270.5	2066	2246.3	7.8252	125.1370943	12.4	1.08	9	0.46	0.36	9.857	1.990761955	41.975	8.7	10750	4080	858	0	2770000	1340000	1070000	1000
E635	41.993	-124.327	E635	B5	NA	Line8	day	undersat_arg	benthic	upper100	waySouth	near	shelf	36.4	9.6	5	11.9	9.443	33.759	149.5	2183.2	2254.8	7.5372	73.85526177	29.3	1.98	19.8	0.54	3.83	17.746	1.068056864	41.993	NA	1795	2630	1120	7.62	1200000	709000	289000	1000
E636	41.993	-124.327	E636	B5	NA	Line8	day	oversat_arg	pelagic	upper100	waySouth	near	shelf	19.5	26.5	5	11.9	9.841	33.462	217.1	2145.2	2240.7	7.6123	83.84894603	19.2	1.55	16.4	0.59	1.44	10.781	1.25079548	41.993	9.4	5735	4830	1010	0	1210000	606000	379000	1000
E637	41.993	-124.327	E637	B5	NA	Line8	day	oversat_arg	surface	upper100	waySouth	near	shelf	3.6	42.4	5	12.1	13.517	33.339	355.5	1948.3	2251.5	8.0748	196.4576601	0.6	0.24	0	0.03	0.04	8.441	3.19848794	41.993	19.1	1110	6790	2840	0	2570000	1220000	969000	1000
E638	41.998	-124.283	E638	B2_5	NA	Line8	day	oversat_arg	benthic	upper100	waySouth	near	shelf	26.1	9.9	2.5	13	10.144	33.447	247.7	2049.6	2252	7.8575	136.1401956	3.1	0.7	1.6	0.23	0.26	9.881	2.180469548	41.998	NA	4965	3760	1640	10.7	2430000	1280000	735000	1000
E639	41.998	-124.283	E639	B2_5	NA	Line8	day	oversat_arg	pelagic	upper100	waySouth	near	shelf	10.4	25.6	2.5	13	12.893	33.331	368.6	1998.2	2251.9	7.9829	170.4718264	1.1	0.36	0	0.03	0.05	9.932	2.706174383	41.998	NA	1055	3510	922	10.2	2230000	1290000	662000	1000
E640	41.998	-124.283	E640	B2_5	NA	Line8	day	oversat_arg	surface	upper100	waySouth	near	shelf	3.1	32.9	2.5	13.1	13.249	33.31	375.6	1976.8	2250.5	8.0243	184.9268011	0.8	0.32	0	0.03	0.03	9.274	2.907401679	41.998	18.5	828	2510	673	8.63	2510000	1410000	819000	1000
E649	40.003	-124.938	E649	CM30	NA	Line9	day	oversat_arg	pelagic	upper100	waySouth	offshore	slope	99.3	1383.7	30	9.3	9.986	33.51	214.7	2139.2	2237.5	7.6177	85.02287915	17.4	1.62	18.4	0.6	1	6.114	1.252850871	40.003	NA	NA	NA	NA	NA	NA	NA	NA	1000
E650	40.003	-124.938	E650	CM30	NA	Line9	day	oversat_arg	surface	upper100	waySouth	offshore	slope	4.2	1478.8	30	9.5	13.376	32.741	269.5	2024.6	2199.9	7.8315	128.3329997	4.3	0.76	4.7	0.19	0.24	3.976	1.964916752	40.003	0.4	NA	NA	NA	NA	NA	NA	NA	1000
E653	40.1	-124.716	E653	CM20	NA	Line9	day	undersat_arg	pelagic	upper100	waySouth	offshore	slope	99.4	835.6	20	11.7	8.934	33.728	169	2182.5	2244.9	7.5146	71.00737476	28.6	1.94	25.5	0.05	0.01	8.787	0.983769547	40.1	NA	NA	NA	NA	NA	NA	NA	NA	1000
E654	40.1	-124.717	E654	CM20	NA	Line9	day	oversat_arg	surface	upper100	waySouth	offshore	slope	4	931	20	12	14.243	32.748	270.2	2015.9	2200.6	7.8575	135.9689885	2.9	0.65	3.1	0.14	0.07	3.743	2.061926462	40.1	0.7	NA	NA	NA	NA	NA	NA	NA	1000
E655	40.234	-124.412	E655	CM3	NA	Line9	night	undersat_arg	benthic	upper100	waySouth	near	shelf	86.4	9.6	3	4.8	8.373	34.041	91.8	2241.9	2268.6	7.4	56.1945611	43.4	2.48	30	0.31	1.01	9.071	0.76696704	40.234	NA	NA	NA	NA	NA	NA	NA	NA	1000
E656	40.234	-124.413	E656	CM3	NA	Line9	night	undersat_arg	pelagic	upper100	waySouth	near	shelf	30	66	3	5	8.983	33.986	146.3	2224.6	2232.1	7.445	61.11027183	39.3	2.37	27.4	0.4	2.12	35.378	0.664492635	40.234	NA	NA	NA	NA	NA	NA	NA	NA	1000
E657	40.234	-124.414	E657	CM3	NA	Line9	night	undersat_arg	pelagic	upper100	waySouth	near	shelf	5.2	90.8	3	5.1	9.029	33.983	142.2	2221.9	2267.1	7.4509	61.14157028	38.7	2.36	27.2	0.41	2.15	40.011	0.8954952	40.234	0.3	NA	NA	NA	NA	NA	NA	NA	1000
E658.1B	40.245	-124.385	E658	CM1	NA	Line9	night	undersat_arg	benthic	upper100	waySouth	near	shelf	45.9	10.1	1	6.5	8.179	34.046	84.9	2250.9	2272.4	7.3881	54.30768841	46.9	2.52	30.8	0.32	0.96	8.153	0.744311073	40.245	NA	NA	NA	NA	NA	NA	NA	NA	1000
E658.2T	40.245	-124.385	E658	CM1	NA	Line9	night	undersat_arg	benthic	upper100	waySouth	near	shelf	46	10	1	6.5	8.178	34.046	84.9	2250.9	2272.4	7.3881	54.30768841	46.9	2.52	30.8	0.32	0.96	8.153	0.744311073	40.245	NA	NA	NA	NA	NA	NA	NA	NA	1000
E658.3T	40.245	-124.385	E658	CM1	NA	Line9	night	undersat_arg	benthic	upper100	waySouth	near	shelf	46	10	1	6.5	8.178	34.046	84.9	2250.9	2272.4	7.3881	54.30768841	46.9	2.52	30.8	0.32	0.96	8.153	0.744311073	40.245	NA	NA	NA	NA	NA	NA	NA	NA	1000
E659.1B	40.245	-124.385	E659	CM1	NA	Line9	night	undersat_arg	pelagic	upper100	waySouth	near	shelf	25.5	30.5	1	6.5	8.511	34.02	106.3	2239	2270.2	7.4075	56.25653307	43.9	2.46	29.6	0.36	1.4	14.2	0.80396588	40.245	NA	NA	NA	NA	NA	NA	NA	NA	1000
E659.2B	40.245	-124.385	E659	CM1	NA	Line9	night	undersat_arg	pelagic	upper100	waySouth	near	shelf	25.4	30.6	1	6.5	8.563	34.014	150.9	2239	2270.2	7.4075	56.25653307	43.9	2.46	29.6	0.36	1.4	14.2	0.80396588	40.245	NA	NA	NA	NA	NA	NA	NA	NA	1000
E659.3B	40.245	-124.385	E659	CM1	NA	Line9	night	undersat_arg	pelagic	upper100	waySouth	near	shelf	25.5	30.5	1	6.5	8.613	34.011	157.1	2239	2270.2	7.4075	56.25653307	43.9	2.46	29.6	0.36	1.4	14.2	0.80396588	40.245	NA	NA	NA	NA	NA	NA	NA	NA	1000
E660.1B	40.245	-124.386	E660	CM1	NA	Line9	night	undersat_arg	pelagic	upper100	waySouth	near	shelf	5.3	50.7	1	6.7	9.071	33.978	202.7	2221.5	2267.6	7.4479	61.41121364	39.8	2.38	27.4	0.41	2.21	48.448	0.901827673	40.245	0.3	NA	NA	NA	NA	NA	NA	NA	1000
E660.2B	40.245	-124.386	E660	CM1	NA	Line9	night	undersat_arg	pelagic	upper100	waySouth	near	shelf	5.2	50.8	1	6.7	9.054	33.98	202.7	2221.5	2267.6	7.4479	61.41121364	39.8	2.38	27.4	0.41	2.21	48.448	0.901827673	40.245	0.3	NA	NA	NA	NA	NA	NA	NA	1000
E660.3B	40.245	-124.386	E660	CM1	NA	Line9	night	undersat_arg	pelagic	upper100	waySouth	near	shelf	5	51	1	6.7	9.083	33.977	202.7	2221.5	2267.6	7.4479	61.41121364	39.8	2.38	27.4	0.41	2.21	48.448	0.901827673	40.245	0.3	NA	NA	NA	NA	NA	NA	NA	1000
E661	40.219	-124.45	E661	CM5	NA	Line9	night	undersat_arg	benthic	deep	waySouth	near	shelf	118.2	9.8	5	9	7.957	34.062	77.3	2255.8	2273.5	7.377	53.68480445	49.2	2.57	31.9	0.29	0.55	17.174	0.71212598	40.219	NA	NA	NA	NA	NA	NA	NA	NA	1000
E663	40.217	-124.458	E663	CM5	NA	Line9	day	undersat_arg	surface	upper100	waySouth	near	shelf	4.9	123.1	5	0.3	9.316	33.943	158.2	2213.3	2263.2	7.4799	64.73830557	35.1	2.24	25.6	0.44	2.35	53.683	0.926686509	40.217	NA	NA	NA	NA	NA	NA	NA	NA	1000
E666	40.203	-124.493	E666	CM7	NA	Line9	day	undersat_arg	pelagic	deep	waySouth	near	shelf	100.2	220.8	7	1.8	8.92	33.984	133.4	2224.6	2260.9	7.439	60.65872693	39	2.36	27.5	0.41	1.91	37.021	0.821519442	40.203	NA	NA	NA	NA	NA	NA	NA	NA	1000
E667	40.202	-124.496	E667	CM7	NA	Line9	day	undersat_arg	pelagic	upper100	waySouth	near	shelf	5.3	315.7	7	2.1	9.109	33.959	144.4	2216.8	2264.6	7.4628	64.56372074	36.6	2.27	26.5	0.41	1.95	42.805	0.911963186	40.202	NA	NA	NA	NA	NA	NA	NA	NA	1000
E675.1B	38.895	-123.791	E675	PA3	NA	Line10	night	undersat_arg	benthic	upper100	waySouth	near	shelf	89.9	10.1	3	0.8	8.708	34.018	85.8	2230.3	2259.7	7.4067	56.91903794	39.7	2.4	29.1	0.25	0.64	5.257	0.780876488	38.895	NA	NA	NA	NA	NA	NA	NA	NA	1000
E680	37.749	-123.32	E680	PR28	NA	Line11	day	undersat_arg	pelagic	upper100	waySouth	offshore	slope	100	1050	28	7.8	9.87	33.934	123.3	2196.2	2256.5	7.4855	NA	27.6	2.09	25.3	0.05	0.02	12.596	0.979894303	37.749	NA	NA	NA	NA	NA	NA	NA	NA	1000
E681	37.749	-123.32	E681	PR28	NA	Line11	day	oversat_arg	surface	upper100	waySouth	offshore	slope	4.8	1145.2	28	8.1	13.144	33.765	296.3	2046.1	2270.7	7.9213	NA	2.5	0.69	6.1	0.38	1.25	5.291	2.432593307	37.749	10.9	NA	NA	NA	NA	NA	NA	NA	1000
E685	37.892	-122.996	E685	PR10	NA	Line11	day	undersat_arg	benthic	upper100	waySouth	near	shelf	69.6	10.4	10	12.7	9.327	33.939	89.4	2231.5	2259.9	7.3903	NA	46.2	2.63	27.6	0.39	1.11	8.278	0.782903633	37.892	NA	NA	NA	NA	NA	NA	NA	NA	750
E686	37.892	-122.996	E686	PR10	NA	Line11	day	undersat_arg	pelagic	upper100	waySouth	near	shelf	29.5	50.5	10	12.8	10.248	33.929	123.4	2226.5	2270.4	7.434	NA	35	2.51	23.7	0.4	5.21	10.48	0.892768952	37.892	NA	NA	NA	NA	NA	NA	NA	NA	1000
E687	37.892	-122.996	E687	PR10	NA	Line11	day	oversat_arg	surface	upper100	waySouth	near	shelf	4	76	10	12.9	12.095	33.818	285.9	2077.2	2268.2	7.8432	NA	9.1	1.2	12.7	0.4	0.7	6.799	2.104779236	37.892	11.7	NA	NA	NA	NA	NA	NA	NA	1000
E688	37.97	-122.829	E688	PR1	NA	Line11	day	undersat_arg	benthic	upper100	waySouth	near	shelf	29	10	1	14.6	10.15	33.921	129.9	2212.4	2265.5	7.4654	NA	32.7	2.31	23	0.54	4.06	19.012	0.950157916	37.97	NA	NA	NA	NA	NA	NA	NA	NA	1000
E689	37.97	-122.829	E689	PR1	NA	Line11	night	undersat_arg	pelagic	upper100	waySouth	near	shelf	14.9	24.1	1	0	11.055	33.848	187.3	2196.5	2266.6	7.5268	NA	27	2.11	21.7	0.5	3.29	13.398	1.077151029	37.97	8.3	NA	NA	NA	NA	NA	NA	NA	1000
E690	37.97	-122.829	E690	PR1	NA	Line11	night	oversat_arg	surface	upper100	waySouth	near	shelf	3.6	35.4	1	0.1	12.083	33.839	202	2176.7	2272.3	7.5996	NA	26.2	2.04	19	0.6	4.06	21.818	1.28312576	37.97	5.2	NA	NA	NA	NA	NA	NA	NA	1000
E691.1B	37.943	-122.881	E691	PR4	NA	Line11	night	undersat_arg	benthic	upper100	waySouth	near	shelf	44.5	10.5	4	1.1	9.455	33.95	81.4	2222.2	2260.3	7.4157	NA	42.6	2.52	26.6	0.54	1.77	7.723	0.845041758	37.943	NA	NA	NA	NA	NA	NA	NA	NA	1000
E691.2B	37.943	-122.881	E691	PR4	NA	Line11	night	undersat_arg	benthic	upper100	waySouth	near	shelf	44.2	10.8	4	1.1	9.46	33.948	82.9	2222.2	2260.3	7.4157	NA	42.6	2.52	26.6	0.54	1.77	7.723	0.845041758	37.943	NA	NA	NA	NA	NA	NA	NA	NA	1000
E691.3B	37.943	-122.881	E691	PR4	NA	Line11	night	undersat_arg	benthic	upper100	waySouth	near	shelf	44.3	10.7	4	1.1	9.453	33.95	81.2	2222.2	2260.3	7.4157	NA	42.6	2.52	26.6	0.54	1.77	7.723	0.845041758	37.943	NA	NA	NA	NA	NA	NA	NA	NA	1000
E692.1B	37.943	-122.88	E692	PR4	NA	Line11	night	undersat_arg	pelagic	upper100	waySouth	near	shelf	15	40	4	1.2	10.096	33.812	170.8	2176.5	2255.3	7.5491	NA	22.2	1.86	22.1	0.47	1.32	6.233	1.129791966	37.943	3.9	NA	NA	NA	NA	NA	NA	NA	1000
E692.2B	37.943	-122.88	E692	PR4	NA	Line11	night	undersat_arg	pelagic	upper100	waySouth	near	shelf	15	40	4	1.2	10.099	33.813	170.8	2176.5	2255.3	7.5491	NA	22.2	1.86	22.1	0.47	1.32	6.233	1.129791966	37.943	3.9	NA	NA	NA	NA	NA	NA	NA	1000
E692.3B	37.943	-122.88	E692	PR4	NA	Line11	night	undersat_arg	pelagic	upper100	waySouth	near	shelf	15.4	39.6	4	1.2	10.103	33.82	166.7	2176.5	2255.3	7.5491	NA	22.2	1.86	22.1	0.47	1.32	6.233	1.129791966	37.943	3.9	NA	NA	NA	NA	NA	NA	NA	1000
E693.1B	37.943	-122.88	E693	PR4	NA	Line11	night	oversat_arg	surface	upper100	waySouth	near	shelf	4	51	4	1.2	12.794	33.752	248.7	2120.5	2271.8	7.7408	NA	18.5	1.52	16.3	0.58	0.89	15.577	1.757164236	37.943	8.2	NA	NA	NA	NA	NA	NA	NA	1000
E693.2B	37.943	-122.88	E693	PR4	NA	Line11	night	oversat_arg	surface	upper100	waySouth	near	shelf	4	51	4	1.2	12.792	33.752	248.7	2120.5	2271.8	7.7408	NA	18.5	1.52	16.3	0.58	0.89	15.577	1.757164236	37.943	8.2	NA	NA	NA	NA	NA	NA	NA	1000
E693.3B	37.943	-122.88	E693	PR4	NA	Line11	night	oversat_arg	surface	upper100	waySouth	near	shelf	4	51	4	1.3	12.793	33.752	248.7	2120.5	2271.8	7.7408	NA	18.5	1.52	16.3	0.58	0.89	15.577	1.757164236	37.943	8.2	NA	NA	NA	NA	NA	NA	NA	1000
E694.1B	37.861	-123.071	E694	PR15	NA	Line11	night	undersat_arg	benthic	upper100	waySouth	near	shelf	84.8	10.2	15	7.7	9.413	33.976	99.9	2212.7	2258	7.4459	NA	38.4	2.25	26.8	0.12	0.06	9.863	0.881567801	37.861	NA	NA	NA	NA	NA	NA	NA	NA	1000
E694.2B	37.861	-123.071	E694	PR15	NA	Line11	night	undersat_arg	benthic	upper100	waySouth	near	shelf	84.4	10.6	15	7.7	9.414	33.976	100.9	2212.7	2258	7.4459	NA	38.4	2.25	26.8	0.12	0.06	9.863	0.881567801	37.861	NA	NA	NA	NA	NA	NA	NA	NA	1000
E694.3B	37.861	-123.071	E694	PR15	NA	Line11	night	undersat_arg	benthic	upper100	waySouth	near	shelf	84.6	10.4	15	7.7	9.413	33.976	99.8	2212.7	2258	7.4459	NA	38.4	2.25	26.8	0.12	0.06	9.863	0.881567801	37.861	NA	NA	NA	NA	NA	NA	NA	NA	1000
E695.1B	37.861	-123.071	E695	PR15	NA	Line11	night	undersat_arg	pelagic	upper100	waySouth	near	shelf	50.4	44.6	15	7.8	9.74	33.932	121.3	2197.4	2251.7	7.4837	NA	29	2.06	25.6	0.04	0.07	10.224	0.946122559	37.861	NA	NA	NA	NA	NA	NA	NA	NA	1000
E695.2B	37.861	-123.071	E695	PR15	NA	Line11	night	undersat_arg	pelagic	upper100	waySouth	near	shelf	49.7	45.3	15	7.8	9.741	33.932	121.3	2197.4	2251.7	7.4837	NA	29	2.06	25.6	0.04	0.07	10.224	0.946122559	37.861	NA	NA	NA	NA	NA	NA	NA	NA	1000
E695.3B	37.861	-123.071	E695	PR15	NA	Line11	night	undersat_arg	pelagic	upper100	waySouth	near	shelf	50	45	15	7.8	9.742	33.932	121.3	2197.4	2251.7	7.4837	NA	29	2.06	25.6	0.04	0.07	10.224	0.946122559	37.861	NA	NA	NA	NA	NA	NA	NA	NA	1000
E696.1B	37.861	-123.071	E696	PR15	NA	Line11	night	oversat_arg	surface	upper100	waySouth	near	shelf	3.9	91.1	15	8	11.592	33.872	259.9	2121	2265.8	7.7358	NA	13.1	1.51	16.4	0.45	0.95	5.206	1.683954639	37.861	10.5	NA	NA	NA	NA	NA	NA	NA	1000
E696.2B	37.861	-123.071	E696	PR15	NA	Line11	night	oversat_arg	surface	upper100	waySouth	near	shelf	4.3	90.7	15	8	11.592	33.872	259.9	2121	2265.8	7.7358	NA	13.1	1.51	16.4	0.45	0.95	5.206	1.683954639	37.861	10.5	NA	NA	NA	NA	NA	NA	NA	1000
E696.3B	37.861	-123.071	E696	PR15	NA	Line11	night	oversat_arg	surface	upper100	waySouth	near	shelf	4.3	90.7	15	8	11.594	33.872	259.9	2121	2265.8	7.7358	NA	13.1	1.51	16.4	0.45	0.95	5.206	1.683954639	37.861	10.5	NA	NA	NA	NA	NA	NA	NA	1000
E699	37.666	-123.488	E699	PR37	NA	Line11	day	undersat_arg	pelagic	upper100	waySouth	offshore	plain	99.9	2700.1	37	4	10.305	33.892	141.1	2183.4	2247.2	7.5167	NA	24.7	1.91	23.8	0.09	0.04	15.069	1.003496307	37.666	NA	NA	NA	NA	NA	NA	NA	NA	1000
E700	37.666	-123.488	E700	PR37	NA	Line11	day	oversat_arg	surface	upper100	waySouth	offshore	plain	4.7	2795.3	37	4.3	12.829	33.736	249.4	2088.8	2257.5	7.8021	NA	7.5	1.02	10.5	0.4	1.26	5.68	1.906541642	37.666	2.7	NA	NA	NA	NA	NA	NA	NA	1000
E707	37.892	-122.441	E707	CMAP_CO2_Buoy	NA	Line12	day	oversat_arg	benthic	upper100	waySouth	near	bay	18.3	9.7	0	5.9	18.228	31.318	215.1	2165.6	2294.8	7.7134	NA	48.1	3.2	16.5	1.18	7.8	44.941	1.66287188	37.892	NA	NA	NA	NA	NA	NA	NA	NA	750
E709	37.892	-122.442	E709	CMAP_CO2_Buoy	NA	Line12	day	oversat_arg	surface	upper100	waySouth	near	bay	3.4	24.6	0	6	18.878	30.402	214.1	2161.6	2291.2	7.709	93.75180654	51.1	3.37	17.3	1.2	7.28	44.214	1.689576671	37.892	6.6	NA	NA	NA	NA	NA	NA	NA	1000
E713	37.81	-122.516	E713	GGTX5	NA	Line12	day	oversat_arg	benthic	upper100	waySouth	near	shelf	31.6	10.4	0	8.7	15.009	33.224	223.9	2150.4	2285.4	7.7097	103.4150143	25.6	1.92	14.4	0.88	5.52	18.895	1.642623218	37.81	NA	NA	NA	NA	NA	NA	NA	NA	1000
E715	37.81	-122.516	E715	GGTX5	NA	Line12	day	oversat_arg	surface	upper100	waySouth	near	shelf	3.4	38.6	0	8.8	15.916	32.956	219.3	2158.2	2289.7	7.7108	105.961107	30.3	2.17	14.3	1.01	6.94	21.985	1.636128245	37.81	NA	NA	NA	NA	NA	NA	NA	NA	1000
E716	37.793	-122.562	E716	GGTX4	NA	Line12	day	oversat_arg	benthic	upper100	waySouth	near	shelf	18.2	9.8	3	9.8	12.564	33.655	180.6	2167.6	2272.3	7.6177	89.98927508	25.1	1.85	17.1	0.83	3.79	15.311	1.358046935	37.793	9.2	NA	NA	NA	NA	NA	NA	NA	1000
E718	37.792	-122.562	E718	GGTX4	NA	Line12	day	oversat_arg	surface	upper100	waySouth	near	shelf	4.1	23.9	3	9.8	14.625	33.301	218	2148.9	2282.4	7.7035	103.858993	25.9	1.89	15.2	0.88	5.05	17.107	1.630950287	37.792	9.8	NA	NA	NA	NA	NA	NA	NA	1000
E721	37.718	-122.815	E721	GGTX2	NA	Line12	day	undersat_arg	benthic	upper100	waySouth	near	shelf	50.3	10.7	13	13	9.53	33.943	94.8	2225	2254.7	7.4042	55.99733282	43.8	2.51	27.3	0.37	0.06	10.124	0.792577675	37.718	NA	NA	NA	NA	NA	NA	NA	NA	1000
E724	37.718	-122.815	E724	GGTX2	NA	Line12	day	oversat_arg	surface	upper100	waySouth	near	shelf	3.8	57.2	13	13.1	12.343	33.762	286.6	2082.5	2268.4	7.8381	137.729701	5.3	1	11.8	0.52	0.14	7.15	2.061995945	37.718	19.2	NA	NA	NA	NA	NA	NA	NA	1000
E725.1B	37.658	-122.997	E725	GGTX1	NA	Line12	night	undersat_arg	benthic	upper100	waySouth	offshore	shelf	79.6	10.4	28	0.2	9.466	33.963	85.3	2229.3	2253.4	7.3914	54.27368486	45	2.58	28	0.14	0.02	10.891	0.755414351	37.658	NA	NA	NA	NA	NA	NA	NA	NA	1000
E730.1B	37.657	-122.997	E730	GGTX1	NA	Line12	night	oversat_arg	surface	upper100	waySouth	offshore	shelf	4.7	85.3	28	0.5	11.843	33.772	302.7	2060.4	2259.2	7.8689	144.3794604	3.6	0.97	10.7	0.42	0.3	5.181	2.170553827	37.657	15.3	NA	NA	NA	NA	NA	NA	NA	1000
E733	35.91	-123.931	E733	ML126	NA	Line13	day	oversat_arg	surface	upper100	waySouth	offshore	plain	4.3	3883.7	126	8.4	14.963	33.276	259.5	2038.5	2227.5	7.8628	136.9724594	2.2	0.65	4.9	0.17	0.25	3.776	2.112210775	35.91	0.5	NA	NA	NA	NA	NA	NA	NA	1000
E737	36.287	-123.133	E737	ML82	NA	Line13	night	oversat_arg	surface	upper100	waySouth	offshore	plain	4.6	3243.4	82	1.2	13.957	33.647	268.3	2065.3	2246	7.8299	132.4526485	6.5	0.76	8.3	0.33	0.18	7.123	2.024753225	36.287	2	NA	NA	NA	NA	NA	NA	NA	1000
E742.1B	36.459	-122.783	E742	ML60	NA	Line13	night	oversat_arg	surface	upper100	waySouth	offshore	plain	3.7	2951.3	60	8.9	14.588	33.63	261.9	2056.6	2245	7.8492	123.1733282	3.9	0.69	6.9	0.28	0.37	4.966	2.103103891	36.459	0.8	NA	NA	NA	NA	NA	NA	NA	1000
E742.2T	36.459	-122.783	E742	ML60	NA	Line13	night	oversat_arg	surface	upper100	waySouth	offshore	plain	3.7	2951.3	60	8.9	14.588	33.63	261.9	2056.6	2245	7.8492	123.1733282	3.9	0.69	6.9	0.28	0.37	4.966	2.103103891	36.459	0.8	NA	NA	NA	NA	NA	NA	NA	1000
E742.3T	36.459	-122.783	E742	ML60	NA	Line13	night	oversat_arg	surface	upper100	waySouth	offshore	plain	3.7	2951.3	60	8.9	14.588	33.63	261.9	2056.6	2245	7.8492	123.1733282	3.9	0.69	6.9	0.28	0.37	4.966	2.103103891	36.459	0.8	NA	NA	NA	NA	NA	NA	NA	1000
E746	36.619	-122.416	E746	ML38	NA	Line13	day	undersat_arg	pelagic	upper100	waySouth	offshore	slope	98.5	2655.5	38	4.1	9.572	33.992	95	2207.7	2256	7.464	64.50786971	30.8	2.12	25.8	0.08	0.04	13.666	0.898526504	36.619	NA	NA	NA	NA	NA	NA	NA	NA	1000
E747	36.619	-122.416	E747	ML38	NA	Line13	day	oversat_arg	pelagic	upper100	waySouth	offshore	slope	9.5	2744.5	38	4.5	13.15	33.781	257.8	2091.2	2254.7	7.7879	119.7760322	11.2	0.89	10.2	0.52	0.58	11.026	1.859671844	36.619	NA	NA	NA	NA	NA	NA	NA	NA	1000
E748	36.619	-122.416	E748	ML38	NA	Line13	day	oversat_arg	surface	upper100	waySouth	offshore	slope	3.6	2750.4	38	4.5	13.32	33.784	256.9	2073	2258.2	7.8313	134.08	11.6	0.75	8.4	0.51	0.23	9.795	2.061685559	36.619	10.4	NA	NA	NA	NA	NA	NA	NA	1000
E749	36.619	-122.416	E749	ML38	NA	Line13	day	oversat_arg	pelagic	upper100	waySouth	offshore	slope	19.9	2734.1	38	4.4	13.085	33.791	254.7	2097.7	2254.5	7.7687	119.7916488	12.2	0.97	11	0.55	0.75	13.117	1.795691209	36.619	NA	NA	NA	NA	NA	NA	NA	NA	1000
E750	36.758	-121.927	E750	ML8	NA	Line13	day	undersat_arg	benthic	upper100	waySouth	near	shelf	99.4	10.6	8	8	9.719	33.976	102	2205.8	2253.2	7.4648	62.87841493	30.9	2.11	25.4	0.16	0.03	18.076	0.892674373	36.758	NA	NA	NA	NA	NA	NA	NA	NA	1000
E753	36.758	-121.927	E753	ML8	NA	Line13	day	oversat_arg	surface	upper100	waySouth	near	shelf	3.7	106.3	8	8.3	13.609	33.832	244.9	2069.7	2267.3	7.8465	139.2362237	15.6	0.89	8.9	0.56	0.11	13.398	2.182542125	36.758	6.8	NA	NA	NA	NA	NA	NA	NA	1000
E756	36.795	-121.847	E756	ML3	NA	Line13	day	undersat_arg	pelagic	upper100	waySouth	near	shelf	99	188	3	10	9.852	33.964	107.2	2212.7	2255.5	7.4608	63.05288887	33	2.22	26	0.19	0.03	25.828	0.86578514	36.795	NA	NA	NA	NA	NA	NA	NA	NA	1000
E757	36.794	-121.847	E757	ML3	NA	Line13	day	oversat_arg	surface	upper100	waySouth	near	shelf	3.5	283.5	3	10.2	13.565	33.821	288.2	2053.7	2264.2	7.8805	144.1169739	15.4	0.83	7.1	0.52	0.08	13.631	2.300589415	36.794	12.1	NA	NA	NA	NA	NA	NA	NA	1000
E758	36.809	-121.818	E758	ML1	NA	Line13	day	undersat_arg	benthic	upper100	waySouth	near	shelf	31.7	10.3	1	11.8	10.547	33.916	131.1	2192.3	2258.3	7.5088	71.52042536	28.4	2	22.5	0.75	0.63	24.491	1.037955971	36.809	NA	NA	NA	NA	NA	NA	NA	NA	1000
E759	36.809	-121.818	E759	ML1	NA	Line13	day	undersat_arg	pelagic	upper100	waySouth	near	shelf	14.9	27.1	1	11.9	10.872	33.889	145	2186.3	2253	7.5281	72.08556354	26.6	1.93	21.4	0.8	0.85	24.057	1.046994274	36.809	NA	NA	NA	NA	NA	NA	NA	NA	1000
E760	36.809	-121.818	E760	ML1	NA	Line13	day	oversat_arg	surface	upper100	waySouth	near	shelf	3.5	38.5	1	11.9	14.89	33.837	282	2049.8	2257.8	7.8893	148.3357422	14.6	0.66	5.4	0.44	0.2	12.713	2.291114479	36.809	5.7	NA	NA	NA	NA	NA	NA	NA	1000
E761	36.783	-121.871	E761	ML5	NA	Line13	day	undersat_arg	benthic	deep	waySouth	near	shelf	133.7	10.3	5	13.4	9.881	33.96	107.2	2208.8	2256.5	7.466	64.69750002	31.7	2.17	25.6	0.12	0.02	24.491	0.890928999	36.783	NA	NA	NA	NA	NA	NA	NA	NA	1000
E768.1B	36.736	-121.968	E768	ML11	NA	Line13	night	undersat_arg	benthic	deep	waySouth	near	slope	110.9	10.1	11	0.7	10.051	33.923	113.6	2196.2	2249.9	7.4934	69.74378349	26.9	1.96	23.9	0.02	0.01	19.98	0.932681149	36.736	NA	NA	NA	NA	NA	NA	NA	NA	1000
E769.1B	36.736	-121.968	E769	ML11	NA	Line13	night	undersat_arg	pelagic	upper100	waySouth	near	slope	99.7	21.3	11	0.7	10.119	33.915	116.3	2192.5	2251.5	7.4963	67.46414871	26.7	1.95	23.9	0.03	0.01	20.582	0.970999801	36.736	NA	NA	NA	NA	NA	NA	NA	NA	1000
E769.2T	36.736	-121.968	E769	ML11	NA	Line13	night	undersat_arg	pelagic	upper100	waySouth	near	slope	99.7	21.3	11	0.7	10.119	33.915	116.3	2192.5	2251.5	7.4963	67.46414871	26.7	1.95	23.9	0.03	0.01	20.582	0.970999801	36.736	NA	NA	NA	NA	NA	NA	NA	NA	1000
E769.3T	36.736	-121.968	E769	ML11	NA	Line13	night	undersat_arg	pelagic	upper100	waySouth	near	slope	99.7	21.3	11	0.7	10.119	33.915	116.3	2192.5	2251.5	7.4963	67.46414871	26.7	1.95	23.9	0.03	0.01	20.582	0.970999801	36.736	NA	NA	NA	NA	NA	NA	NA	NA	1000
E770	36.736	-121.968	E770	ML11	NA	Line13	night	oversat_arg	pelagic	upper100	waySouth	near	slope	20.2	100.8	11	1	11.595	33.854	180.2	2155.7	2251.4	7.5584	85.69669093	20.1	1.58	18.7	0.69	0.28	21.336	1.267475973	36.736	2.2	NA	NA	NA	NA	NA	NA	NA	1000
E771	36.736	-121.968	E771	ML11	NA	Line13	night	oversat_arg	pelagic	upper100	waySouth	near	slope	10.3	110.7	11	1	13.836	33.822	263.9	2121.1	2255.8	7.7147	105.6757725	15.8	0.94	10.3	0.47	0.21	18.276	1.613798815	36.736	NA	NA	NA	NA	NA	NA	NA	NA	1000
E772.1B	36.736	-121.968	E772	ML11	NA	Line13	night	oversat_arg	surface	upper100	waySouth	near	slope	3.1	117.9	11	1.1	14.161	33.838	280.5	2057.5	2262.3	7.879	145.7614419	14.5	0.78	7.8	0.4	0.16	12.429	2.254064727	36.736	5.2	NA	NA	NA	NA	NA	NA	NA	1000
E772.2B	36.736	-121.968	E772	ML11	NA	Line13	night	oversat_arg	surface	upper100	waySouth	near	slope	3	118	11	1.1	14.16	33.838	280.5	2057.5	2262.3	7.879	145.7614419	14.5	0.78	7.8	0.4	0.16	12.158	2.254064727	36.736	5.2	NA	NA	NA	NA	NA	NA	NA	1000
E772.3B	36.736	-121.968	E772	ML11	NA	Line13	night	oversat_arg	surface	upper100	waySouth	near	slope	3.1	117.9	11	1.1	14.16	33.838	280.5	2057.5	2262.3	7.879	145.7614419	14.5	0.78	7.8	0.4	0.16	12.158	2.254064727	36.736	5.2	NA	NA	NA	NA	NA	NA	NA	1000
E773	35.631	-121.292	E773	CC73_3_50	NA	Line14	day	undersat_arg	benthic	upper100	waySouth	near	shelf	77.9	10.1	2.5	3.8	10.794	33.81	136.6	2167.4	2240.6	7.5537	75.00990784	22.2	1.71	20.1	0.18	0.01	27.504	1.075712045	35.631	NA	NA	NA	NA	NA	NA	NA	NA	1000
E774	35.631	-121.292	E774	CC73_3_50	NA	Line14	day	oversat_arg	pelagic	upper100	waySouth	near	shelf	39.4	48.6	2.5	3.9	11.899	33.723	173.9	2133.5	2237.1	7.6445	90.72551626	15.9	1.36	14.7	0.42	0.15	35.517	1.323153936	35.631	NA	NA	NA	NA	NA	NA	NA	NA	1000
E775	35.632	-121.292	E775	CC73_3_50	NA	Line14	day	oversat_arg	surface	upper100	waySouth	near	shelf	3.4	84.6	2.5	4.1	13.964	33.671	244.8	2065.7	2242.3	7.8351	132.018749	8	0.65	4.9	0.29	0.23	31.645	1.985687453	35.632	4.7	NA	NA	NA	NA	NA	NA	NA	1000
E780	35.476	-121.613	E780	CC73_3_55	NA	Line14	day	undersat_arg	pelagic	upper100	waySouth	offshore	slope	99.7	891.3	20	6.9	9.997	33.915	111.6	2188.7	2247.4	7.4992	68.06129247	25.9	1.94	23.4	0.01	0	14.969	0.966667971	35.476	NA	NA	NA	NA	NA	NA	NA	NA	1000
E781	35.475	-121.614	E781	CC73_3_55	NA	Line14	day	oversat_arg	surface	upper100	waySouth	offshore	slope	3.7	987.3	20	7.2	14.332	33.684	241.5	2059.2	2240.6	7.8478	138.7022235	5.7	0.56	4.3	0.22	0.45	34.364	2.033589142	35.475	3.7	NA	NA	NA	NA	NA	NA	NA	1000
E784	35.31	-121.964	E784	CC73_3_60	NA	Line14	day	undersat_arg	pelagic	upper100	waySouth	offshore	slope	99.7	2370.3	45	11.2	9.681	33.964	105.9	2198.5	2250.6	7.4811	65.78073606	29	2.11	25.2	0.06	0.03	4.277	0.921747994	35.31	NA	NA	NA	NA	NA	NA	NA	NA	1000
E785	35.309	-121.965	E785	CC73_3_60	NA	Line14	day	oversat_arg	surface	upper100	waySouth	offshore	slope	4.5	2465.5	45	11.5	15.395	33.63	258.2	2037.9	2240.5	7.8844	149.0452467	4.1	0.55	1.5	0.1	0.22	16.272	2.242891314	35.309	1.1	NA	NA	NA	NA	NA	NA	NA	1000
E788.1B	34.974	-122.668	E788	CC73_3_70	NA	Line14	night	oversat_arg	surface	upper100	waySouth	offshore	plain	3.2	4049.8	92	4.5	15.055	33.658	261.8	2057.6	2248.3	7.8615	144.2013983	2	0.78	5.5	0.22	0.49	5.925	2.131234404	34.974	0.6	NA	NA	NA	NA	NA	NA	NA	1000
E788.2B	34.974	-122.668	E788	CC73_3_70	NA	Line14	night	oversat_arg	surface	upper100	waySouth	offshore	plain	3.4	4049.6	92	4.5	15.054	33.659	261.8	2057.6	2248.3	7.8615	144.2013983	2	0.78	5.5	0.22	0.49	5.58	2.131234404	34.974	0.6	NA	NA	NA	NA	NA	NA	NA	1000
E788.3B	34.974	-122.668	E788	CC73_3_70	NA	Line14	night	oversat_arg	surface	upper100	waySouth	offshore	plain	2.8	4050.2	92	4.5	15.052	33.658	261.8	2057.6	2248.3	7.8615	144.2013983	2	0.78	5.5	0.22	0.49	5.925	2.131234404	34.974	0.6	NA	NA	NA	NA	NA	NA	NA	1000
E789	34.975	-122.668	E789	CC73_3_70	NA	Line14	night	oversat_arg	pelagic	upper100	waySouth	offshore	plain	30.4	4022.6	92	4.4	14.933	33.691	256.4	2074.6	2245.3	7.8223	133.0755139	3.2	0.91	7.1	0.28	1.01	7.26	1.934934138	34.975	NA	NA	NA	NA	NA	NA	NA	NA	1000
E792	34.642	-123.369	E792	CC73_3_80	NA	Line14	day	oversat_arg	surface	upper100	waySouth	offshore	plain	3.7	4138.3	140	5.9	14.148	32.825	261.9	2016.7	2204.3	7.8632	135.889054	1.7	0.59	1.9	0.11	0.24	3.328	2.087939978	34.642	0.4	NA	NA	NA	NA	NA	NA	NA	1000
E400	33.817	-121.844	E400	CC80_70	NA	Line15	day	undersat_arg	benthic	deep	waySouth	offshore	plain	3617	10	90	1.4	1.546	34.673	127.8	2353.3	2454.1	7.5364	73.4734413	171.1	2.77	37.5	0.03	0.04	1.123	0.60581179	33.817	NA	NA	NA	NA	NA	NA	NA	NA	1000
E798	33.816	-121.846	E798	CC80_70	NA	Line15	day	oversat_arg	surface	upper100	waySouth	offshore	plain	3.3	3623.7	90	3.3	15.115	33.501	260.1	2042.5	2229	7.8749	143.4760539	1.3	0.58	3.6	0.19	0.36	NA	2.087379923	33.816	0.5	NA	NA	NA	NA	NA	NA	NA	1000
E800	34.151	-121.152	E800	CC80_60	NA	Line15	day	undersat_arg	pelagic	upper100	waySouth	offshore	plain	98.4	2089.6	44	9	9.656	33.915	123.9	2185.8	2238.5	7.5187	72.94117116	26.5	1.88	23.6	0.03	0.02	NA	0.921301936	34.151	NA	NA	NA	NA	NA	NA	NA	NA	1000
E801	34.151	-121.152	E801	CC80_60	NA	Line15	day	oversat_arg	surface	upper100	waySouth	offshore	plain	3.9	2184.1	44	9.3	15.813	33.533	257.6	2028.9	2235.3	7.9081	157.725905	2.6	0.47	0.1	0.04	0.06	4.212	2.284208206	34.151	2	NA	NA	NA	NA	NA	NA	NA	1000
E804	34.209	-121.024	E804	CC80_57	NA	Line15	day	undersat_arg	pelagic	upper100	waySouth	offshore	slope	99.9	917.1	36	11.6	9.723	33.95	114.1	2189.8	2244	7.5028	70.10454223	27.1	1.92	23.8	0.04	0.02	34.782	0.933647803	34.209	NA	NA	NA	NA	NA	NA	NA	NA	1000
E805	34.209	-121.024	E805	CC80_57	NA	Line15	day	oversat_arg	surface	upper100	waySouth	offshore	slope	4.3	1012.7	36	11.8	15.466	33.602	265.4	1995.4	2238	7.9749	172.9964869	0.9	0.24	0	0.03	0.02	45.842	2.623243442	34.209	8	NA	NA	NA	NA	NA	NA	NA	1000
E809.1B	34.316	-120.805	E809	CCE2	NA	Line15	night	undersat_arg	pelagic	upper100	waySouth	offshore	slope	99.7	729.3	22	0.2	9.883	33.908	120.1	2182.4	2239.8	7.5152	65.46803349	26.1	1.9	22.8	0.03	0.07	23.734	0.954361336	34.316	NA	NA	NA	NA	NA	NA	NA	NA	1000
E809.2T	34.316	-120.805	E809	CCE2	NA	Line15	night	undersat_arg	pelagic	upper100	waySouth	offshore	slope	99.5	729.5	22	0.2	9.884	33.907	120.1	2182.4	2239.8	7.5152	65.46803349	26.1	1.9	22.8	0.03	0.07	24.824	0.954361336	34.316	NA	NA	NA	NA	NA	NA	NA	NA	1000
E809.3T	34.316	-120.805	E809	CCE2	NA	Line15	night	undersat_arg	pelagic	upper100	waySouth	offshore	slope	99.5	729.5	22	0.2	9.884	33.907	120.1	2182.4	2239.8	7.5152	65.46803349	26.1	1.9	22.8	0.03	0.07	24.824	0.954361336	34.316	NA	NA	NA	NA	NA	NA	NA	NA	1000
E810.1B	34.316	-120.805	E810	CCE2	NA	Line15	night	oversat_arg	surface	upper100	waySouth	offshore	slope	3.4	825.6	22	0.5	15.009	33.601	282.4	2012.2	2239.2	7.9354	197.5223946	1.7	0.33	0.1	0.03	0.09	11.051	2.468735295	34.316	NA	NA	NA	NA	NA	NA	NA	NA	1000
E810.2B	34.316	-120.805	E810	CCE2	NA	Line15	night	oversat_arg	surface	upper100	waySouth	offshore	slope	3.5	825.5	22	0.5	15.009	33.601	282.4	2012.2	2239.2	7.9354	197.5223946	1.7	0.33	0.1	0.03	0.09	11.627	2.468735295	34.316	NA	NA	NA	NA	NA	NA	NA	NA	1000
E810.3B	34.316	-120.805	E810	CCE2	NA	Line15	night	oversat_arg	surface	upper100	waySouth	offshore	slope	3.9	825.1	22	0.5	15.011	33.601	282.4	2012.2	2239.2	7.9354	197.5223946	1.7	0.33	0.1	0.03	0.09	11.051	2.468735295	34.316	NA	NA	NA	NA	NA	NA	NA	NA	1000
E811.1B	34.448	-120.523	E811	CC80_51	NA	Line15	night	undersat_arg	benthic	upper100	waySouth	near	shelf	66.2	9.8	3	8	10.568	33.762	143	2157.4	2233.4	7.5695	78.60678819	20.2	1.64	19	0.1	0.03	102.809	1.094108518	34.448	NA	NA	NA	NA	NA	NA	NA	NA	1000
E811.2B	34.448	-120.523	E811	CC80_51	NA	Line15	night	undersat_arg	benthic	upper100	waySouth	near	shelf	66.4	9.6	3	8	10.568	33.762	143	2157.4	2233.4	7.5695	78.60678819	20.2	1.64	19	0.1	0.03	103.578	1.094108518	34.448	NA	NA	NA	NA	NA	NA	NA	NA	1000
E811.3B	34.448	-120.523	E811	CC80_51	NA	Line15	night	undersat_arg	benthic	upper100	waySouth	near	shelf	66.3	9.7	3	8	10.567	33.763	142.7	2157.4	2233.4	7.5695	78.60678819	20.2	1.64	19	0.1	0.03	102.809	1.094108518	34.448	NA	NA	NA	NA	NA	NA	NA	NA	1000
E812	34.448	-120.523	E812	CC80_51	NA	Line15	night	undersat_arg	benthic	upper100	waySouth	near	shelf	60.1	15.9	3	8	10.563	33.763	142.5	2156.5	2232.5	7.5667	77.88180901	20.5	1.66	19.1	0.11	0.04	110.594	1.095020276	34.448	NA	NA	NA	NA	NA	NA	NA	NA	1000
E813.1B	34.448	-120.524	E813	CC80_51	NA	Line15	night	undersat_arg	pelagic	upper100	waySouth	near	shelf	40.5	35.5	3	8.1	10.779	33.727	147.7	2151.4	2230.8	7.5823	82.95946023	19.1	1.59	18.2	0.12	0.04	121.554	1.125370991	34.448	NA	NA	NA	NA	NA	NA	NA	NA	1000
E813.2B	34.448	-120.524	E813	CC80_51	NA	Line15	night	undersat_arg	pelagic	upper100	waySouth	near	shelf	40.6	35.4	3	8.1	10.772	33.729	147.7	2151.4	2230.8	7.5823	82.95946023	19.1	1.59	18.2	0.12	0.04	121.554	1.125370991	34.448	NA	NA	NA	NA	NA	NA	NA	NA	1000
E813.3B	34.448	-120.524	E813	CC80_51	NA	Line15	night	undersat_arg	pelagic	upper100	waySouth	near	shelf	40.7	35.3	3	8.1	10.772	33.729	147.7	2151.4	2230.8	7.5823	82.95946023	19.1	1.59	18.2	0.12	0.04	121.554	1.125370991	34.448	NA	NA	NA	NA	NA	NA	NA	NA	1000
E814.1B	34.448	-120.524	E814	CC80_51	NA	Line15	night	oversat_arg	surface	upper100	waySouth	near	shelf	3.2	72.8	3	8.3	15.359	33.585	259.2	2024.6	2236.4	7.9164	156.7539705	2.4	0.4	0.6	0.08	0.08	298.271	2.328508343	34.448	5	NA	NA	NA	NA	NA	NA	NA	1000
E814.2B	34.448	-120.524	E814	CC80_51	NA	Line15	night	oversat_arg	surface	upper100	waySouth	near	shelf	3.2	72.8	3	8.3	15.336	33.586	259.2	2024.6	2236.4	7.9164	156.7539705	2.4	0.4	0.6	0.08	0.08	298.271	2.328181478	34.448	5	NA	NA	NA	NA	NA	NA	NA	1000
E814.3B	34.448	-120.524	E814	CC80_51	NA	Line15	night	oversat_arg	surface	upper100	waySouth	near	shelf	3.3	72.7	3	8.3	15.338	33.586	259.2	2024.6	2236.4	7.9164	156.7539705	2.4	0.4	0.6	0.08	0.08	298.271	2.328127839	34.448	5	NA	NA	NA	NA	NA	NA	NA	1000
E819	34.375	-120.663	E819	CC80_54	NA	Line15	day	oversat_arg	surface	upper100	waySouth	near	slope	3.3	457.7	13	0.6	14.523	33.587	251.1	2045	2234.9	7.873	139.7689212	3.6	0.51	1.7	0.1	0.16	167.395	2.112603706	34.375	6.9	NA	NA	NA	NA	NA	NA	NA	1000
E822	34.412	-120.579	E822	CC80_52	NA	Line15	day	undersat_arg	pelagic	upper100	waySouth	near	slope	99	159	7	2.1	10.398	33.79	137.9	2164.4	2235.9	7.5523	76.65736406	21.5	1.7	19.9	0.05	0.04	51.588	1.054820258	34.412	NA	NA	NA	NA	NA	NA	NA	NA	1000
E823	34.412	-120.579	E823	CC80_52	NA	Line15	day	oversat_arg	surface	upper100	waySouth	near	slope	3.3	254.7	7	2.5	14.399	33.576	239.4	2048.7	2236.7	7.8526	136.6216101	4.4	0.59	2.4	0.19	0.21	371.677	2.094457463	34.412	5.4	NA	NA	NA	NA	NA	NA	NA	1000
E824	34.471	-120.492	E824	CC80_50_5	NA	Line15	day	oversat_arg	benthic	upper100	waySouth	near	shelf	22.1	9.9	1	4.1	13.893	33.569	226.9	2058.4	2231.9	7.8297	132.2039832	5.3	0.66	3.4	0.22	0.37	566.671	1.947100584	34.471	NA	NA	NA	NA	NA	NA	NA	NA	1000
E825	34.471	-120.492	E825	CC80_50_5	NA	Line15	day	oversat_arg	pelagic	upper100	waySouth	near	shelf	14.5	17.5	1	4.2	14.469	33.573	237.1	2060.1	2234.2	7.8309	131.3456029	5.4	0.67	3.3	0.22	0.39	579.367	1.962971228	34.471	3.6	NA	NA	NA	NA	NA	NA	NA	1000
E826	34.471	-120.492	E826	CC80_50_5	NA	Line15	day	oversat_arg	surface	upper100	waySouth	near	shelf	3.4	28.6	1	4.2	16.933	33.596	281.6	1988.3	2237.6	7.9878	172.8926523	0.9	0.23	0.1	0.03	0.05	170.068	2.709922369	34.471	1.9	NA	NA	NA	NA	NA	NA	NA	1000
E829	34.381	-120.284	E829	SB2	NA	Line16	day	undersat_arg	pelagic	deep	waySouth	near	slope	248.3	39.7	5	11.9	9.088	34.128	70	2236.8	2262.7	7.414	57.81133496	37.9	2.36	27.6	0.02	0.02	72.504	0.740552474	34.381	NA	NA	NA	NA	NA	NA	NA	NA	1000
E831	34.381	-120.284	E831	SB2	NA	Line16	day	undersat_arg	pelagic	upper100	waySouth	near	slope	99.3	188.7	5	12.1	10.387	33.795	137.1	2166.5	2238.9	7.5529	77.87853698	14.6	1.34	13.7	0.14	0.02	31.227	1.061803444	34.381	NA	NA	NA	NA	NA	NA	NA	NA	1000
E832	34.381	-120.284	E832	SB2	NA	Line16	day	oversat_arg	pelagic	upper100	waySouth	near	slope	29.5	258.5	5	12.2	12.575	33.566	207.7	2100.2	NA	7.7193	104.2229721	9.3	1.01	8	0.21	0.04	8.119	NA	34.381	NA	NA	NA	NA	NA	NA	NA	NA	1000
E833	34.381	-120.284	E833	SB2	NA	Line16	day	oversat_arg	surface	upper100	waySouth	near	slope	3.6	284.4	5	12.3	16.987	33.562	274.7	2012.9	2238.1	7.9369	166.7335496	2.4	0.3	0	0.02	0.03	92.351	2.480213936	34.381	1.7	NA	NA	NA	NA	NA	NA	NA	1000
E840	34.312	-120.126	E840	SB3	NA	Line16	night	undersat_arg	pelagic	deep	waySouth	near	slope	199	325	11	0.2	9.292	34.072	85.8	2220.6	2251	7.4472	62.18590431	33.5	2.18	26.1	0.01	0.03	34.197	0.770435677	34.312	NA	NA	NA	NA	NA	NA	NA	NA	1000
E841	34.312	-120.126	E841	SB3	NA	Line16	night	undersat_arg	pelagic	upper100	waySouth	near	slope	99.8	424.2	11	0.4	9.925	33.898	125.2	2182.3	2241	7.5213	70.86584371	25.3	1.84	22.1	0.01	0.02	18.544	0.963848594	34.312	NA	NA	NA	NA	NA	NA	NA	NA	1000
E843	34.312	-120.126	E843	SB3	NA	Line16	night	oversat_arg	surface	upper100	waySouth	near	slope	3.3	520.7	11	0.6	18.768	33.586	283.5	1969	2236.7	8.0179	194.3226181	0.6	0.17	0	0	0.02	17.708	2.918724026	34.312	0.9	NA	NA	NA	NA	NA	NA	NA	1000
E846	34.276	-120.021	E846	SB4	NA	Line16	night	oversat_arg	pelagic	deep	waySouth	near	slope	520.8	55.2	11	2.3	6.641	34.248	3.7	2337.3	NA	7.2714	46.23714036	99.1	3.56	24.2	0.02	0.02	3.475	NA	34.276	NA	NA	NA	NA	NA	NA	NA	NA	1000
E852	34.276	-120.021	E852	SB4	NA	Line16	night	undersat_arg	pelagic	deep	waySouth	near	slope	199.1	376.9	11	2.8	8.939	34.161	62.3	2243.9	2268	7.4029	57.01245956	40.6	2.42	28.4	0.05	0.02	27.799	0.73877866	34.276	NA	NA	NA	NA	NA	NA	NA	NA	1000
E853	34.276	-120.021	E853	SB4	NA	Line16	night	undersat_arg	pelagic	upper100	waySouth	near	slope	100	476	11	2.9	9.974	33.888	123.8	2182.6	2236.7	7.5269	67.88585441	25.9	1.85	22	0.03	0.02	11.093	0.932143361	34.276	NA	NA	NA	NA	NA	NA	NA	NA	1000
E854	34.276	-120.021	E854	SB4	NA	Line16	night	oversat_arg	pelagic	upper100	waySouth	near	slope	30.4	545.6	11	3.1	14.849	33.562	236.3	2071.9	NA	7.8059	123.9587011	6.4	0.71	3.9	0.07	0.42	8.405	NA	34.276	NA	NA	NA	NA	NA	NA	NA	NA	1000
E855	34.276	-120.021	E855	SB4	NA	Line16	night	oversat_arg	surface	upper100	waySouth	near	slope	3.4	572.6	11	3.2	18.091	33.597	275.3	1973.5	2236.2	8.0138	187.4141474	0.7	0.16	0	0.03	0.01	5.513	2.857741901	34.276	1.6	NA	NA	NA	NA	NA	NA	NA	1000
E860.1B	34.078	-119.557	E860	SCORP	NA	Line16	night	undersat_arg	benthic	upper100	waySouth	offshore	shelf	78.7	10.3	18	8.4	10.493	33.797	132.4	2162.5	2232.9	7.5616	78.26457767	20.7	1.43	14.8	0.16	0.02	16.84	1.0504168	34.078	NA	NA	NA	NA	NA	NA	NA	NA	1000
E860.2B	34.078	-119.557	E860	SCORP	NA	Line16	night	undersat_arg	benthic	upper100	waySouth	offshore	shelf	78.8	10.2	18	8.4	10.487	33.798	132.4	2162.5	2232.9	7.5616	78.26457767	20.7	1.43	14.8	0.16	0.02	18.31	1.0504168	34.078	NA	NA	NA	NA	NA	NA	NA	NA	1000
E860.3B	34.078	-119.557	E860	SCORP	NA	Line16	night	undersat_arg	benthic	upper100	waySouth	offshore	shelf	78.9	10.1	18	8.4	10.487	33.798	132.4	2162.5	2232.9	7.5616	78.26457767	20.7	1.43	14.8	0.16	0.02	16.84	1.0504168	34.078	NA	NA	NA	NA	NA	NA	NA	NA	1000
E861.1B	34.077	-119.558	E861	SCORP	NA	Line16	night	oversat_arg	pelagic	upper100	waySouth	offshore	shelf	30.4	58.6	18	8.5	16.886	33.505	267.9	2027.6	NA	7.902	152.3664166	2.5	0.23	0	0	0.02	6.248	NA	34.077	NA	NA	NA	NA	NA	NA	NA	NA	1000
E861.2B	34.077	-119.558	E861	SCORP	NA	Line16	night	oversat_arg	pelagic	upper100	waySouth	offshore	shelf	30.3	58.7	18	8.5	16.872	33.521	267.9	2027.6	NA	7.902	152.3664166	2.5	0.23	0	0	0.02	6.248	NA	34.077	NA	NA	NA	NA	NA	NA	NA	NA	1000
E861.3B	34.077	-119.558	E861	SCORP	NA	Line16	night	oversat_arg	pelagic	upper100	waySouth	offshore	shelf	30.3	58.7	18	8.5	16.973	33.526	267.9	2027.6	NA	7.902	152.3664166	2.5	0.23	0	0	0.02	6.248	NA	34.077	2.9	NA	NA	NA	NA	NA	NA	NA	1000
E862.1B	34.077	-119.558	E862	SCORP	NA	Line16	night	oversat_arg	surface	upper100	waySouth	offshore	shelf	3.3	85.7	18	8.7	19.588	33.592	266.6	1979.5	2236	8.0087	180.5626177	0.6	0.16	0	0	0.02	7.706	2.822196459	34.077	0.9	NA	NA	NA	NA	NA	NA	NA	1000
E862.2B	34.077	-119.558	E862	SCORP	NA	Line16	night	oversat_arg	surface	upper100	waySouth	offshore	shelf	3.3	85.7	18	8.7	19.589	33.592	266.6	1979.5	2236	8.0087	180.5626177	0.6	0.16	0	0	0.02	7.15	2.822196459	34.077	0.9	NA	NA	NA	NA	NA	NA	NA	1000
E862.3B	34.077	-119.558	E862	SCORP	NA	Line16	night	oversat_arg	surface	upper100	waySouth	offshore	shelf	3.2	85.8	18	8.7	19.589	33.592	266.6	1979.5	2236	8.0087	180.5626177	0.6	0.16	0	0	0.02	7.15	2.822196459	34.077	0.9	NA	NA	NA	NA	NA	NA	NA	1000
E866	34.159	-119.717	E866	SB5	NA	Line16	day	undersat_arg	pelagic	upper100	waySouth	offshore	slope	99.7	253.3	20	0.8	9.936	33.89	123.5	2184.2	2245.4	7.5237	72.42352047	25.7	1.83	22	0.03	0.01	13.802	0.98229381	34.159	NA	NA	NA	NA	NA	NA	NA	NA	1000
E867	34.159	-119.717	E867	SB5	NA	Line16	day	oversat_arg	pelagic	upper100	waySouth	offshore	slope	20.3	332.7	20	1.1	18.286	33.578	272.7	2024.9	2239.3	7.9049	160.9506479	1.3	0.25	0.1	0.03	0.01	10.458	2.388968173	34.159	1.3	NA	NA	NA	NA	NA	NA	NA	1000
E868	34.16	-119.717	E868	SB5	NA	Line16	day	oversat_arg	surface	upper100	waySouth	offshore	slope	3.5	349.5	20	1.2	18.517	33.581	271.8	1984.9	2239.5	7.9978	182.0817008	0.5	0.16	0	0.02	0.01	5.947	2.787846615	34.16	1.1	NA	NA	NA	NA	NA	NA	NA	1000
E869	34.38	-119.85	E869	La_Goleta	NA	LineNA	day	oversat_arg	surface	upper100	waySouth	near	shelf	0	60.46	2	3.5	NA	NA	NA	NA	NA	8	NA	NA	NA	NA	NA	NA	3216.58	NA	34.38	NA	NA	NA	NA	NA	NA	NA	NA	1000
E870	34.38	-119.85	E870	La_Goleta	NA	LineNA	day	oversat_arg	surface	upper100	waySouth	near	shelf	0	60.46	2	3.7	NA	NA	NA	NA	NA	NA	NA	NA	NA	NA	NA	NA	3216.58	NA	34.38	NA	NA	NA	NA	NA	NA	NA	NA	1000
E871	34.38	-119.85	E871	La_Goleta	NA	LineNA	day	oversat_arg	pelagic	upper100	waySouth	near	shelf	5.2	55.26	2	4.2	16.07	33.45	NA	NA	NA	NA	NA	NA	NA	NA	NA	NA	492.68	NA	34.38	NA	NA	NA	NA	NA	NA	NA	NA	1000
E856	33.993	-119.371	E856	Anacapa	NA	Line16	day	undersat_arg	benthic	upper100	waySouth	near	shelf	81.9	10.1	13	9.6	10.322	33.771	144.4	2151.6	2235.1	7.5864	81.11795174	18.6	1.55	18	0.04	0.04	4.935	1.14430607	33.993	NA	NA	NA	NA	NA	NA	NA	NA	1000
E857	33.993	-119.371	E857	Anacapa	NA	Line16	day	oversat_arg	pelagic	upper100	waySouth	near	shelf	59.1	32.9	13	9.6	11.068	33.588	171.8	2129.5	2229.5	7.6296	86.7303874	14.1	1.33	14.7	0.03	0.01	5.21	1.281028792	33.993	NA	NA	NA	NA	NA	NA	NA	NA	1000
E858	33.993	-119.371	E858	Anacapa	NA	Line16	day	oversat_arg	pelagic	upper100	waySouth	near	shelf	29.6	62.4	13	9.7	13.912	33.502	247.4	2052	2233.3	7.837	136.533843	2.6	0.44	0.6	0.04	0.01	5.156	2.017005279	33.993	1.1	NA	NA	NA	NA	NA	NA	NA	1000
E859	33.993	-119.371	E859	Anacapa	NA	Line16	day	oversat_arg	surface	upper100	waySouth	near	shelf	3.3	88.7	13	9.8	19.517	33.537	262.4	1996.5	2237.6	7.9665	167.1096243	0.8	0.2	0	0.02	0.01	4.582	2.67417149	33.993	0.9	NA	NA	NA	NA	NA	NA	NA	1000
E872.1B	33.484	-117.768	E872	CC90_28	NA	Line17	night	oversat_arg	benthic	upper100	waySouth	near	shelf	53.4	9.6	2	5.1	10.909	33.655	159.3	2140.3	2233.9	7.6053	85.58482991	15.4	1.42	16.4	0.08	0.05	9.089	1.232457412	33.484	NA	NA	NA	NA	NA	NA	NA	NA	1000
E872.2B	33.484	-117.768	E872	CC90_28	NA	Line17	night	oversat_arg	benthic	upper100	waySouth	near	shelf	53.3	9.7	2	5.1	10.909	33.656	159.3	2140.3	2233.9	7.6053	85.58482991	15.4	1.42	16.4	0.08	0.05	7.852	1.232457412	33.484	NA	NA	NA	NA	NA	NA	NA	NA	1000
E872.3B	33.484	-117.768	E872	CC90_28	NA	Line17	night	oversat_arg	benthic	upper100	waySouth	near	shelf	53.2	9.8	2	5.1	10.91	33.655	159.3	2140.3	2233.9	7.6053	85.58482991	15.4	1.42	16.4	0.08	0.05	9.089	1.232457412	33.484	NA	NA	NA	NA	NA	NA	NA	NA	1000
E873.1B	33.484	-117.768	E873	CC90_28	NA	Line17	night	oversat_arg	pelagic	upper100	waySouth	near	shelf	26.3	36.7	2	5.2	13.671	33.42	251.7	2056.6	2230.7	7.8256	NA	3.6	0.59	2.2	0.12	0.4	12.184	1.95094867	33.484	1.4	NA	NA	NA	NA	NA	NA	NA	1000
E873.2B	33.484	-117.768	E873	CC90_28	NA	Line17	night	oversat_arg	pelagic	upper100	waySouth	near	shelf	26.2	36.8	2	5.2	13.67	33.419	251.7	2056.6	2230.7	7.8256	NA	3.6	0.59	2.2	0.12	0.4	12.184	1.95094867	33.484	1.4	NA	NA	NA	NA	NA	NA	NA	1000
E873.3B	33.484	-117.768	E873	CC90_28	NA	Line17	night	oversat_arg	pelagic	upper100	waySouth	near	shelf	26.3	36.7	2	5.2	13.67	33.419	251.7	2056.6	2230.7	7.8256	130.8922515	3.6	0.59	2.2	0.12	0.4	12.184	1.95094867	33.484	1.4	NA	NA	NA	NA	NA	NA	NA	1000
E874.1B	33.484	-117.768	E874	CC90_28	NA	Line17	night	oversat_arg	surface	upper100	waySouth	near	shelf	3	60	2	5.3	21.479	33.529	264.4	1984.3	2242.3	7.9989	175.9117046	0.8	0.22	0	0.01	0.05	25.377	2.8756482	33.484	1	NA	NA	NA	NA	NA	NA	NA	1000
E874.2B	33.484	-117.768	E874	CC90_28	NA	Line17	night	oversat_arg	surface	upper100	waySouth	near	shelf	3.1	59.9	2	5.3	21.479	33.529	264.4	1984.3	2242.3	7.9989	175.9117046	0.8	0.22	0	0.01	0.05	40.412	2.8756482	33.484	1	NA	NA	NA	NA	NA	NA	NA	1000
E874.3B	33.484	-117.768	E874	CC90_28	NA	Line17	night	oversat_arg	surface	upper100	waySouth	near	shelf	3.2	59.8	2	5.3	21.482	33.529	264.4	1984.3	2242.3	7.9989	175.9117046	0.8	0.22	0	0.01	0.05	40.412	2.8756482	33.484	1	NA	NA	NA	NA	NA	NA	NA	1000
E875	33.491	-117.751	E875	CC90_27_7	NA	Line17	day	oversat_arg	benthic	upper100	waySouth	near	shelf	31.5	10.5	0.5	1.8	12.606	33.514	206.5	2099.3	2244	7.7485	111.1724287	7.6	0.93	6.8	0.5	2.02	26.563	1.680256663	33.491	NA	NA	NA	NA	NA	NA	NA	NA	1000
E876	33.491	-117.751	E876	CC90_27_7	NA	Line17	day	oversat_arg	surface	upper100	waySouth	near	shelf	3.1	38.9	0.5	2	21.343	33.529	273.6	1986.1	2243.1	7.9934	178.4843915	0.4	0.22	0	0.01	0.06	41.782	2.863882674	33.491	1.5	NA	NA	NA	NA	NA	NA	NA	1000
E880	33.417	-117.905	E880	CC90_30	NA	Line17	day	undersat_arg	pelagic	upper100	waySouth	near	slope	98.5	514.5	11	4.5	10.332	33.873	131.7	2169.2	2246	7.5543	76.79496115	21.6	1.71	20.3	0.01	0.04	3.642	1.095221084	33.417	NA	NA	NA	NA	NA	NA	NA	NA	1000
E881	33.417	-117.905	E881	CC90_30	NA	Line17	day	oversat_arg	surface	upper100	waySouth	near	slope	3.2	609.8	11	4.9	21.647	33.565	247.7	1992.7	2241.2	7.9792	174.0880218	0.5	0.2	0	0	0.04	3.742	2.782924935	33.417	NA	NA	NA	NA	NA	NA	NA	NA	1000
E885.1B	33.251	-118.249	E885	CC90_35	NA	Line17	day	oversat_arg	pelagic	upper100	waySouth	offshore	slope	99.5	225.5	34	12.5	11.123	33.607	170.7	2133.6	2227.4	7.6256	88.81055222	13.7	1.35	15.5	0.01	0.03	4.277	1.222978867	33.251	NA	NA	NA	NA	NA	NA	NA	NA	1000
E885.2T	33.251	-118.249	E885	CC90_35	NA	Line17	day	oversat_arg	pelagic	upper100	waySouth	offshore	slope	99.7	225.3	34	12.5	11.115	33.61	170.7	2133.6	2227.4	7.6256	88.81055222	13.7	1.35	15.5	0.01	0.03	4.277	1.222978867	33.251	NA	NA	NA	NA	NA	NA	NA	NA	1000
E885.3T	33.251	-118.249	E885	CC90_35	NA	Line17	day	oversat_arg	pelagic	upper100	waySouth	offshore	slope	99.7	225.3	34	12.5	11.115	33.61	170.7	2133.6	2227.4	7.6256	88.81055222	13.7	1.35	15.5	0.01	0.03	4.277	1.222978867	33.251	NA	NA	NA	NA	NA	NA	NA	NA	1000
E886.1B	33.251	-118.249	E886	CC90_35	NA	Line17	day	oversat_arg	surface	upper100	waySouth	offshore	slope	4.2	320.8	34	12.7	20.691	33.47	240	2012	2231.6	7.9376	162.1437885	0.7	0.27	0	0	0.03	3.542	2.481604897	33.251	0.3	NA	NA	NA	NA	NA	NA	NA	1000
E886.2B	33.251	-118.249	E886	CC90_35	NA	Line17	day	oversat_arg	surface	upper100	waySouth	offshore	slope	4.4	320.6	34	12.7	20.688	33.471	240	2012	2231.6	7.9376	162.1437885	0.7	0.27	0	0	0.03	3.596	2.481604897	33.251	0.3	NA	NA	NA	NA	NA	NA	NA	1000
E886.3B	33.251	-118.249	E886	CC90_35	NA	Line17	day	oversat_arg	surface	upper100	waySouth	offshore	slope	4.2	320.8	34	12.7	20.687	33.471	240	2012	2231.6	7.9376	162.1437885	0.7	0.27	0	0	0.03	3.596	2.481604897	33.251	0.3	NA	NA	NA	NA	NA	NA	NA	1000
E892	33.182	-118.387	E892	CC90_37	NA	Line17	night	oversat_arg	surface	upper100	waySouth	offshore	slope	3.7	1172.3	43	6.7	20.722	33.503	237.6	2014	2233.1	7.9362	164.1201426	0.8	0.24	0	0.02	0.05	3.356	2.477295057	33.182	0.3	NA	NA	NA	NA	NA	NA	NA	1000
E895	32.81	-119.151	E895	CC90_49	NA	Line17	day	undersat_arg	pelagic	upper100	waySouth	offshore	slope	99.1	730.9	95	6.5	9.541	33.964	103.9	2201.6	2250.2	7.4751	66.06650658	29.9	2.01	25.6	0.05	0.04	4.339	0.897960742	32.81	NA	NA	NA	NA	NA	NA	NA	NA	1000
E896	32.81	-119.151	E896	CC90_49	NA	Line17	day	oversat_arg	surface	upper100	waySouth	offshore	slope	3.6	826.4	95	6.8	18.827	33.802	246.7	2026.5	2251	7.9549	160.8064762	0.1	0.24	0	0.02	0.08	3.813	2.50054845	32.81	0.3	NA	NA	NA	NA	NA	NA	NA	1000
E901	32.65	-119.483	E901	CC90_53	NA	Line17	day	oversat_arg	surface	upper100	waySouth	offshore	slope	3.6	1317.4	117	14	18.861	33.635	244.4	2019.1	2241.9	7.9381	160.8186078	1	0.25	0	0.02	0.03	5.073	2.484436907	32.65	0.3	NA	NA	NA	NA	NA	NA	NA	1000
E903.1B	32.418	-119.96	E903	CC90_60	NA	Line17	night	undersat_arg	pelagic	upper100	waySouth	offshore	slope	99.2	792.8	150	7.6	10.359	33.581	178	2135.7	2222.6	7.6128	84.17268255	15.7	1.45	17.7	0.03	0.03	7.871	1.162851664	32.418	NA	NA	NA	NA	NA	NA	NA	NA	1000
E904.1B	32.417	-119.96	E904	CC90_60	NA	Line17	night	oversat_arg	surface	upper100	waySouth	offshore	slope	4.7	887.3	150	7.9	17.101	33.603	255.9	2021.1	2240.5	7.929	160.3489956	0.7	0.28	0.1	0.04	0.07	3.883	2.425532988	32.417	0.8	NA	NA	NA	NA	NA	NA	NA	1000
E904.2B	32.417	-119.96	E904	CC90_60	NA	Line17	night	oversat_arg	surface	upper100	waySouth	offshore	slope	3.7	888.3	150	7.9	17.098	33.603	255.9	2021.1	2240.5	7.929	160.3489956	0.7	0.28	0.1	0.04	0.07	4.052	2.425532988	32.417	0.8	NA	NA	NA	NA	NA	NA	NA	1000
E904.3B	32.417	-119.96	E904	CC90_60	NA	Line17	night	oversat_arg	surface	upper100	waySouth	offshore	slope	4.2	887.8	150	7.9	17.098	33.603	255.9	2021.1	2240.5	7.929	160.3489956	0.7	0.28	0.1	0.04	0.07	3.883	2.425532988	32.417	0.8	NA	NA	NA	NA	NA	NA	NA	1000
E907	32.084	-120.639	E907	CC90_70	NA	Line17	day	oversat_arg	surface	upper100	waySouth	offshore	plain	3.5	3807.5	195	12.8	16.336	33.478	256.2	2030.9	2231.7	7.9029	152.6882643	1.4	0.44	1.6	0.18	0.08	4.188	2.238011085	32.084	0.6	NA	NA	NA	NA	NA	NA	NA	1000
POSITIVE	NA	NA	POSITIVE	NA	positive	NA	NA	NA	NA	NA	NA	NA	NA	NA	NA	NA	NA	NA	NA	NA	NA	NA	NA	NA	NA	NA	NA	NA	NA	NA	NA	NA	NA	NA	NA	NA	NA	NA	NA	NA	NA
